620
  5.201698059591873e-01   1.371154519399232e-01  -5.010000000000001e-02
  5.201697227585351e-01   1.371174502085867e-01  -5.010000000000001e-02
  5.201696305277814e-01   1.371196377158523e-01  -5.010000000000001e-02
  5.201694312384050e-01   1.371221895087247e-01  -5.010000000000001e-02
  5.201691551699545e-01   1.371251097848530e-01  -5.010000000000001e-02
  5.201687470850562e-01   1.371283960660120e-01  -5.010000000000001e-02
  5.201681533074403e-01   1.371320409040329e-01  -5.010000000000001e-02
  5.201673576311842e-01   1.371360403790251e-01  -5.010000000000001e-02
  5.201663105630462e-01   1.371403827773026e-01  -5.010000000000001e-02
  5.201649634320653e-01   1.371450520474318e-01  -5.010000000000001e-02
  5.201632688067179e-01   1.371500278507702e-01  -5.010000000000001e-02
  5.201611589935682e-01   1.371552765653668e-01  -5.010000000000001e-02
  5.201586477293364e-01   1.371607931950578e-01  -5.010000000000001e-02
  5.201557038598645e-01   1.371665537279792e-01  -5.010000000000001e-02
  5.201523019168756e-01   1.371725348524720e-01  -5.010000000000001e-02
  5.201483973164055e-01   1.371786984285947e-01  -5.010000000000001e-02
  5.201439584153864e-01   1.371850095269613e-01  -5.010000000000002e-02
  5.201390196810150e-01   1.371914793165724e-01  -5.010000000000001e-02
  5.201335447334060e-01   1.371980676998112e-01  -5.010000000000002e-02
  5.201275295290682e-01   1.372047577718004e-01  -5.010000000000002e-02
  5.201209514540568e-01   1.372115160643563e-01  -5.010000000000002e-02
  5.201138386342908e-01   1.372183588649285e-01  -5.010000000000002e-02
  5.201061825634037e-01   1.372252665021643e-01  -5.010000000000002e-02
  5.200979769487442e-01   1.372322232228748e-01  -5.010000000000002e-02
  5.200892003483449e-01   1.372391927719084e-01  -5.010000000000002e-02
  5.200798942532033e-01   1.372462190470815e-01  -5.010000000000001e-02
  5.200700475189736e-01   1.372532817436631e-01  -5.010000000000001e-02
  5.200596254537327e-01   1.372603245435160e-01  -5.010000000000001e-02
  5.200486686942920e-01   1.372674007474832e-01  -5.010000000000001e-02
  5.200371779751318e-01   1.372745083653637e-01  -5.010000000000002e-02
  5.200251311342774e-01   1.372816078625624e-01  -5.010000000000001e-02
  5.200125289935501e-01   1.372886959757502e-01  -5.010000000000001e-02
  5.199993895975057e-01   1.372958019362794e-01  -5.010000000000001e-02
  5.199857055978644e-01   1.373029112176626e-01  -5.010000000000001e-02
  5.199714705614065e-01   1.373100102175633e-01  -5.010000000000001e-02
  5.199566899376307e-01   1.373171094091834e-01  -5.010000000000001e-02
  5.199413632623486e-01   1.373242079237784e-01  -5.010000000000001e-02
  5.199254829406926e-01   1.373312897375034e-01  -5.010000000000000e-02
  5.199090523187633e-01   1.373383632585224e-01  -5.010000000000001e-02
  5.198920711106173e-01   1.373454293667626e-01  -5.010000000000000e-02
  5.198745323259252e-01   1.373524728973943e-01  -5.010000000000001e-02
  5.198564365205896e-01   1.373594973190647e-01  -5.010000000000001e-02
  5.198377857178794e-01   1.373665106877304e-01  -5.010000000000001e-02
  5.198185764587078e-01   1.373735070488016e-01  -5.010000000000001e-02
  5.197988058164585e-01   1.373804821543117e-01  -5.010000000000000e-02
  5.197784733880653e-01   1.373874389907936e-01  -5.009999999999999e-02
  5.197575783633883e-01   1.373943798684419e-01  -5.009999999999999e-02
  5.197361092588645e-01   1.374012743134756e-01  -5.010000000000000e-02
  5.197140662039633e-01   1.374081256220059e-01  -5.010000000000001e-02
  5.196914530242955e-01   1.374149505383809e-01  -5.010000000000001e-02
  5.196682685036635e-01   1.374217512667162e-01  -5.010000000000001e-02
  5.196445113431107e-01   1.374285301004508e-01  -5.010000000000001e-02
  5.196201690093604e-01   1.374352485931760e-01  -5.010000000000000e-02
  5.195952395278852e-01   1.374419027872276e-01  -5.010000000000001e-02
  5.195697295686039e-01   1.374485231757002e-01  -5.010000000000001e-02
  5.195436376136954e-01   1.374551124807329e-01  -5.010000000000000e-02
  5.195169489815279e-01   1.374616180930416e-01  -5.010000000000000e-02
  5.194896649594266e-01   1.374680481828440e-01  -5.010000000000000e-02
  5.194617937305437e-01   1.374744449434007e-01  -5.010000000000000e-02
  5.194333255356289e-01   1.374807747386397e-01  -5.010000000000001e-02
  5.194042453062335e-01   1.374869715500363e-01  -5.010000000000001e-02
  5.193745729773655e-01   1.374931340857037e-01  -5.010000000000000e-02
  5.193442988848389e-01   1.374992264696981e-01  -5.010000000000000e-02
  5.193134002377708e-01   1.375051349405022e-01  -5.010000000000000e-02
  5.192819017086782e-01   1.375109918805989e-01  -5.010000000000000e-02
  5.192497837148768e-01   1.375167011173170e-01  -5.010000000000001e-02
  5.192170739359950e-01   1.375224225187672e-01  -5.010000000000001e-02
  5.191837785111854e-01   1.375282042021485e-01  -5.010000000000001e-02
  5.191498930468782e-01   1.375340333231899e-01  -5.010000000000001e-02
  5.191154196549591e-01   1.375399345497174e-01  -5.010000000000001e-02
  5.190803548260010e-01   1.375458998696908e-01  -5.010000000000001e-02
  5.190446948262337e-01   1.375519190668730e-01  -5.010000000000001e-02
  5.190084426006635e-01   1.375580213599596e-01  -5.010000000000001e-02
  5.189715919809964e-01   1.375641813426839e-01  -5.010000000000001e-02
  5.189341463042909e-01   1.375704299031327e-01  -5.010000000000001e-02
  5.188961000638227e-01   1.375767446861138e-01  -5.010000000000001e-02
  5.188574536212037e-01   1.375831379662371e-01  -5.010000000000001e-02
  5.188182042887071e-01   1.375896033538712e-01  -5.010000000000001e-02
  5.187783500062227e-01   1.375961375512396e-01  -5.010000000000001e-02
  5.187378906876738e-01   1.376027490167081e-01  -5.010000000000001e-02
  5.186968219013182e-01   1.376094188940578e-01  -5.010000000000001e-02
  5.186551459347900e-01   1.376161693027343e-01  -5.010000000000001e-02
  5.186128562803202e-01   1.376229673177256e-01  -5.009999999999999e-02
  5.185699573220702e-01   1.376298472313040e-01  -5.009999999999999e-02
  5.185264415040712e-01   1.376367681455917e-01  -5.009999999999999e-02
  5.184823143545425e-01   1.376437707900009e-01  -5.010000000000000e-02
  5.184375680083183e-01   1.376508107436892e-01  -5.010000000000000e-02
  5.183922081483314e-01   1.376579290301896e-01  -5.010000000000001e-02
  5.183462274467141e-01   1.376650829514377e-01  -5.010000000000000e-02
  5.182996306751030e-01   1.376723069939376e-01  -5.010000000000000e-02
  5.182524126703058e-01   1.376795706601244e-01  -5.010000000000000e-02
  5.182045756449715e-01   1.376868910378779e-01  -5.010000000000001e-02
  5.181561183958200e-01   1.376942618389415e-01  -5.010000000000000e-02
  5.181070387236701e-01   1.377016700844527e-01  -5.010000000000001e-02
  5.180573411588240e-01   1.377091460754698e-01  -5.010000000000001e-02
  5.180070168934287e-01   1.377166312264418e-01  -5.010000000000001e-02
  5.179560783170009e-01   1.377242077490570e-01  -5.010000000000001e-02
  5.179045083194596e-01   1.377317585137004e-01  -5.010000000000001e-02
  5.178523237818472e-01   1.377393960719084e-01  -5.010000000000001e-02
  5.177995132708086e-01   1.377470389914001e-01  -5.010000000000001e-02
  5.177460831560548e-01   1.377547278424382e-01  -5.010000000000001e-02
  5.176920341887860e-01   1.377624630274421e-01  -5.010000000000001e-02
  5.176373590631345e-01   1.377701884556220e-01  -5.010000000000001e-02
  5.175820722940862e-01   1.377780003071448e-01  -5.010000000000001e-02
  5.175261551305623e-01   1.377857580147695e-01  -5.010000000000001e-02
  5.174696253975971e-01   1.377935817759459e-01  -5.010000000000001e-02
  5.174124773722911e-01   1.378014211823086e-01  -5.010000000000001e-02
  5.173547079032945e-01   1.378092441992637e-01  -5.010000000000000e-02
  5.172963318261346e-01   1.378171493617885e-01  -5.010000000000000e-02
  5.172373291925524e-01   1.378249767502846e-01  -5.010000000000001e-02
  5.171777196358983e-01   1.378328613382458e-01  -5.010000000000001e-02
  5.171175004649485e-01   1.378407690831622e-01  -5.010000000000001e-02
  5.170566617447827e-01   1.378486101692710e-01  -5.010000000000001e-02
  5.169952241642485e-01   1.378565284383927e-01  -5.010000000000001e-02
  5.169331725254129e-01   1.378643884363378e-01  -5.010000000000001e-02
  5.168705155160187e-01   1.378722417220503e-01  -5.010000000000001e-02
  5.168072656828323e-01   1.378801693109359e-01  -5.010000000000001e-02
  5.167433992057057e-01   1.378879591414860e-01  -5.010000000000001e-02
  5.166789415432611e-01   1.378957973344671e-01  -5.010000000000001e-02
  5.166138945984578e-01   1.379036773580830e-01  -5.010000000000000e-02
  5.165482362299626e-01   1.379113913395259e-01  -5.010000000000000e-02
  5.164819972660104e-01   1.379191735331813e-01  -5.010000000000000e-02
  5.164151724381558e-01   1.379269527862670e-01  -5.010000000000000e-02
  5.163477483467885e-01   1.379345864498674e-01  -5.010000000000000e-02
  5.162797524253946e-01   1.379422848552828e-01  -5.009999999999999e-02
  5.162111769259781e-01   1.379499485289491e-01  -5.009999999999999e-02
  5.161420123904257e-01   1.379574615349952e-01  -5.010000000000000e-02
  5.160722858202642e-01   1.379650355921187e-01  -5.009999999999999e-02
  5.160019896547279e-01   1.379725652969553e-01  -5.009999999999999e-02
  5.159311135513269e-01   1.379799179625812e-01  -5.009999999999999e-02
  5.158596862415376e-01   1.379873278101918e-01  -5.009999999999999e-02
  5.157877036164985e-01   1.379947149769367e-01  -5.010000000000000e-02
  5.157151490551513e-01   1.380018748458542e-01  -5.010000000000000e-02
  5.156420551513248e-01   1.380090879384615e-01  -5.010000000000001e-02
  5.155684242622631e-01   1.380163338515810e-01  -5.010000000000000e-02
  5.154942248790366e-01   1.380232377296094e-01  -5.010000000000001e-02
  5.154194990240072e-01   1.380301905931813e-01  -5.010000000000001e-02
  5.153442513054810e-01   1.380371920135170e-01  -5.010000000000001e-02
  5.152684559804244e-01   1.380439038595540e-01  -5.010000000000001e-02
  5.151921400171494e-01   1.380505711394635e-01  -5.010000000000000e-02
  5.151153164129821e-01   1.380572827689924e-01  -5.009999999999999e-02
  5.150379676496016e-01   1.380637712288145e-01  -5.009999999999999e-02
  5.149601063908424e-01   1.380701249855275e-01  -5.010000000000000e-02
  5.148817527079620e-01   1.380765189258070e-01  -5.010000000000000e-02
  5.148028944886159e-01   1.380827304145910e-01  -5.010000000000001e-02
  5.147235355928457e-01   1.380887385592081e-01  -5.010000000000001e-02
  5.146437004572300e-01   1.380947827592394e-01  -5.010000000000000e-02
  5.145633802374497e-01   1.381006629018644e-01  -5.010000000000000e-02
  5.144825747162997e-01   1.381062961391539e-01  -5.010000000000000e-02
  5.144013100797462e-01   1.381119613829940e-01  -5.010000000000000e-02
  5.143195790956491e-01   1.381174602846974e-01  -5.010000000000000e-02
  5.142373815803019e-01   1.381226986857057e-01  -5.009999999999999e-02
  5.141547429840625e-01   1.381279651965491e-01  -5.009999999999999e-02
  5.140716559809583e-01   1.381330355430860e-01  -5.009999999999999e-02
  5.139881234186989e-01   1.381378515588114e-01  -5.010000000000000e-02
  5.139041686789675e-01   1.381426919149052e-01  -5.010000000000001e-02
  5.138197835276221e-01   1.381472858028139e-01  -5.010000000000001e-02
  5.137349760525345e-01   1.381516596729725e-01  -5.010000000000001e-02
  5.136497661324728e-01   1.381560542988730e-01  -5.010000000000001e-02
  5.135641432673381e-01   1.381601117796161e-01  -5.010000000000001e-02
  5.134781223221754e-01   1.381639969188258e-01  -5.010000000000001e-02
  5.133917194416102e-01   1.381678993081623e-01  -5.010000000000002e-02
  5.133049236262713e-01   1.381713905338326e-01  -5.010000000000001e-02
  5.132177558392482e-01   1.381747989645452e-01  -5.010000000000001e-02
  5.131302271368202e-01   1.381782150960274e-01  -5.010000000000001e-02
  5.130423244674822e-01   1.381810711112186e-01  -5.010000000000001e-02
  5.129540756287171e-01   1.381839383736808e-01  -5.010000000000000e-02
  5.128654841803420e-01   1.381866858457262e-01  -5.010000000000000e-02
  5.127765491434976e-01   1.381890258418123e-01  -5.010000000000001e-02
  5.126872902928356e-01   1.381913743578596e-01  -5.010000000000001e-02
  5.125977083915811e-01   1.381934333077134e-01  -5.010000000000001e-02
  5.125078109297623e-01   1.381951950267360e-01  -5.010000000000001e-02
  5.124176125896067e-01   1.381969626420663e-01  -5.010000000000001e-02
  5.123271136386921e-01   1.381982761125093e-01  -5.010000000000001e-02
  5.122363272397368e-01   1.381994618268248e-01  -5.010000000000001e-02
  5.121452629349740e-01   1.382006012523244e-01  -5.010000000000001e-02
  5.120539237664725e-01   1.382011939704602e-01  -5.010000000000001e-02
  5.119623230752948e-01   1.382017883856689e-01  -5.010000000000001e-02
  5.118704680919386e-01   1.382021342126956e-01  -5.010000000000001e-02
  5.117783665337922e-01   1.382021212197390e-01  -5.010000000000001e-02
  5.116860276469165e-01   1.382021081933018e-01  -5.010000000000001e-02
  5.115934612855616e-01   1.382016153979093e-01  -5.010000000000001e-02
  5.115006744738818e-01   1.382009672565506e-01  -5.010000000000001e-02
  5.114076757088714e-01   1.382002384451086e-01  -5.010000000000001e-02
  5.113144784756881e-01   1.381989302901898e-01  -5.010000000000001e-02
  5.112210849856983e-01   1.381976193805294e-01  -5.010000000000001e-02
  5.111275088586562e-01   1.381959985075400e-01  -5.010000000000000e-02
  5.110337584383432e-01   1.381940663657101e-01  -5.010000000000000e-02
  5.109398367357041e-01   1.381921306938508e-01  -5.009999999999999e-02
  5.108457662454680e-01   1.381896051772217e-01  -5.009999999999999e-02
  5.107515429409146e-01   1.381870043682827e-01  -5.009999999999999e-02
  5.106571797714694e-01   1.381841983798303e-01  -5.009999999999999e-02
  5.105626938117214e-01   1.381809093195352e-01  -5.009999999999999e-02
  5.104680785385202e-01   1.381776157578333e-01  -5.010000000000000e-02
  5.103733592976175e-01   1.381738736328765e-01  -5.010000000000000e-02
  5.102785345089054e-01   1.381699453568107e-01  -5.009999999999999e-02
  5.101836100835653e-01   1.381659152586368e-01  -5.009999999999999e-02
  5.100886190387918e-01   1.381612406727225e-01  -5.009999999999999e-02
  5.099935407829571e-01   1.381565617950815e-01  -5.009999999999999e-02
  5.098984024519592e-01   1.381515224760093e-01  -5.009999999999999e-02
  5.098032083605664e-01   1.381462006136789e-01  -5.009999999999999e-02
  5.097079522391240e-01   1.381408752835346e-01  -5.010000000000000e-02
  5.096126845418931e-01   1.381348411208966e-01  -5.010000000000000e-02
  5.095173717266334e-01   1.381288009361568e-01  -5.010000000000000e-02
  5.094220424456645e-01   1.381224525711877e-01  -5.010000000000000e-02
  5.093267113013480e-01   1.381157026393997e-01  -5.010000000000001e-02
  5.092313597648245e-01   1.381089512637394e-01  -5.010000000000001e-02
  5.091360396013032e-01   1.381016136550000e-01  -5.010000000000001e-02
  5.090407218082815e-01   1.380941911616559e-01  -5.010000000000001e-02
  5.089454269963062e-01   1.380865400453736e-01  -5.010000000000001e-02
  5.088501853453481e-01   1.380783914335708e-01  -5.010000000000001e-02
  5.087549642355826e-01   1.380702445792156e-01  -5.010000000000001e-02
  5.086598199659185e-01   1.380615604938913e-01  -5.010000000000001e-02
  5.085647279884666e-01   1.380527046754705e-01  -5.009999999999999e-02
  5.084696934026077e-01   1.380437212550613e-01  -5.009999999999999e-02
  5.083747646294528e-01   1.380341927459076e-01  -5.009999999999999e-02
  5.082798963281984e-01   1.380246703066424e-01  -5.009999999999999e-02
  5.081851446921929e-01   1.380146913791504e-01  -5.009999999999999e-02
  5.080904977988769e-01   1.380044459497706e-01  -5.009999999999999e-02
  5.079959394100247e-01   1.379941680066495e-01  -5.009999999999999e-02
  5.079015488763435e-01   1.379832193703623e-01  -5.009999999999999e-02
  5.078072574552854e-01   1.379722822304405e-01  -5.009999999999999e-02
  5.077131131566841e-01   1.379610199899974e-01  -5.009999999999999e-02
  5.076191266507805e-01   1.379494073195800e-01  -5.009999999999998e-02
  5.075252617425471e-01   1.379378096733798e-01  -5.009999999999998e-02
  5.074316059642998e-01   1.379255988370296e-01  -5.009999999999998e-02
  5.073380956715838e-01   1.379133330874473e-01  -5.009999999999998e-02
  5.072447601570693e-01   1.379008549616964e-01  -5.009999999999998e-02
  5.071516473430127e-01   1.378878645629754e-01  -5.009999999999998e-02
  5.070586921883927e-01   1.378748961597119e-01  -5.009999999999999e-02
  5.069659722375952e-01   1.378614591882565e-01  -5.009999999999999e-02
  5.068734543288747e-01   1.378478346727650e-01  -5.009999999999999e-02
  5.067811234571261e-01   1.378341795774124e-01  -5.009999999999999e-02
  5.066890748817552e-01   1.378199099093827e-01  -5.009999999999999e-02
  5.065972181392627e-01   1.378056699799066e-01  -5.009999999999999e-02
  5.065056109078098e-01   1.377911401235146e-01  -5.009999999999999e-02
  5.064142707608980e-01   1.377762524048341e-01  -5.010000000000000e-02
  5.063231420098427e-01   1.377613991419996e-01  -5.010000000000000e-02
  5.062323322054776e-01   1.377459768258132e-01  -5.010000000000001e-02
  5.061417708477833e-01   1.377304460995795e-01  -5.010000000000001e-02
  5.060514570723661e-01   1.377148556223716e-01  -5.010000000000001e-02
  5.059614847588737e-01   1.376987067839420e-01  -5.010000000000001e-02
  5.058717545893824e-01   1.376826014071531e-01  -5.010000000000002e-02
  5.057823315188658e-01   1.376662194273048e-01  -5.010000000000001e-02
  5.056932313541984e-01   1.376495081145446e-01  -5.010000000000001e-02
  5.056043907639842e-01   1.376328454866538e-01  -5.010000000000001e-02
  5.055159161926308e-01   1.376157071377409e-01  -5.010000000000000e-02
  5.054277443160143e-01   1.375984541942427e-01  -5.010000000000000e-02
  5.053398535868908e-01   1.375812303671409e-01  -5.009999999999999e-02
  5.052523837299295e-01   1.375633653770834e-01  -5.009999999999999e-02
  5.051652004459621e-01   1.375455589171739e-01  -5.009999999999999e-02
  5.050783500520640e-01   1.375276152177886e-01  -5.009999999999998e-02
  5.049918985929888e-01   1.375092433867819e-01  -5.009999999999999e-02
  5.049057488351396e-01   1.374909356704126e-01  -5.009999999999999e-02
  5.048199860253320e-01   1.374723232852018e-01  -5.009999999999999e-02
  5.047346107566000e-01   1.374534272719462e-01  -5.009999999999999e-02
  5.046495514006383e-01   1.374346011793127e-01  -5.010000000000000e-02
  5.045649202902958e-01   1.374153689109367e-01  -5.009999999999999e-02
  5.044806578221757e-01   1.373960164274791e-01  -5.009999999999999e-02
  5.043967246190627e-01   1.373767395660124e-01  -5.009999999999999e-02
  5.043132618329780e-01   1.373569548477032e-01  -5.009999999999999e-02
  5.042301554659556e-01   1.373371693814309e-01  -5.009999999999999e-02
  5.041473930380965e-01   1.373174561084188e-01  -5.009999999999999e-02
  5.040651337550653e-01   1.372971761837125e-01  -5.009999999999999e-02
  5.039832237664452e-01   1.372769823728659e-01  -5.010000000000000e-02
  5.039016857998240e-01   1.372568009060174e-01  -5.010000000000000e-02
  5.038206494123626e-01   1.372361316603494e-01  -5.010000000000001e-02
  5.037399732598382e-01   1.372155542966699e-01  -5.010000000000001e-02
  5.036596907524246e-01   1.371949551910301e-01  -5.010000000000001e-02
  5.035799125102576e-01   1.371739226326708e-01  -5.010000000000001e-02
  5.035005045499447e-01   1.371529876945959e-01  -5.010000000000001e-02
  5.034215054566560e-01   1.371320200840717e-01  -5.010000000000000e-02
  5.033430222900835e-01   1.371106337039140e-01  -5.010000000000000e-02
  5.032649185437392e-01   1.370893507144016e-01  -5.010000000000000e-02
  5.031872314363329e-01   1.370680490227462e-01  -5.010000000000000e-02
  5.031100825550852e-01   1.370463018133413e-01  -5.009999999999999e-02
  5.030333213054808e-01   1.370246638719697e-01  -5.009999999999999e-02
  5.029569713663602e-01   1.370030633091341e-01  -5.010000000000000e-02
  5.028811718534767e-01   1.369810247169609e-01  -5.009999999999999e-02
  5.028057673749822e-01   1.369591009804307e-01  -5.009999999999999e-02
  5.027307608787999e-01   1.369372916595625e-01  -5.010000000000000e-02
  5.026563290964946e-01   1.369150070332446e-01  -5.010000000000000e-02
  5.025822989316351e-01   1.368928426498448e-01  -5.009999999999999e-02
  5.025086727158287e-01   1.368707992074384e-01  -5.009999999999999e-02
  5.024356047601177e-01   1.368483769550616e-01  -5.009999999999999e-02
  5.023629743589539e-01   1.368259808827627e-01  -5.009999999999999e-02
  5.022907533731341e-01   1.368037110564364e-01  -5.009999999999999e-02
  5.022190563574144e-01   1.367812083062377e-01  -5.009999999999999e-02
  5.021478435708638e-01   1.367586063432264e-01  -5.009999999999999e-02
  5.020770448590998e-01   1.367361358018804e-01  -5.009999999999999e-02
  5.020067224941944e-01   1.367136092045471e-01  -5.009999999999999e-02
  5.019369420668682e-01   1.366908284907117e-01  -5.009999999999999e-02
  5.018675795918265e-01   1.366681842227501e-01  -5.009999999999999e-02
  5.017986365688361e-01   1.366456768902806e-01  -5.009999999999999e-02
  5.017302963648376e-01   1.366227573138046e-01  -5.009999999999999e-02
  5.016623817340191e-01   1.365999654449823e-01  -5.010000000000001e-02
  5.015948894395718e-01   1.365773153104969e-01  -5.010000000000000e-02
  5.015279250223954e-01   1.365545005717410e-01  -5.010000000000001e-02
  5.014614677395901e-01   1.365315858586409e-01  -5.010000000000001e-02
  5.013954349494825e-01   1.365088175121686e-01  -5.010000000000000e-02
  5.013298388982378e-01   1.364861635873647e-01  -5.010000000000000e-02
  5.012648453113697e-01   1.364631526688206e-01  -5.009999999999999e-02
  5.012002776772306e-01   1.364402925584412e-01  -5.009999999999999e-02
  5.011361367486383e-01   1.364175835227608e-01  -5.009999999999999e-02
  5.010725138459375e-01   1.363947731191030e-01  -5.009999999999999e-02
  5.010094151386519e-01   1.363718460825343e-01  -5.009999999999999e-02
  5.009467437202733e-01   1.363490743022112e-01  -5.009999999999999e-02
  5.008845000718077e-01   1.363264579529082e-01  -5.009999999999999e-02
  5.008228379933544e-01   1.363035804231179e-01  -5.009999999999999e-02
  5.007616375336790e-01   1.362807687167839e-01  -5.009999999999999e-02
  5.007008645967335e-01   1.362581163642034e-01  -5.009999999999999e-02
  5.006405300342621e-01   1.362355952946717e-01  -5.009999999999999e-02
  5.005807992095415e-01   1.362127678923653e-01  -5.009999999999999e-02
  5.005214950670188e-01   1.361901035557159e-01  -5.009999999999999e-02
  5.004626176499663e-01   1.361676023012613e-01  -5.009999999999999e-02
  5.004042030691670e-01   1.361451707619437e-01  -5.009999999999999e-02
  5.003463655855586e-01   1.361225134346832e-01  -5.009999999999999e-02
  5.002889532384943e-01   1.361000226509376e-01  -5.009999999999999e-02
  5.002319658434138e-01   1.360776983384070e-01  -5.010000000000000e-02
  5.001754428513529e-01   1.360554402991246e-01  -5.010000000000000e-02
  5.001194872244503e-01   1.360329879947894e-01  -5.009999999999999e-02
  5.000639542921117e-01   1.360107052974716e-01  -5.009999999999999e-02
  5.000088436580771e-01   1.359885920481713e-01  -5.009999999999999e-02
  4.999541762515851e-01   1.359665954230049e-01  -5.009999999999999e-02
  4.999000903314572e-01   1.359443735014480e-01  -5.009999999999999e-02
  4.998464238123465e-01   1.359223238963919e-01  -5.009999999999999e-02
  4.997931761023425e-01   1.359004463646425e-01  -5.009999999999999e-02
  4.997403465625652e-01   1.358787406437072e-01  -5.009999999999999e-02
  4.996880927153687e-01   1.358568258554243e-01  -5.009999999999999e-02
  4.996362750315564e-01   1.358350356065531e-01  -5.009999999999999e-02
  4.995848719075670e-01   1.358134196873904e-01  -5.009999999999999e-02
  4.995338825284607e-01   1.357919777552396e-01  -5.009999999999999e-02
  4.994833947665733e-01   1.357705008524713e-01  -5.009999999999999e-02
  4.994334053829056e-01   1.357489941030150e-01  -5.009999999999999e-02
  4.993838256139361e-01   1.357276635805901e-01  -5.009999999999999e-02
  4.993346544841212e-01   1.357065088654921e-01  -5.009999999999999e-02
  4.992858909792368e-01   1.356855295213751e-01  -5.009999999999999e-02
  4.992377000760351e-01   1.356643435177442e-01  -5.009999999999999e-02
  4.991899200162989e-01   1.356433196462417e-01  -5.009999999999999e-02
  4.991425428700793e-01   1.356224730621273e-01  -5.010000000000000e-02
  4.990955674811509e-01   1.356018032566465e-01  -5.009999999999999e-02
  4.990490330937653e-01   1.355812188281456e-01  -5.010000000000000e-02
  4.990030264442472e-01   1.355605215458268e-01  -5.010000000000000e-02
  4.989574164253470e-01   1.355400026980595e-01  -5.010000000000000e-02
  4.989122017533026e-01   1.355196617073102e-01  -5.010000000000001e-02
  4.988673811134452e-01   1.354994979821410e-01  -5.009999999999999e-02
  4.988230052369963e-01   1.354793964187843e-01  -5.010000000000000e-02
  4.987791326011497e-01   1.354592248048667e-01  -5.010000000000000e-02
  4.987356484238764e-01   1.354392317951338e-01  -5.010000000000001e-02
  4.986925512801280e-01   1.354194167343819e-01  -5.010000000000001e-02
  4.986495535348896e-01   1.353996473747448e-01  -5.010000000000000e-02
  4.986064006379607e-01   1.353797247595662e-01  -5.010000000000000e-02
  4.985631952697466e-01   1.353594309630147e-01  -5.010000000000000e-02
  4.985198064278482e-01   1.353390509878754e-01  -5.009999999999999e-02
  4.984762353367304e-01   1.353185854092859e-01  -5.009999999999999e-02
  4.984324832574981e-01   1.352980348195943e-01  -5.009999999999999e-02
  4.983885694704992e-01   1.352773619460609e-01  -5.009999999999999e-02
  4.983446296674147e-01   1.352562843745198e-01  -5.009999999999999e-02
  4.983005135650867e-01   1.352351222336438e-01  -5.009999999999999e-02
  4.982562225680325e-01   1.352138761971687e-01  -5.009999999999999e-02
  4.982117581183713e-01   1.351925469568676e-01  -5.009999999999999e-02
  4.981672062277442e-01   1.351709657975096e-01  -5.009999999999999e-02
  4.981231648371717e-01   1.351479446026430e-01  -5.009999999999999e-02
  4.980790959726062e-01   1.351245735076214e-01  -5.009999999999999e-02
  4.980350043333379e-01   1.351008512234311e-01  -5.009999999999999e-02
  4.979908946720603e-01   1.350767765362661e-01  -5.009999999999998e-02
  4.979467717937218e-01   1.350523483092725e-01  -5.009999999999998e-02
  4.979026405543252e-01   1.350275654842795e-01  -5.009999999999998e-02
  4.978585058596750e-01   1.350024270835176e-01  -5.009999999999998e-02
  4.978143726640728e-01   1.349769322113210e-01  -5.009999999999997e-02
  4.977702459689610e-01   1.349510800558126e-01  -5.009999999999997e-02
  4.977261308215134e-01   1.349248698905708e-01  -5.009999999999997e-02
  4.976820323131738e-01   1.348983010762747e-01  -5.009999999999996e-02
  4.976379555781438e-01   1.348713730623281e-01  -5.009999999999996e-02
  4.975939057918174e-01   1.348440853884584e-01  -5.009999999999996e-02
  4.975498881691647e-01   1.348164376862908e-01  -5.009999999999996e-02
  4.975059079630640e-01   1.347884296808935e-01  -5.009999999999996e-02
  4.974619704625840e-01   1.347600611922946e-01  -5.009999999999996e-02
  4.974180809912137e-01   1.347313321369672e-01  -5.009999999999996e-02
  4.973742449050443e-01   1.347022425292816e-01  -5.009999999999995e-02
  4.973304675909004e-01   1.346727924829224e-01  -5.009999999999995e-02
  4.972867544644229e-01   1.346429822122695e-01  -5.009999999999995e-02
  4.972431109681034e-01   1.346128120337398e-01  -5.009999999999995e-02
  4.971995425692720e-01   1.345822823670889e-01  -5.009999999999994e-02
  4.971560547580374e-01   1.345513937366711e-01  -5.009999999999994e-02
  4.971126530451830e-01   1.345201467726550e-01  -5.009999999999994e-02
  4.970693429600163e-01   1.344885422121931e-01  -5.009999999999994e-02
  4.970261300481763e-01   1.344565809005446e-01  -5.009999999999994e-02
  4.969830198693979e-01   1.344242637921484e-01  -5.009999999999994e-02
  4.969400179952344e-01   1.343915919516454e-01  -5.009999999999994e-02
  4.968971300067401e-01   1.343585665548478e-01  -5.009999999999994e-02
  4.968543614921147e-01   1.343251888896542e-01  -5.009999999999993e-02
  4.968117180443094e-01   1.342914603569086e-01  -5.009999999999993e-02
  4.967692052585971e-01   1.342573824712015e-01  -5.009999999999993e-02
  4.967268287301089e-01   1.342229568616115e-01  -5.009999999999993e-02
  4.966845940513363e-01   1.341881852723869e-01  -5.009999999999992e-02
  4.966425068096033e-01   1.341530695635636e-01  -5.009999999999992e-02
  4.966005725845085e-01   1.341176117115200e-01  -5.009999999999992e-02
  4.965587969453395e-01   1.340818138094663e-01  -5.009999999999992e-02
  4.965171854484609e-01   1.340456780678667e-01  -5.009999999999992e-02
  4.964757436346787e-01   1.340092068147942e-01  -5.009999999999992e-02
  4.964344770265828e-01   1.339724024962153e-01  -5.009999999999992e-02
  4.963933911258688e-01   1.339352676762045e-01  -5.009999999999992e-02
  4.963524914106424e-01   1.338978050370872e-01  -5.009999999999992e-02
  4.963117833327075e-01   1.338600173795088e-01  -5.009999999999992e-02
  4.962712723148406e-01   1.338219076224310e-01  -5.009999999999991e-02
  4.962309637480547e-01   1.337834788030526e-01  -5.009999999999991e-02
  4.961908629888524e-01   1.337447340766541e-01  -5.009999999999991e-02
  4.961509753564738e-01   1.337056767163665e-01  -5.009999999999991e-02
  4.961113061301391e-01   1.336663101128620e-01  -5.009999999999991e-02
  4.960718605462891e-01   1.336266377739667e-01  -5.009999999999990e-02
  4.960326437958266e-01   1.335866633241952e-01  -5.009999999999990e-02
  4.959936610213606e-01   1.335463905042045e-01  -5.009999999999990e-02
  4.959549173144557e-01   1.335058231701701e-01  -5.009999999999990e-02
  4.959164177128899e-01   1.334649652930803e-01  -5.009999999999990e-02
  4.958781671979224e-01   1.334238209579518e-01  -5.009999999999990e-02
  4.958401706915753e-01   1.333823943629633e-01  -5.009999999999990e-02
  4.958024330539307e-01   1.333406898185096e-01  -5.009999999999990e-02
  4.957649590804463e-01   1.332987117461750e-01  -5.009999999999990e-02
  4.957277534992921e-01   1.332564646776254e-01  -5.009999999999990e-02
  4.956908209687109e-01   1.332139532534213e-01  -5.009999999999990e-02
  4.956541660744053e-01   1.331711822217499e-01  -5.009999999999990e-02
  4.956177933269538e-01   1.331281564370783e-01  -5.009999999999990e-02
  4.955817071592581e-01   1.330848808587269e-01  -5.009999999999989e-02
  4.955459119240258e-01   1.330413605493645e-01  -5.009999999999989e-02
  4.955104118912893e-01   1.329976006734259e-01  -5.009999999999989e-02
  4.954752112459647e-01   1.329536064954518e-01  -5.009999999999989e-02
  4.954403140854532e-01   1.329093833783529e-01  -5.009999999999989e-02
  4.954057244172866e-01   1.328649367815984e-01  -5.009999999999989e-02
  4.953714461568214e-01   1.328202722593306e-01  -5.009999999999989e-02
  4.953374831249816e-01   1.327753954584063e-01  -5.009999999999989e-02
  4.953038390460549e-01   1.327303121163663e-01  -5.009999999999989e-02
  4.952705175455434e-01   1.326850280593345e-01  -5.009999999999989e-02
  4.952375221480714e-01   1.326395491998482e-01  -5.009999999999988e-02
  4.952048562753532e-01   1.325938815346209e-01  -5.009999999999988e-02
  4.951725232442227e-01   1.325480311422385e-01  -5.009999999999988e-02
  4.951405262647274e-01   1.325020041807929e-01  -5.009999999999988e-02
  4.951088684382883e-01   1.324558068854517e-01  -5.009999999999988e-02
  4.950775527559292e-01   1.324094455659682e-01  -5.009999999999988e-02
  4.950465820965755e-01   1.323629266041331e-01  -5.009999999999988e-02
  4.950159592254265e-01   1.323162564511692e-01  -5.009999999999988e-02
  4.949856867924019e-01   1.322694416250724e-01  -5.009999999999988e-02
  4.949557673306642e-01   1.322224887079000e-01  -5.009999999999988e-02
  4.949262032552200e-01   1.321754043430095e-01  -5.009999999999988e-02
  4.948969968616008e-01   1.321281952322501e-01  -5.009999999999988e-02
  4.948681503246245e-01   1.320808681331086e-01  -5.009999999999988e-02
  4.948396656972403e-01   1.320334298558132e-01  -5.009999999999988e-02
  4.948115449094585e-01   1.319858872603969e-01  -5.009999999999988e-02
  4.947837897673642e-01   1.319382472537235e-01  -5.009999999999988e-02
  4.947564019522197e-01   1.318905167864787e-01  -5.009999999999988e-02
  4.947293830196531e-01   1.318427028501292e-01  -5.009999999999988e-02
  4.947027343989368e-01   1.317948124738524e-01  -5.009999999999988e-02
  4.946764573923556e-01   1.317468527214386e-01  -5.009999999999988e-02
  4.946505531746649e-01   1.316988306881710e-01  -5.009999999999988e-02
  4.946250227926410e-01   1.316507534976829e-01  -5.009999999999988e-02
  4.945998671647224e-01   1.316026282987977e-01  -5.009999999999988e-02
  4.945750870807442e-01   1.315544622623538e-01  -5.009999999999988e-02
  4.945506832017640e-01   1.315062625780165e-01  -5.009999999999988e-02
  4.945266560599826e-01   1.314580364510805e-01  -5.009999999999988e-02
  4.945030060587556e-01   1.314097910992667e-01  -5.009999999999988e-02
  4.944797334726997e-01   1.313615337495146e-01  -5.009999999999988e-02
  4.944568384478912e-01   1.313132716347741e-01  -5.009999999999988e-02
  4.944343210021575e-01   1.312650119908003e-01  -5.009999999999988e-02
  4.944121810254606e-01   1.312167620529524e-01  -5.009999999999988e-02
  4.943904182803738e-01   1.311685290530021e-01  -5.009999999999988e-02
  4.943690324026483e-01   1.311203202159520e-01  -5.009999999999988e-02
  4.943480229018716e-01   1.310721427568680e-01  -5.009999999999988e-02
  4.943273891622160e-01   1.310240038777291e-01  -5.009999999999988e-02
  4.943071304432756e-01   1.309759107642962e-01  -5.009999999999988e-02
  4.942872458809922e-01   1.309278705830034e-01  -5.009999999999988e-02
  4.942677344886677e-01   1.308798904778745e-01  -5.009999999999988e-02
  4.942485951580634e-01   1.308319775674673e-01  -5.009999999999988e-02
  4.942298266605824e-01   1.307841389418483e-01  -5.009999999999988e-02
  4.942114276485365e-01   1.307363816596008e-01  -5.009999999999988e-02
  4.941933966564946e-01   1.306887127448679e-01  -5.009999999999988e-02
  4.941757321027110e-01   1.306411391844343e-01  -5.009999999999988e-02
  4.941584322906324e-01   1.305936679248488e-01  -5.009999999999989e-02
  4.941414954104811e-01   1.305463058695890e-01  -5.009999999999989e-02
  4.941249195409146e-01   1.304990598762719e-01  -5.009999999999989e-02
  4.941087026507561e-01   1.304519367539115e-01  -5.009999999999989e-02
  4.940928426007976e-01   1.304049432602264e-01  -5.009999999999989e-02
  4.940773371456712e-01   1.303580860989990e-01  -5.009999999999989e-02
  4.940621839357872e-01   1.303113719174883e-01  -5.009999999999989e-02
  4.940473805193367e-01   1.302648073038986e-01  -5.009999999999989e-02
  4.940329243443565e-01   1.302183987849050e-01  -5.009999999999989e-02
  4.940188127608536e-01   1.301721528232391e-01  -5.009999999999989e-02
  4.940050430229880e-01   1.301260758153346e-01  -5.009999999999989e-02
  4.939916122913091e-01   1.300801740890364e-01  -5.009999999999990e-02
  4.939785176350461e-01   1.300344539013724e-01  -5.009999999999990e-02
  4.939657560344474e-01   1.299889214363916e-01  -5.009999999999990e-02
  4.939533243831675e-01   1.299435828030684e-01  -5.009999999999990e-02
  4.939412194906990e-01   1.298984440332747e-01  -5.009999999999990e-02
  4.939294380848467e-01   1.298535110798211e-01  -5.009999999999990e-02
  4.939179768142405e-01   1.298087898145679e-01  -5.009999999999990e-02
  4.939068322508857e-01   1.297642860266066e-01  -5.009999999999990e-02
  4.938960008927464e-01   1.297200054205139e-01  -5.009999999999990e-02
  4.938854791663618e-01   1.296759536146773e-01  -5.009999999999990e-02
  4.938752634294889e-01   1.296321361396937e-01  -5.009999999999990e-02
  4.938653499737724e-01   1.295885584368421e-01  -5.009999999999990e-02
  4.938557350274367e-01   1.295452258566299e-01  -5.009999999999990e-02
  4.938464147579994e-01   1.295021436574128e-01  -5.009999999999990e-02
  4.938373852750001e-01   1.294593170040909e-01  -5.009999999999990e-02
  4.938286426327462e-01   1.294167509668776e-01  -5.009999999999990e-02
  4.938201828330693e-01   1.293744505201442e-01  -5.009999999999990e-02
  4.938120018280912e-01   1.293324205413395e-01  -5.009999999999991e-02
  4.938040955229965e-01   1.292906658099829e-01  -5.009999999999991e-02
  4.937964597788096e-01   1.292491910067327e-01  -5.009999999999991e-02
  4.937890904151722e-01   1.292080007125279e-01  -5.009999999999991e-02
  4.937819832131198e-01   1.291670994078046e-01  -5.009999999999991e-02
  4.937751339178551e-01   1.291264914717841e-01  -5.009999999999991e-02
  4.937685382415135e-01   1.290861811818349e-01  -5.009999999999991e-02
  4.937621918659209e-01   1.290461727129063e-01  -5.009999999999992e-02
  4.937560904453401e-01   1.290064701370333e-01  -5.009999999999992e-02
  4.937502296092026e-01   1.289670774229123e-01  -5.009999999999992e-02
  4.937446049648256e-01   1.289279984355459e-01  -5.009999999999992e-02
  4.937392121001097e-01   1.288892369359573e-01  -5.009999999999992e-02
  4.937340465862163e-01   1.288507965809724e-01  -5.009999999999992e-02
  4.937291039802222e-01   1.288126809230681e-01  -5.009999999999992e-02
  4.937243798277498e-01   1.287748934102870e-01  -5.009999999999992e-02
  4.937198696655695e-01   1.287374373862165e-01  -5.009999999999992e-02
  4.937155690241740e-01   1.287003160900311e-01  -5.009999999999992e-02
  4.937114734303210e-01   1.286635326565968e-01  -5.009999999999992e-02
  4.937075784095443e-01   1.286270901166369e-01  -5.009999999999992e-02
  4.937038794886288e-01   1.285909913969564e-01  -5.009999999999992e-02
  4.937003721980509e-01   1.285552393207250e-01  -5.009999999999992e-02
  4.936970520743797e-01   1.285198366078169e-01  -5.009999999999993e-02
  4.936939146626400e-01   1.284847858752053e-01  -5.009999999999993e-02
  4.936909555186331e-01   1.284500896374110e-01  -5.009999999999993e-02
  4.936881702112161e-01   1.284157503070033e-01  -5.009999999999993e-02
  4.936855543245370e-01   1.283817701951508e-01  -5.009999999999993e-02
  4.936831034602250e-01   1.283481515122223e-01  -5.009999999999993e-02
  4.936808132395344e-01   1.283148963684345e-01  -5.009999999999993e-02
  4.936786793054411e-01   1.282820067745455e-01  -5.009999999999994e-02
  4.936766973246906e-01   1.282494846425932e-01  -5.009999999999994e-02
  4.936748629897969e-01   1.282173317866753e-01  -5.009999999999994e-02
  4.936731720209907e-01   1.281855499237714e-01  -5.009999999999994e-02
  4.936716201681162e-01   1.281541406746035e-01  -5.009999999999994e-02
  4.936702032124766e-01   1.281231055645343e-01  -5.009999999999994e-02
  4.936689169686264e-01   1.280924460245023e-01  -5.009999999999994e-02
  4.936677572861106e-01   1.280621633919898e-01  -5.009999999999994e-02
  4.936667200511500e-01   1.280322589120250e-01  -5.009999999999994e-02
  4.936658011882720e-01   1.280027337382142e-01  -5.009999999999994e-02
  4.936649966618875e-01   1.279735889338036e-01  -5.009999999999994e-02
  4.936643024778111e-01   1.279448254727694e-01  -5.009999999999994e-02
  4.936637146847282e-01   1.279164442409332e-01  -5.009999999999994e-02
  4.936632293756040e-01   1.278884460371026e-01  -5.009999999999994e-02
  4.936628426890392e-01   1.278608315742345e-01  -5.009999999999995e-02
  4.936625508105679e-01   1.278336014806196e-01  -5.009999999999995e-02
  4.936623499739009e-01   1.278067563010875e-01  -5.009999999999995e-02
  4.936622364621133e-01   1.277802964982292e-01  -5.009999999999995e-02
  4.936622066087752e-01   1.277542224536371e-01  -5.009999999999995e-02
  4.936622567990282e-01   1.277285344691599e-01  -5.009999999999995e-02
  4.936623834706060e-01   1.277032327681720e-01  -5.009999999999995e-02
  4.936625831148000e-01   1.276783174968546e-01  -5.009999999999996e-02
  4.936628522773700e-01   1.276537887254886e-01  -5.009999999999996e-02
  4.936631875594007e-01   1.276296464497571e-01  -5.009999999999996e-02
  4.936635856181046e-01   1.276058905920557e-01  -5.009999999999996e-02
  4.936640431675708e-01   1.275825210028108e-01  -5.009999999999996e-02
  4.936645569794609e-01   1.275595374618033e-01  -5.009999999999996e-02
  4.936651238836529e-01   1.275369396794966e-01  -5.009999999999996e-02
  4.936657407688327e-01   1.275147272983687e-01  -5.009999999999996e-02
  4.936664045830350e-01   1.274928998942462e-01  -5.009999999999996e-02
  4.936671123341326e-01   1.274714569776390e-01  -5.009999999999996e-02
  4.936678610902775e-01   1.274503979950759e-01  -5.009999999999996e-02
  4.936686479802909e-01   1.274297223304388e-01  -5.009999999999996e-02
  4.936694701940066e-01   1.274094293062942e-01  -5.009999999999996e-02
  4.936703249825657e-01   1.273895181852230e-01  -5.009999999999996e-02
  4.936712096586648e-01   1.273699881711451e-01  -5.009999999999996e-02
  4.936721215967590e-01   1.273508384106399e-01  -5.009999999999996e-02
  4.936730582332189e-01   1.273320679942605e-01  -5.009999999999996e-02
  4.936740170664442e-01   1.273136759578420e-01  -5.009999999999997e-02
  4.936749956569335e-01   1.272956612838017e-01  -5.009999999999997e-02
  4.936759967796142e-01   1.272780189902386e-01  -5.009999999999996e-02
  4.936770109529480e-01   1.272607601796272e-01  -5.009999999999999e-02
  4.936780401946230e-01   1.272438712846616e-01  -5.009999999999998e-02
  4.936790881795124e-01   1.272273579555989e-01  -5.009999999999998e-02
  4.936801592690897e-01   1.272112149583747e-01  -5.009999999999998e-02
  4.936812575938276e-01   1.271954413318338e-01  -5.009999999999998e-02
  4.936823869412053e-01   1.271800410129293e-01  -5.009999999999999e-02
  4.936835515813055e-01   1.271650111538838e-01  -5.009999999999999e-02
  4.936847556281336e-01   1.271503513624020e-01  -5.009999999999999e-02
  4.936860031854282e-01   1.271360614575678e-01  -5.009999999999999e-02
  4.936872991807535e-01   1.271221327028350e-01  -5.009999999999999e-02
  4.936886467708449e-01   1.271085757838345e-01  -5.009999999999999e-02
  4.936900505357831e-01   1.270953858148503e-01  -5.009999999999999e-02
  4.936915146534738e-01   1.270825624208438e-01  -5.009999999999999e-02
  4.936930432856771e-01   1.270701053593281e-01  -5.009999999999999e-02
  4.936946405637877e-01   1.270580145463727e-01  -5.009999999999999e-02
  4.936963105696873e-01   1.270462900858752e-01  -5.010000000000000e-02
  4.936980573102179e-01   1.270349323020026e-01  -5.009999999999999e-02
  4.936998846834952e-01   1.270239417743646e-01  -5.009999999999999e-02
  4.937017964349016e-01   1.270133193749694e-01  -5.009999999999999e-02
  4.937037961002156e-01   1.270030663053224e-01  -5.010000000000000e-02
  4.937058890137726e-01   1.269931746922294e-01  -5.010000000000000e-02
  4.937080751794110e-01   1.269836607559930e-01  -5.009999999999999e-02
  4.937103584426755e-01   1.269745203282838e-01  -5.010000000000000e-02
  4.937127408341910e-01   1.269657557821850e-01  -5.009999999999999e-02
  4.937152236629586e-01   1.269573698697691e-01  -5.010000000000001e-02
  4.937178073237463e-01   1.269493657027857e-01  -5.009999999999999e-02
  4.937204910678695e-01   1.269417467027003e-01  -5.010000000000000e-02
  4.937232727373675e-01   1.269345165082794e-01  -5.010000000000000e-02
  4.937261487747409e-01   1.269276781278167e-01  -5.010000000000000e-02
  4.937291127515465e-01   1.269212364169274e-01  -5.010000000000001e-02
  4.937321566749269e-01   1.269151938847756e-01  -5.010000000000001e-02
  4.937352696741025e-01   1.269095528112268e-01  -5.009999999999999e-02
  4.937384380243404e-01   1.269043141801076e-01  -5.010000000000001e-02
  4.937416450473759e-01   1.268994771602925e-01  -5.010000000000001e-02
  4.937448711785942e-01   1.268950385750568e-01  -5.010000000000000e-02
  4.937480942374902e-01   1.268909924217476e-01  -5.010000000000000e-02
  4.937512899144037e-01   1.268873295145896e-01  -5.010000000000000e-02
  4.937544324533029e-01   1.268840373202237e-01  -5.010000000000000e-02
  4.937574954747426e-01   1.268811000352691e-01  -5.010000000000001e-02
  4.937604528550822e-01   1.268784989203401e-01  -5.010000000000000e-02
  4.937632795666618e-01   1.268762128639273e-01  -5.009999999999999e-02
  4.937659523927693e-01   1.268742191136856e-01  -5.009999999999999e-02
  4.937684504577760e-01   1.268724940916445e-01  -5.010000000000000e-02
  4.937707555481079e-01   1.268710142077749e-01  -5.010000000000001e-02
  4.937728522335838e-01   1.268697566008564e-01  -5.010000000000000e-02
  4.937747278233664e-01   1.268686997598351e-01  -5.010000000000000e-02
  4.937764948007233e-01   1.268677605644382e-01  -5.010000000000000e-02
