708
    4.766263811800402e-01      1.104155937122767e-01    -5.009999999999999e-02
    4.766282150195988e-01      1.104147955691359e-01    -5.009999999999999e-02
    4.766301553207549e-01      1.104139926088161e-01    -5.009999999999999e-02
    4.766322180146334e-01      1.104132141085072e-01    -5.009999999999999e-02
    4.766343916405605e-01      1.104124183923437e-01    -5.009999999999999e-02
    4.766367086287280e-01      1.104116845351061e-01    -5.009999999999999e-02
    4.766391524999878e-01      1.104109524362687e-01    -5.009999999999999e-02
    4.766417428377502e-01      1.104102688089273e-01    -5.009999999999999e-02
    4.766444812134571e-01      1.104096275686184e-01    -5.009999999999999e-02
    4.766473776613552e-01      1.104090529653791e-01    -5.009999999999999e-02
    4.766504367242528e-01      1.104085525553472e-01    -5.009999999999999e-02
    4.766536626006085e-01      1.104081263550909e-01    -5.009999999999999e-02
    4.766570639946544e-01      1.104078010023548e-01    -5.009999999999999e-02
    4.766606468221092e-01      1.104076266891892e-01    -5.009999999999999e-02
    4.766644111890397e-01      1.104075539666456e-01    -5.009999999999999e-02
    4.766683641197346e-01      1.104075839348184e-01    -5.009999999999999e-02
    4.766725105341633e-01      1.104077454316210e-01    -5.009999999999999e-02
    4.766768582588379e-01      1.104080182183802e-01    -5.009999999999999e-02
    4.766814121101399e-01      1.104084316396688e-01    -5.009999999999999e-02
    4.766861796220144e-01      1.104089883620866e-01    -5.009999999999999e-02
    4.766911565122069e-01      1.104097742855798e-01    -5.009999999999999e-02
    4.766963588537921e-01      1.104107235040901e-01    -5.009999999999998e-02
    4.767017852954128e-01      1.104118930829591e-01    -5.009999999999998e-02
    4.767074531753412e-01      1.104132431728833e-01    -5.009999999999998e-02
    4.767133708408635e-01      1.104147849856685e-01    -5.009999999999998e-02
    4.767195419799611e-01      1.104165483162288e-01    -5.009999999999998e-02
    4.767259693889023e-01      1.104185632424477e-01    -5.009999999999998e-02
    4.767326560921895e-01      1.104208568005601e-01    -5.009999999999998e-02
    4.767396151462051e-01      1.104234284520443e-01    -5.009999999999998e-02
    4.767468647754226e-01      1.104262674944129e-01    -5.009999999999999e-02
    4.767544160032368e-01      1.104293869673010e-01    -5.009999999999999e-02
    4.767622766421148e-01      1.104328093475868e-01    -5.009999999999999e-02
    4.767704526772104e-01      1.104365621538888e-01    -5.009999999999999e-02
    4.767789539318452e-01      1.104406651113078e-01    -5.009999999999999e-02
    4.767877926138230e-01      1.104451341513697e-01    -5.009999999999999e-02
    4.767969884713337e-01      1.104499728387893e-01    -5.009999999999999e-02
    4.768065556220992e-01      1.104551988756188e-01    -5.009999999999998e-02
    4.768165012355166e-01      1.104608444336974e-01    -5.009999999999998e-02
    4.768268355689850e-01      1.104669374397331e-01    -5.009999999999998e-02
    4.768375844639540e-01      1.104734821945848e-01    -5.009999999999998e-02
    4.768487848118360e-01      1.104804675961476e-01    -5.009999999999998e-02
    4.768604201264630e-01      1.104879712818260e-01    -5.009999999999998e-02
    4.768724985138769e-01      1.104960304102809e-01    -5.009999999999998e-02
    4.768850629525123e-01      1.105046332312787e-01    -5.009999999999998e-02
    4.768981352823741e-01      1.105138034408749e-01    -5.009999999999999e-02
    4.769117350516409e-01      1.105235706014035e-01    -5.009999999999999e-02
    4.769258780887464e-01      1.105339717915717e-01    -5.009999999999999e-02
    4.769405653011717e-01      1.105450648958907e-01    -5.009999999999998e-02
    4.769558385165889e-01      1.105568554936916e-01    -5.009999999999999e-02
    4.769717253940741e-01      1.105693724377837e-01    -5.009999999999999e-02
    4.769882544441418e-01      1.105826463544473e-01    -5.009999999999999e-02
    4.770054409906893e-01      1.105967267291361e-01    -5.009999999999999e-02
    4.770232750411215e-01      1.106116945308997e-01    -5.009999999999998e-02
    4.770418223877305e-01      1.106275427211047e-01    -5.009999999999999e-02
    4.770611196524240e-01      1.106443040649179e-01    -5.009999999999999e-02
    4.770812048761157e-01      1.106620127569416e-01    -5.009999999999998e-02
    4.771020391582633e-01      1.106807915097340e-01    -5.009999999999998e-02
    4.771236978695187e-01      1.107006368687369e-01    -5.009999999999998e-02
    4.771462233696530e-01      1.107215875183043e-01    -5.009999999999998e-02
    4.771696518505026e-01      1.107436923315045e-01    -5.009999999999998e-02
    4.771939601335073e-01      1.107670645464385e-01    -5.009999999999998e-02
    4.772192091381723e-01      1.107917310600546e-01    -5.009999999999998e-02
    4.772454559439013e-01      1.108177282611978e-01    -5.009999999999998e-02
    4.772727389358607e-01      1.108451155226269e-01    -5.009999999999998e-02
    4.773010034766483e-01      1.108740456221165e-01    -5.009999999999998e-02
    4.773303560747826e-01      1.109045146641351e-01    -5.009999999999998e-02
    4.773608547750549e-01      1.109365722804492e-01    -5.009999999999998e-02
    4.773925320930499e-01      1.109702960482488e-01    -5.009999999999998e-02
    4.774253279780175e-01      1.110058505837367e-01    -5.009999999999997e-02
    4.774593473016425e-01      1.110432492443093e-01    -5.009999999999997e-02
    4.774946436819046e-01      1.110825592877525e-01    -5.009999999999998e-02
    4.775312143483390e-01      1.111238998165071e-01    -5.009999999999999e-02
    4.775689708423193e-01      1.111674640693063e-01    -5.009999999999998e-02
    4.776081399339953e-01      1.112131757760381e-01    -5.009999999999998e-02
    4.776488062741497e-01      1.112610869047870e-01    -5.009999999999998e-02
    4.776909320472330e-01      1.113113547752513e-01    -5.009999999999998e-02
    4.777347017671396e-01      1.113639524054043e-01    -5.009999999999999e-02
    4.777801695863745e-01      1.114189662806980e-01    -5.009999999999999e-02
    4.778272893729870e-01      1.114765665807954e-01    -5.009999999999999e-02
    4.778761347894048e-01      1.115368252207785e-01    -5.009999999999999e-02
    4.779268376180569e-01      1.115997704252400e-01    -5.009999999999999e-02
    4.779794167275623e-01      1.116655227643406e-01    -5.009999999999999e-02
    4.780338712666403e-01      1.117342180513079e-01    -5.009999999999999e-02
    4.780903732004852e-01      1.118058561627860e-01    -5.009999999999999e-02
    4.781489501177189e-01      1.118805518657741e-01    -5.009999999999999e-02
    4.782095862002226e-01      1.119584523182924e-01    -5.009999999999999e-02
    4.782724646597517e-01      1.120395490858722e-01    -5.010000000000000e-02
    4.783376108385073e-01      1.121239557341473e-01    -5.010000000000001e-02
    4.784050323124414e-01      1.122117966386388e-01    -5.009999999999999e-02
    4.784748995861883e-01      1.123030688327020e-01    -5.009999999999999e-02
    4.785472302254091e-01      1.123978837758760e-01    -5.010000000000000e-02
    4.786220766863505e-01      1.124963219232390e-01    -5.009999999999999e-02
    4.786995713987337e-01      1.125983986412204e-01    -5.009999999999999e-02
    4.787797306705222e-01      1.127042121879852e-01    -5.010000000000000e-02
    4.788626404753520e-01      1.128138017323151e-01    -5.009999999999999e-02
    4.789483796767642e-01      1.129272049781184e-01    -5.009999999999999e-02
    4.790369992151615e-01      1.130444728434968e-01    -5.009999999999999e-02
    4.791285822866334e-01      1.131656231098380e-01    -5.009999999999999e-02
    4.792231651678746e-01      1.132906993354714e-01    -5.009999999999999e-02
    4.793208588764826e-01      1.134196778670527e-01    -5.009999999999999e-02
    4.794216455735481e-01      1.135526209843594e-01    -5.010000000000000e-02
    4.795256535557757e-01      1.136894677062059e-01    -5.010000000000000e-02
    4.796328789643437e-01      1.138302435501506e-01    -5.010000000000000e-02
    4.797433280379786e-01      1.139749524578578e-01    -5.010000000000001e-02
    4.798571904705123e-01      1.141234422330095e-01    -5.010000000000001e-02
    4.799743272958260e-01      1.142757959135833e-01    -5.010000000000001e-02
    4.800948141306565e-01      1.144319155546708e-01    -5.010000000000002e-02
    4.802187667592972e-01      1.145916528133246e-01    -5.010000000000002e-02
    4.803460417065683e-01      1.147550417187610e-01    -5.010000000000001e-02
    4.804766390600678e-01      1.149219866677571e-01    -5.010000000000001e-02
    4.806107195071944e-01      1.150922450829962e-01    -5.010000000000001e-02
    4.807481420791948e-01      1.152657900236300e-01    -5.010000000000001e-02
    4.808888362778434e-01      1.154425198784120e-01    -5.010000000000000e-02
    4.810327628393271e-01      1.156222875673896e-01    -5.009999999999999e-02
    4.811799319522870e-01      1.158048846565639e-01    -5.010000000000000e-02
    4.813303473889247e-01      1.159900851154140e-01    -5.010000000000000e-02
    4.814838241822397e-01      1.161777953372118e-01    -5.010000000000000e-02
    4.816402582930746e-01      1.163678367234920e-01    -5.009999999999999e-02
    4.817995439006336e-01      1.165600120849660e-01    -5.010000000000000e-02
    4.819615752494846e-01      1.167541048935301e-01    -5.010000000000000e-02
    4.821262243745871e-01      1.169498984973112e-01    -5.009999999999999e-02
    4.822934296048108e-01      1.171471022245417e-01    -5.009999999999999e-02
    4.824630379599150e-01      1.173454852950261e-01    -5.009999999999999e-02
    4.826348706518147e-01      1.175448245100514e-01    -5.009999999999998e-02
    4.828087233658196e-01      1.177449058941428e-01    -5.009999999999998e-02
    4.829844063261155e-01      1.179454912991689e-01    -5.009999999999999e-02
    4.831617291358675e-01      1.181463331989775e-01    -5.009999999999998e-02
    4.833404935180129e-01      1.183471827595735e-01    -5.009999999999998e-02
    4.835205259818826e-01      1.185477624003059e-01    -5.009999999999999e-02
    4.837016544621661e-01      1.187477886429995e-01    -5.009999999999999e-02
    4.838836273186725e-01      1.189470472300166e-01    -5.010000000000001e-02
    4.840662004401309e-01      1.191453176976287e-01    -5.010000000000001e-02
    4.842491459038830e-01      1.193423672019748e-01    -5.010000000000001e-02
    4.844322932451700e-01      1.195379132067725e-01    -5.010000000000001e-02
    4.846154158173225e-01      1.197317310883628e-01    -5.010000000000001e-02
    4.847983040345819e-01      1.199235885612549e-01    -5.010000000000000e-02
    4.849806940589704e-01      1.201133158111386e-01    -5.009999999999999e-02
    4.851623544616387e-01      1.203007247326379e-01    -5.009999999999999e-02
    4.853430636467376e-01      1.204856320855486e-01    -5.009999999999999e-02
    4.855226067555495e-01      1.206678639251411e-01    -5.010000000000001e-02
    4.857007744655988e-01      1.208472583224861e-01    -5.010000000000001e-02
    4.858773596857977e-01      1.210236699833406e-01    -5.010000000000001e-02
    4.860522488758496e-01      1.211968790439728e-01    -5.010000000000001e-02
    4.862252525413615e-01      1.213667615829927e-01    -5.010000000000001e-02
    4.863961146570913e-01      1.215332847181404e-01    -5.010000000000001e-02
    4.865646644680201e-01      1.216963524739288e-01    -5.010000000000001e-02
    4.867307475814940e-01      1.218558753888840e-01    -5.010000000000000e-02
    4.868942879410125e-01      1.220117055165007e-01    -5.009999999999999e-02
    4.870552223869116e-01      1.221637020966329e-01    -5.010000000000000e-02
    4.872132648346811e-01      1.223119849690330e-01    -5.010000000000001e-02
    4.873682904560853e-01      1.224565297154307e-01    -5.010000000000001e-02
    4.875202943032750e-01      1.225972059178157e-01    -5.010000000000001e-02
    4.876692481419283e-01      1.227339279059352e-01    -5.010000000000001e-02
    4.878148888787330e-01      1.228668902060668e-01    -5.010000000000001e-02
    4.879572119595669e-01      1.229960292420294e-01    -5.010000000000000e-02
    4.880963308532368e-01      1.231211680601206e-01    -5.010000000000001e-02
    4.882319325498818e-01      1.232426245277977e-01    -5.010000000000001e-02
    4.883641612969037e-01      1.233602285982379e-01    -5.010000000000001e-02
    4.884929677735331e-01      1.234740416497751e-01    -5.010000000000001e-02
    4.886181765768068e-01      1.235842895353897e-01    -5.010000000000001e-02
    4.887401071981598e-01      1.236906493151491e-01    -5.010000000000001e-02
    4.888583682400510e-01      1.237936262740460e-01    -5.010000000000001e-02
    4.889733560640716e-01      1.238928363890820e-01    -5.010000000000001e-02
    4.890847637077965e-01      1.239887182798492e-01    -5.010000000000001e-02
    4.891931249784571e-01      1.240807473075948e-01    -5.010000000000001e-02
    4.892978865638339e-01      1.241696793482341e-01    -5.010000000000001e-02
    4.893992893433945e-01      1.242553501824193e-01    -5.010000000000001e-02
    4.894971878320171e-01      1.243380603923576e-01    -5.010000000000001e-02
    4.895918245203430e-01      1.244176591053335e-01    -5.010000000000001e-02
    4.896831181274350e-01      1.244943863633538e-01    -5.010000000000001e-02
    4.897714325844549e-01      1.245679545662256e-01    -5.010000000000001e-02
    4.898569347959758e-01      1.246383183726067e-01    -5.010000000000000e-02
    4.899392639846708e-01      1.247060709487075e-01    -5.009999999999999e-02
    4.900185004162053e-01      1.247712783489332e-01    -5.009999999999999e-02
    4.900947255650839e-01      1.248340076225000e-01    -5.009999999999999e-02
    4.901680217661110e-01      1.248943265266055e-01    -5.009999999999999e-02
    4.902388761345028e-01      1.249518075295920e-01    -5.009999999999999e-02
    4.903070604098710e-01      1.250069008663390e-01    -5.010000000000001e-02
    4.903725451125431e-01      1.250598129308377e-01    -5.010000000000001e-02
    4.904354986565485e-01      1.251105054463205e-01    -5.010000000000001e-02
    4.904960341447160e-01      1.251590078189983e-01    -5.010000000000001e-02
    4.905541103590493e-01      1.252055397670601e-01    -5.010000000000001e-02
    4.906098088166795e-01      1.252501666038352e-01    -5.010000000000000e-02
    4.906632576613245e-01      1.252928931002586e-01    -5.010000000000001e-02
    4.907145335832323e-01      1.253337858818003e-01    -5.010000000000001e-02
    4.907636653781656e-01      1.253729687123026e-01    -5.010000000000001e-02
    4.908107295804363e-01      1.254105026282281e-01    -5.010000000000001e-02
    4.908558011608087e-01      1.254464474191034e-01    -5.010000000000001e-02
    4.908992534126212e-01      1.254804811654529e-01    -5.010000000000001e-02
    4.909409171796976e-01      1.255129663081959e-01    -5.010000000000001e-02
    4.909807876538283e-01      1.255440532245805e-01    -5.010000000000001e-02
    4.910189334648016e-01      1.255737954250936e-01    -5.010000000000001e-02
    4.910554213845736e-01      1.256022449716749e-01    -5.010000000000001e-02
    4.910903163045240e-01      1.256294524599829e-01    -5.010000000000001e-02
    4.911236812216362e-01      1.256554670086197e-01    -5.010000000000001e-02
    4.911555772327435e-01      1.256803362546448e-01    -5.010000000000001e-02
    4.911860635360345e-01      1.257041063547487e-01    -5.010000000000001e-02
    4.912151974390560e-01      1.257268219914933e-01    -5.010000000000001e-02
    4.912430343725022e-01      1.257485263840623e-01    -5.010000000000001e-02
    4.912696279091229e-01      1.257692613030048e-01    -5.010000000000001e-02
    4.912950297871350e-01      1.257890670884887e-01    -5.010000000000001e-02
    4.913192899375610e-01      1.258079826716166e-01    -5.010000000000001e-02
    4.913425144340684e-01      1.258259709849492e-01    -5.010000000000000e-02
    4.913646893058590e-01      1.258431461533459e-01    -5.010000000000001e-02
    4.913858339021859e-01      1.258595746755030e-01    -5.010000000000001e-02
    4.914059809876972e-01      1.258753055255518e-01    -5.010000000000000e-02
    4.914251591928674e-01      1.258903837883525e-01    -5.010000000000001e-02
    4.914433967514202e-01      1.259048533127733e-01    -5.010000000000001e-02
    4.914607273250670e-01      1.259187611302172e-01    -5.010000000000001e-02
    4.914771705437083e-01      1.259321415173492e-01    -5.010000000000000e-02
    4.914927547926676e-01      1.259450337675873e-01    -5.010000000000000e-02
    4.915075053665115e-01      1.259574722645661e-01    -5.010000000000001e-02
    4.915214472806373e-01      1.259694882287502e-01    -5.010000000000000e-02
    4.915346055809717e-01      1.259811094800907e-01    -5.010000000000000e-02
    4.915470056614049e-01      1.259923602629385e-01    -5.010000000000000e-02
    4.915586735627727e-01      1.260032611622603e-01    -5.010000000000000e-02
    4.915696362227428e-01      1.260138291352545e-01    -5.010000000000000e-02
    4.915799216464599e-01      1.260240776728609e-01    -5.010000000000000e-02
    4.915895589740401e-01      1.260340170922625e-01    -5.010000000000000e-02
    4.915985784322671e-01      1.260436549462811e-01    -5.010000000000000e-02
    4.916070111719784e-01      1.260529965213905e-01    -5.010000000000001e-02
    4.916148890067130e-01      1.260620453857797e-01    -5.010000000000000e-02
    4.916222440793185e-01      1.260708039445685e-01    -5.010000000000000e-02
    4.916291084894499e-01      1.260792739615513e-01    -5.010000000000001e-02
    4.916355139156154e-01      1.260874570147421e-01    -5.010000000000000e-02
    4.916414915660425e-01      1.260953552737032e-01    -5.009999999999999e-02
    4.916470706755102e-01      1.261029701787585e-01    -5.010000000000001e-02
    4.916522800151676e-01      1.261103049370460e-01    -5.010000000000000e-02
    4.916571465662858e-01      1.261173631159898e-01    -5.009999999999999e-02
    4.916616956832683e-01      1.261241490301389e-01    -5.009999999999999e-02
    4.916659510357274e-01      1.261306677123908e-01    -5.010000000000000e-02
    4.916699346002628e-01      1.261369248492180e-01    -5.009999999999999e-02
    4.916736666918880e-01      1.261429266941301e-01    -5.010000000000000e-02
    4.916771660251493e-01      1.261486799707981e-01    -5.010000000000000e-02
    4.916804554473213e-01      1.261542013556321e-01    -5.010000000000000e-02
    4.916835407862070e-01      1.261594815862281e-01    -5.009999999999999e-02
    4.916864407812976e-01      1.261645353468319e-01    -5.010000000000001e-02
    4.916891686284704e-01      1.261693702434927e-01    -5.010000000000000e-02
    4.916917364125647e-01      1.261739939349989e-01    -5.009999999999999e-02
    4.916941552052689e-01      1.261784140771345e-01    -5.010000000000000e-02
    4.916964351570515e-01      1.261826382754883e-01    -5.010000000000001e-02
    4.916985855823970e-01      1.261866740461485e-01    -5.010000000000000e-02
    4.917006150380636e-01      1.261905287834923e-01    -5.010000000000001e-02
    4.917025313944081e-01      1.261942097342418e-01    -5.010000000000000e-02
    4.917043419000338e-01      1.261977239769801e-01    -5.010000000000000e-02
    4.917060532401475e-01      1.262010784063669e-01    -5.010000000000000e-02
    4.917076715890822e-01      1.262042797213635e-01    -5.010000000000000e-02
    4.917092026574777e-01      1.262073344168495e-01    -5.010000000000000e-02
    4.917106517346072e-01      1.262102487780859e-01    -5.010000000000000e-02
    4.917120237263269e-01      1.262130288775537e-01    -5.010000000000000e-02
    4.917133231890976e-01      1.262156805737580e-01    -5.009999999999999e-02
    4.917145543705822e-01      1.262182095324392e-01    -5.010000000000000e-02
    4.917157214847572e-01      1.262206216224386e-01    -5.009999999999999e-02
    4.917168282012743e-01      1.262229202685742e-01    -5.010000000000000e-02
    4.917178786354565e-01      1.262251118713390e-01    -5.010000000000000e-02
    4.917188755009289e-01      1.262272008362184e-01    -5.010000000000001e-02
    4.917198215899190e-01      1.262291918396092e-01    -5.010000000000000e-02
    4.917207195513624e-01      1.262310893619330e-01    -5.010000000000000e-02
    4.917215728586861e-01      1.262328997377097e-01    -5.010000000000001e-02
    4.917224228857131e-01      1.262347103111370e-01    -5.010000000000001e-02
    4.917232884859599e-01      1.262365615716345e-01    -5.010000000000000e-02
    4.917241697989664e-01      1.262384544179750e-01    -5.010000000000000e-02
    4.917250669546644e-01      1.262403897677262e-01    -5.010000000000001e-02
    4.917259800724513e-01      1.262423685576813e-01    -5.010000000000001e-02
    4.917269092602131e-01      1.262443917443154e-01    -5.010000000000001e-02
    4.917278546132946e-01      1.262464603042750e-01    -5.010000000000001e-02
    4.917288126453075e-01      1.262485673667023e-01    -5.010000000000001e-02
    4.917297899070918e-01      1.262507281973048e-01    -5.010000000000001e-02
    4.917307835776136e-01      1.262529375366842e-01    -5.010000000000001e-02
    4.917317937229146e-01      1.262551965205425e-01    -5.010000000000001e-02
    4.917328203979135e-01      1.262575063262867e-01    -5.010000000000001e-02
    4.917338636220689e-01      1.262598681223527e-01    -5.010000000000001e-02
    4.917349234125459e-01      1.262622831472021e-01    -5.010000000000000e-02
    4.917359971881609e-01      1.262647467383018e-01    -5.010000000000001e-02
    4.917370908007002e-01      1.262672737039522e-01    -5.010000000000001e-02
    4.917382008031319e-01      1.262698576170391e-01    -5.010000000000001e-02
    4.917393270689483e-01      1.262724997353074e-01    -5.009999999999999e-02
    4.917404694418475e-01      1.262752013462798e-01    -5.010000000000000e-02
    4.917416277340507e-01      1.262779637686537e-01    -5.010000000000001e-02
    4.917428017246106e-01      1.262807883538407e-01    -5.010000000000001e-02
    4.917439911577134e-01      1.262836764876613e-01    -5.010000000000000e-02
    4.917451957409950e-01      1.262866295922086e-01    -5.010000000000000e-02
    4.917464151438767e-01      1.262896491278949e-01    -5.010000000000000e-02
    4.917476524224941e-01      1.262927452162830e-01    -5.010000000000001e-02
    4.917489021259700e-01      1.262959068723645e-01    -5.010000000000001e-02
    4.917501658566320e-01      1.262991408526619e-01    -5.010000000000000e-02
    4.917514431337578e-01      1.263024488951306e-01    -5.010000000000001e-02
    4.917527334239123e-01      1.263058327788598e-01    -5.010000000000000e-02
    4.917540361387323e-01      1.263092943242682e-01    -5.010000000000000e-02
    4.917553506328823e-01      1.263128353931635e-01    -5.009999999999999e-02
    4.917566762022367e-01      1.263164578886513e-01    -5.010000000000001e-02
    4.917580120823513e-01      1.263201637548705e-01    -5.009999999999999e-02
    4.917593574472969e-01      1.263239549765409e-01    -5.009999999999999e-02
    4.917607114089262e-01      1.263278335783001e-01    -5.010000000000001e-02
    4.917620730166624e-01      1.263318016238110e-01    -5.010000000000001e-02
    4.917634412578946e-01      1.263358612146243e-01    -5.010000000000001e-02
    4.917648150590731e-01      1.263400144887745e-01    -5.010000000000001e-02
    4.917661932875966e-01      1.263442636190976e-01    -5.010000000000000e-02
    4.917675747545893e-01      1.263486108112596e-01    -5.010000000000000e-02
    4.917689582186504e-01      1.263530583014872e-01    -5.010000000000000e-02
    4.917703423906651e-01      1.263576083540028e-01    -5.009999999999999e-02
    4.917717259397472e-01      1.263622632581729e-01    -5.009999999999999e-02
    4.917731075003632e-01      1.263670253253874e-01    -5.009999999999999e-02
    4.917744856806814e-01      1.263718968857056e-01    -5.009999999999999e-02
    4.917758590721459e-01      1.263768802843129e-01    -5.010000000000000e-02
    4.917772262602567e-01      1.263819778778595e-01    -5.009999999999999e-02
    4.917785858364989e-01      1.263871920307653e-01    -5.009999999999999e-02
    4.917799364113195e-01      1.263925251116015e-01    -5.009999999999999e-02
    4.917812766280150e-01      1.263979794896843e-01    -5.009999999999999e-02
    4.917826051773472e-01      1.264035575320364e-01    -5.010000000000000e-02
    4.917839208126645e-01      1.264092616009018e-01    -5.009999999999999e-02
    4.917852223652654e-01      1.264150940520097e-01    -5.009999999999998e-02
    4.917865087597115e-01      1.264210572338080e-01    -5.009999999999999e-02
    4.917877790287737e-01      1.264271534878839e-01    -5.010000000000000e-02
    4.917890323276803e-01      1.264333851507895e-01    -5.009999999999999e-02
    4.917902679473366e-01      1.264397545574695e-01    -5.009999999999999e-02
    4.917914853261971e-01      1.264462640464499e-01    -5.009999999999999e-02
    4.917926840605031e-01      1.264529159668927e-01    -5.009999999999999e-02
    4.917938639126332e-01      1.264597126875467e-01    -5.009999999999998e-02
    4.917950265573046e-01      1.264666672130507e-01    -5.009999999999998e-02
    4.917961691966895e-01      1.264737647941813e-01    -5.009999999999999e-02
    4.917972934519718e-01      1.264810158732789e-01    -5.009999999999998e-02
    4.917983997110598e-01      1.264884226111371e-01    -5.009999999999998e-02
    4.917994886009468e-01      1.264959876300824e-01    -5.009999999999999e-02
    4.918005609132718e-01      1.265037135942022e-01    -5.009999999999998e-02
    4.918016175977093e-01      1.265116032129552e-01    -5.009999999999998e-02
    4.918026597539296e-01      1.265196592444853e-01    -5.009999999999998e-02
    4.918036886223927e-01      1.265278844985755e-01    -5.009999999999998e-02
    4.918047055742385e-01      1.265362818391811e-01    -5.009999999999998e-02
    4.918057121005437e-01      1.265448541864814e-01    -5.009999999999997e-02
    4.918067098011948e-01      1.265536045183950e-01    -5.009999999999996e-02
    4.918077003736153e-01      1.265625358715017e-01    -5.009999999999998e-02
    4.918086856015546e-01      1.265716513413422e-01    -5.009999999999998e-02
    4.918096673441254e-01      1.265809540820817e-01    -5.009999999999998e-02
    4.918106475252429e-01      1.265904473055814e-01    -5.009999999999997e-02
    4.918116281235986e-01      1.266001342799838e-01    -5.009999999999997e-02
    4.918126111632716e-01      1.266100183280149e-01    -5.009999999999997e-02
    4.918135987050686e-01      1.266201028253280e-01    -5.009999999999997e-02
    4.918145928386648e-01      1.266303911993629e-01    -5.009999999999998e-02
    4.918155956756161e-01      1.266408869293722e-01    -5.009999999999997e-02
    4.918166093433106e-01      1.266515935484662e-01    -5.009999999999997e-02
    4.918176354298869e-01      1.266625087804746e-01    -5.009999999999997e-02
    4.918186777292571e-01      1.266736538766300e-01    -5.009999999999997e-02
    4.918197360805510e-01      1.266850078887640e-01    -5.009999999999998e-02
    4.918208157038987e-01      1.266966075806589e-01    -5.009999999999997e-02
    4.918219151116868e-01      1.267084178102297e-01    -5.009999999999998e-02
    4.918230388368097e-01      1.267204682424442e-01    -5.009999999999998e-02
    4.918241881723693e-01      1.267327538964421e-01    -5.009999999999998e-02
    4.918253655495636e-01      1.267452820784212e-01    -5.009999999999998e-02
    4.918265843301197e-01      1.267580541972055e-01    -5.009999999999998e-02
    4.918278430101246e-01      1.267710748318368e-01    -5.009999999999998e-02
    4.918291429411342e-01      1.267843481399133e-01    -5.009999999999998e-02
    4.918304855190733e-01      1.267978783193909e-01    -5.009999999999998e-02
    4.918318721854982e-01      1.268116696076122e-01    -5.009999999999997e-02
    4.918333044288821e-01      1.268257262802568e-01    -5.009999999999997e-02
    4.918347837859204e-01      1.268400526502077e-01    -5.009999999999997e-02
    4.918363118428565e-01      1.268546530663336e-01    -5.009999999999997e-02
    4.918378902368273e-01      1.268695319121816e-01    -5.009999999999997e-02
    4.918395206572259e-01      1.268846936045791e-01    -5.009999999999997e-02
    4.918412048470827e-01      1.269001425921403e-01    -5.009999999999997e-02
    4.918429446044620e-01      1.269158833536761e-01    -5.009999999999997e-02
    4.918447417838730e-01      1.269319203965013e-01    -5.009999999999997e-02
    4.918465982976947e-01      1.269482582546396e-01    -5.009999999999997e-02
    4.918485161176122e-01      1.269649014869199e-01    -5.009999999999997e-02
    4.918504972760630e-01      1.269818546749635e-01    -5.009999999999997e-02
    4.918525438676913e-01      1.269991224210564e-01    -5.009999999999997e-02
    4.918546580508087e-01      1.270167093459060e-01    -5.009999999999997e-02
    4.918568420488587e-01      1.270346200862774e-01    -5.009999999999996e-02
    4.918590981518825e-01      1.270528592925073e-01    -5.009999999999996e-02
    4.918614287179842e-01      1.270714316258912e-01    -5.009999999999996e-02
    4.918638361747922e-01      1.270903417559418e-01    -5.009999999999996e-02
    4.918663230209143e-01      1.271095943575166e-01    -5.009999999999996e-02
    4.918688918273826e-01      1.271291941078085e-01    -5.009999999999996e-02
    4.918715452390866e-01      1.271491456832011e-01    -5.009999999999996e-02
    4.918742859761882e-01      1.271694537559819e-01    -5.009999999999996e-02
    4.918771168355188e-01      1.271901229909138e-01    -5.009999999999996e-02
    4.918800406919510e-01      1.272111580416603e-01    -5.009999999999996e-02
    4.918830604997423e-01      1.272325635470638e-01    -5.009999999999996e-02
    4.918861792938470e-01      1.272543441272734e-01    -5.009999999999996e-02
    4.918894001911910e-01      1.272765043797212e-01    -5.009999999999996e-02
    4.918927263919042e-01      1.272990488749447e-01    -5.009999999999996e-02
    4.918961611805068e-01      1.273219821522539e-01    -5.009999999999996e-02
    4.918997079270434e-01      1.273453087152418e-01    -5.009999999999996e-02
    4.919033700881588e-01      1.273690330271366e-01    -5.009999999999996e-02
    4.919071512081118e-01      1.273931595059962e-01    -5.009999999999996e-02
    4.919110549197180e-01      1.274176925197418e-01    -5.009999999999996e-02
    4.919150849452187e-01      1.274426363810332e-01    -5.009999999999996e-02
    4.919192450970666e-01      1.274679953419839e-01    -5.009999999999996e-02
    4.919235392786233e-01      1.274937735887164e-01    -5.009999999999995e-02
    4.919279714847611e-01      1.275199752357604e-01    -5.009999999999995e-02
    4.919325458023624e-01      1.275466043202918e-01    -5.009999999999995e-02
    4.919372664107085e-01      1.275736647962174e-01    -5.009999999999995e-02
    4.919421375817508e-01      1.276011605281046e-01    -5.009999999999995e-02
    4.919471636802572e-01      1.276290952849604e-01    -5.009999999999995e-02
    4.919523491638247e-01      1.276574727338615e-01    -5.009999999999995e-02
    4.919576985827505e-01      1.276862964334392e-01    -5.009999999999995e-02
    4.919632165797536e-01      1.277155698272237e-01    -5.009999999999994e-02
    4.919689078895387e-01      1.277452962368514e-01    -5.009999999999994e-02
    4.919747773381930e-01      1.277754788551410e-01    -5.009999999999994e-02
    4.919808298424077e-01      1.278061207390434e-01    -5.009999999999994e-02
    4.919870704085164e-01      1.278372248024725e-01    -5.009999999999994e-02
    4.919935041313402e-01      1.278687938090236e-01    -5.009999999999994e-02
    4.920001361928315e-01      1.279008303645869e-01    -5.009999999999994e-02
    4.920069718605081e-01      1.279333369098639e-01    -5.009999999999994e-02
    4.920140164856683e-01      1.279663157127972e-01    -5.009999999999994e-02
    4.920212755013779e-01      1.279997688609222e-01    -5.009999999999994e-02
    4.920287544202223e-01      1.280336982536507e-01    -5.009999999999994e-02
    4.920364588318135e-01      1.280681055944996e-01    -5.009999999999994e-02
    4.920443944000447e-01      1.281029923832747e-01    -5.009999999999994e-02
    4.920525668600839e-01      1.281383599082230e-01    -5.009999999999994e-02
    4.920609820151004e-01      1.281742092381672e-01    -5.009999999999994e-02
    4.920696457327143e-01      1.282105412146364e-01    -5.009999999999994e-02
    4.920785639411644e-01      1.282473564440080e-01    -5.009999999999993e-02
    4.920877426251863e-01      1.282846552896766e-01    -5.009999999999993e-02
    4.920971878215955e-01      1.283224378642663e-01    -5.009999999999993e-02
    4.921069056145693e-01      1.283607040219039e-01    -5.009999999999993e-02
    4.921169021306232e-01      1.283994533505707e-01    -5.009999999999993e-02
    4.921271835332765e-01      1.284386851645517e-01    -5.009999999999993e-02
    4.921377560174045e-01      1.284783984970020e-01    -5.009999999999993e-02
    4.921486258032735e-01      1.285185920926496e-01    -5.009999999999993e-02
    4.921597991302566e-01      1.285592644006555e-01    -5.009999999999992e-02
    4.921712822502301e-01      1.286004135676530e-01    -5.009999999999992e-02
    4.921830814206484e-01      1.286420374309873e-01    -5.009999999999992e-02
    4.921952028972994e-01      1.286841335121777e-01    -5.009999999999992e-02
    4.922076529267421e-01      1.287266990106254e-01    -5.009999999999992e-02
    4.922204377384282e-01      1.287697307975896e-01    -5.009999999999992e-02
    4.922335635365128e-01      1.288132254104561e-01    -5.009999999999992e-02
    4.922470364913582e-01      1.288571790473209e-01    -5.009999999999992e-02
    4.922608627307383e-01      1.289015875619136e-01    -5.009999999999992e-02
    4.922750483307507e-01      1.289464464588841e-01    -5.009999999999992e-02
    4.922895993064449e-01      1.289917508894765e-01    -5.009999999999992e-02
    4.923045216021786e-01      1.290374956476148e-01    -5.009999999999992e-02
    4.923198210817117e-01      1.290836751664227e-01    -5.009999999999992e-02
    4.923355035180533e-01      1.291302835152023e-01    -5.009999999999992e-02
    4.923515745830748e-01      1.291773143968941e-01    -5.009999999999992e-02
    4.923680398369054e-01      1.292247611460414e-01    -5.009999999999992e-02
    4.923849047171288e-01      1.292726167272797e-01    -5.009999999999991e-02
    4.924021745277978e-01      1.293208737343751e-01    -5.009999999999991e-02
    4.924198544282901e-01      1.293695243898291e-01    -5.009999999999991e-02
    4.924379494220238e-01      1.294185605450716e-01    -5.009999999999991e-02
    4.924564643450600e-01      1.294679736812604e-01    -5.009999999999991e-02
    4.924754038546133e-01      1.295177549107029e-01    -5.009999999999991e-02
    4.924947724174985e-01      1.295678949789184e-01    -5.009999999999991e-02
    4.925145742985411e-01      1.296183842673547e-01    -5.009999999999991e-02
    4.925348135489781e-01      1.296692127967712e-01    -5.009999999999991e-02
    4.925554939948816e-01      1.297203702313020e-01    -5.009999999999990e-02
    4.925766192256342e-01      1.297718458832076e-01    -5.009999999999990e-02
    4.925981925824881e-01      1.298236287183239e-01    -5.009999999999990e-02
    4.926202171472425e-01      1.298757073622132e-01    -5.009999999999990e-02
    4.926426957310704e-01      1.299280701070237e-01    -5.009999999999990e-02
    4.926656308635314e-01      1.299807049190567e-01    -5.009999999999990e-02
    4.926890247818037e-01      1.300335994470434e-01    -5.009999999999990e-02
    4.927128794201716e-01      1.300867410311273e-01    -5.009999999999990e-02
    4.927371963998038e-01      1.301401167125480e-01    -5.009999999999990e-02
    4.927619770188586e-01      1.301937132440190e-01    -5.009999999999990e-02
    4.927872222429508e-01      1.302475171007894e-01    -5.009999999999990e-02
    4.928129326960173e-01      1.303015144923780e-01    -5.009999999999990e-02
    4.928391086516161e-01      1.303556913749641e-01    -5.009999999999990e-02
    4.928657500246933e-01      1.304100334644185e-01    -5.009999999999990e-02
    4.928928563638523e-01      1.304645262499547e-01    -5.009999999999990e-02
    4.929204268441595e-01      1.305191550083787e-01    -5.009999999999990e-02
    4.929484602605176e-01      1.305739048189110e-01    -5.009999999999990e-02
    4.929769550216388e-01      1.306287605785563e-01    -5.009999999999990e-02
    4.930059091446466e-01      1.306837070179893e-01    -5.009999999999990e-02
    4.930353202503358e-01      1.307387287179255e-01    -5.009999999999990e-02
    4.930651855591169e-01      1.307938101259443e-01    -5.009999999999990e-02
    4.930955018876691e-01      1.308489355737268e-01    -5.009999999999990e-02
    4.931262656463260e-01      1.309040892946710e-01    -5.009999999999990e-02
    4.931574728372136e-01      1.309592554418452e-01    -5.009999999999990e-02
    4.931891190531600e-01      1.310144181062372e-01    -5.009999999999990e-02
    4.932211994773922e-01      1.310695613352568e-01    -5.009999999999990e-02
    4.932537088840335e-01      1.311246691514472e-01    -5.009999999999990e-02
    4.932866416394133e-01      1.311797255713594e-01    -5.009999999999990e-02
    4.933199917041967e-01      1.312347146245429e-01    -5.009999999999990e-02
    4.933537526363390e-01      1.312896203726058e-01    -5.009999999999990e-02
    4.933879175948688e-01      1.313444269282953e-01    -5.009999999999990e-02
    4.934224793444987e-01      1.313991184745509e-01    -5.009999999999990e-02
    4.934574302610594e-01      1.314536792834802e-01    -5.009999999999990e-02
    4.934927623377527e-01      1.315080937352098e-01    -5.009999999999990e-02
    4.935284671922132e-01      1.315623463365624e-01    -5.009999999999990e-02
    4.935645360743650e-01      1.316164217395108e-01    -5.009999999999990e-02
    4.936009598750623e-01      1.316703047593625e-01    -5.009999999999990e-02
    4.936377291354904e-01      1.317239803926269e-01    -5.009999999999990e-02
    4.936748340573118e-01      1.317774338345211e-01    -5.009999999999990e-02
    4.937122645135288e-01      1.318306504960676e-01    -5.009999999999990e-02
    4.937500100600408e-01      1.318836160207423e-01    -5.009999999999990e-02
    4.937880599478636e-01      1.319363163006315e-01    -5.009999999999990e-02
    4.938264031359827e-01      1.319887374920566e-01    -5.009999999999990e-02
    4.938650283048054e-01      1.320408660306311e-01    -5.009999999999990e-02
    4.939039238701763e-01      1.320926886457130e-01    -5.009999999999990e-02
    4.939430779979191e-01      1.321441923742188e-01    -5.009999999999990e-02
    4.939824786188655e-01      1.321953645737704e-01    -5.009999999999990e-02
    4.940221134443294e-01      1.322461929351438e-01    -5.009999999999990e-02
    4.940619699819853e-01      1.322966654939967e-01    -5.009999999999990e-02
    4.941020355521062e-01      1.323467706418494e-01    -5.009999999999990e-02
    4.941422973041169e-01      1.323964971363013e-01    -5.009999999999990e-02
    4.941827422334178e-01      1.324458341104634e-01    -5.009999999999990e-02
    4.942233571984322e-01      1.324947710815939e-01    -5.009999999999990e-02
    4.942641289378313e-01      1.325432979589251e-01    -5.009999999999990e-02
    4.943050440878906e-01      1.325914050506717e-01    -5.009999999999990e-02
    4.943460891999302e-01      1.326390830702170e-01    -5.009999999999990e-02
    4.943872507577936e-01      1.326863231414721e-01    -5.009999999999990e-02
    4.944285151953183e-01      1.327331168034094e-01    -5.009999999999991e-02
    4.944698689137539e-01      1.327794560137723e-01    -5.009999999999991e-02
    4.945112982990818e-01      1.328253331519675e-01    -5.009999999999991e-02
    4.945527897391938e-01      1.328707410211475e-01    -5.009999999999991e-02
    4.945943296408880e-01      1.329156728494939e-01    -5.009999999999991e-02
    4.946359044466389e-01      1.329601222907151e-01    -5.009999999999991e-02
    4.946775006511037e-01      1.330040834237740e-01    -5.009999999999991e-02
    4.947191048173267e-01      1.330475507518625e-01    -5.009999999999991e-02
    4.947607035926047e-01      1.330905192006434e-01    -5.009999999999992e-02
    4.948022837239794e-01      1.331329841157816e-01    -5.009999999999992e-02
    4.948438320733252e-01      1.331749412597872e-01    -5.009999999999992e-02
    4.948853356319997e-01      1.332163868081960e-01    -5.009999999999992e-02
    4.949267815350317e-01      1.332573173451150e-01    -5.009999999999992e-02
    4.949681570748173e-01      1.332977298581587e-01    -5.009999999999992e-02
    4.950094497143031e-01      1.333376217328083e-01    -5.009999999999992e-02
    4.950506470996320e-01      1.333769907462205e-01    -5.009999999999992e-02
    4.950917370722359e-01      1.334158350605199e-01    -5.009999999999992e-02
    4.951327076803535e-01      1.334541532156047e-01    -5.009999999999992e-02
    4.951735471899630e-01      1.334919441214991e-01    -5.009999999999992e-02
    4.952142440951146e-01      1.335292070502840e-01    -5.009999999999992e-02
    4.952547871276528e-01      1.335659416276397e-01    -5.009999999999992e-02
    4.952951652663220e-01      1.336021478240326e-01    -5.009999999999993e-02
    4.953353677452475e-01      1.336378259455800e-01    -5.009999999999993e-02
    4.953753840617901e-01      1.336729766246244e-01    -5.009999999999993e-02
    4.954152039837720e-01      1.337076008100502e-01    -5.009999999999993e-02
    4.954548175560739e-01      1.337416997573753e-01    -5.009999999999993e-02
    4.954942151066067e-01      1.337752750186480e-01    -5.009999999999993e-02
    4.955333872516614e-01      1.338083284321809e-01    -5.009999999999994e-02
    4.955723249006430e-01      1.338408621121508e-01    -5.009999999999994e-02
    4.956110192601975e-01      1.338728784380960e-01    -5.009999999999994e-02
    4.956494618377381e-01      1.339043800443355e-01    -5.009999999999994e-02
    4.956876444443853e-01      1.339353698093426e-01    -5.009999999999994e-02
    4.957255591973300e-01      1.339658508450937e-01    -5.009999999999994e-02
    4.957631985216334e-01      1.339958264864226e-01    -5.009999999999994e-02
    4.958005551514799e-01      1.340253002804009e-01    -5.009999999999994e-02
    4.958376221308963e-01      1.340542759757689e-01    -5.009999999999994e-02
    4.958743928139557e-01      1.340827575124386e-01    -5.009999999999994e-02
    4.959108608644817e-01      1.341107490110900e-01    -5.009999999999994e-02
    4.959470202552724e-01      1.341382547628778e-01    -5.009999999999995e-02
    4.959828652668626e-01      1.341652792192698e-01    -5.009999999999995e-02
    4.960183904858433e-01      1.341918269820306e-01    -5.009999999999995e-02
    4.960535908027576e-01      1.342179027933683e-01    -5.009999999999995e-02
    4.960884614095950e-01      1.342435115262583e-01    -5.009999999999995e-02
    4.961229977969021e-01      1.342686581749553e-01    -5.009999999999996e-02
    4.961571957505324e-01      1.342933478457083e-01    -5.009999999999996e-02
    4.961910513480543e-01      1.343175857476876e-01    -5.009999999999996e-02
    4.962245609548385e-01      1.343413771841327e-01    -5.009999999999996e-02
    4.962577212198460e-01      1.343647275437316e-01    -5.009999999999996e-02
    4.962905290711362e-01      1.343876422922367e-01    -5.009999999999996e-02
    4.963229817111167e-01      1.344101269643253e-01    -5.009999999999996e-02
    4.963550766115525e-01      1.344321871557081e-01    -5.009999999999996e-02
    4.963868115083584e-01      1.344538285154923e-01    -5.009999999999996e-02
    4.964181843961893e-01      1.344750567388000e-01    -5.009999999999996e-02
    4.964491935228511e-01      1.344958775596465e-01    -5.009999999999996e-02
    4.964798373835495e-01      1.345162967440793e-01    -5.009999999999996e-02
    4.965101147149938e-01      1.345363200835777e-01    -5.009999999999997e-02
    4.965400244893756e-01      1.345559533887153e-01    -5.009999999999997e-02
    4.965695659082367e-01      1.345752024830819e-01    -5.009999999999997e-02
    4.965987383962457e-01      1.345940731974662e-01    -5.009999999999997e-02
    4.966275415948964e-01      1.346125713642952e-01    -5.009999999999997e-02
    4.966559753561453e-01      1.346307028123291e-01    -5.009999999999997e-02
    4.966840397360019e-01      1.346484733616087e-01    -5.009999999999998e-02
    4.967117349880863e-01      1.346658888186501e-01    -5.009999999999998e-02
    4.967390615571673e-01      1.346829549718858e-01    -5.009999999999998e-02
    4.967660200726935e-01      1.346996775873446e-01    -5.009999999999998e-02
    4.967926113423305e-01      1.347160624045681e-01    -5.009999999999998e-02
    4.968188363455147e-01      1.347321151327571e-01    -5.009999999999998e-02
    4.968446962270349e-01      1.347478414471440e-01    -5.009999999999999e-02
    4.968701922906518e-01      1.347632469855841e-01    -5.009999999999999e-02
    4.968953259927658e-01      1.347783373453622e-01    -5.009999999999999e-02
    4.969200989361405e-01      1.347931180802058e-01    -5.009999999999999e-02
    4.969445128636915e-01      1.348075946975014e-01    -5.009999999999999e-02
    4.969685696523482e-01      1.348217726557066e-01    -5.009999999999999e-02
    4.969922713069947e-01      1.348356573619509e-01    -5.009999999999999e-02
    4.970156199544983e-01      1.348492541698209e-01    -5.009999999999999e-02
    4.970386178378293e-01      1.348625683773213e-01    -5.009999999999999e-02
    4.970612671212971e-01      1.348756055588296e-01    -5.009999999999999e-02
    4.970835453714502e-01      1.348884191180203e-01    -5.009999999999999e-02
    4.971054364792906e-01      1.349010324135105e-01    -5.009999999999999e-02
    4.971269512749200e-01      1.349134510067543e-01    -5.010000000000000e-02
    4.971480922613454e-01      1.349256756818963e-01    -5.009999999999999e-02
    4.971688640558193e-01      1.349377084562634e-01    -5.009999999999999e-02
    4.971892712572968e-01      1.349495513522205e-01    -5.009999999999999e-02
    4.972093132457219e-01      1.349612033703545e-01    -5.009999999999999e-02
    4.972290094414867e-01      1.349726751869672e-01    -5.010000000000000e-02
    4.972483514787213e-01      1.349839613277571e-01    -5.009999999999999e-02
    4.972673424913212e-01      1.349950630059959e-01    -5.009999999999999e-02
    4.972860007582360e-01      1.350059903204658e-01    -5.010000000000000e-02
    4.973043178194211e-01      1.350167377396311e-01    -5.009999999999999e-02
    4.973223027317090e-01      1.350273099952360e-01    -5.009999999999999e-02
    4.973399601010547e-01      1.350377092281246e-01    -5.009999999999999e-02
    4.973572945171910e-01      1.350479375827658e-01    -5.009999999999999e-02
    4.973743105507695e-01      1.350579972053214e-01    -5.010000000000000e-02
    4.973910127506106e-01      1.350678902417772e-01    -5.010000000000000e-02
    4.974074056410691e-01      1.350776188361444e-01    -5.010000000000000e-02
    4.974234937195165e-01      1.350871851287272e-01    -5.010000000000001e-02
    4.974392814539420e-01      1.350965912544610e-01    -5.010000000000000e-02
    4.974547732806751e-01      1.351058393413226e-01    -5.009999999999999e-02
    4.974699736022321e-01      1.351149315088113e-01    -5.009999999999999e-02
    4.974848867852861e-01      1.351238698665032e-01    -5.009999999999999e-02
    4.974995253533474e-01      1.351326614391847e-01    -5.010000000000000e-02
    4.975138797936576e-01      1.351413000281474e-01    -5.009999999999999e-02
    4.975279605672027e-01      1.351497914350715e-01    -5.009999999999999e-02
    4.975417719765598e-01      1.351581377779820e-01    -5.009999999999999e-02
    4.975553182889896e-01      1.351663411647403e-01    -5.009999999999999e-02
    4.975686037352503e-01      1.351744036921704e-01    -5.009999999999999e-02
    4.975816325084846e-01      1.351823274452310e-01    -5.009999999999999e-02
    4.975944087631727e-01      1.351901144962295e-01    -5.010000000000000e-02
    4.976069366141508e-01      1.351977669040771e-01    -5.010000000000000e-02
    4.976192201356898e-01      1.352052867135837e-01    -5.009999999999999e-02
    4.976312633606365e-01      1.352126759547899e-01    -5.010000000000000e-02
    4.976430702796085e-01      1.352199366423358e-01    -5.009999999999999e-02
    4.976546448402450e-01      1.352270707748647e-01    -5.009999999999999e-02
    4.976659909465092e-01      1.352340803344580e-01    -5.010000000000000e-02
    4.976771124580385e-01      1.352409672861042e-01    -5.009999999999999e-02
    4.976880131895429e-01      1.352477335771954e-01    -5.010000000000000e-02
    4.976986969102469e-01      1.352543811370538e-01    -5.009999999999999e-02
    4.977091673433728e-01      1.352609118764840e-01    -5.009999999999999e-02
    4.977194281656654e-01      1.352673276873524e-01    -5.010000000000000e-02
    4.977294830069520e-01      1.352736304421887e-01    -5.009999999999999e-02
    4.977393354497398e-01      1.352798219938123e-01    -5.010000000000000e-02
    4.977489890288454e-01      1.352859041749788e-01    -5.010000000000001e-02
    4.977584472310563e-01      1.352918787980474e-01    -5.010000000000000e-02
    4.977677134948226e-01      1.352977476546674e-01    -5.010000000000000e-02
    4.977767912099750e-01      1.353035125154829e-01    -5.010000000000000e-02
    4.977856837174720e-01      1.353091751298540e-01    -5.010000000000000e-02
    4.977943943091696e-01      1.353147372255942e-01    -5.009999999999999e-02
    4.978029262276145e-01      1.353202005087231e-01    -5.010000000000000e-02
    4.978112912819429e-01      1.353255722041065e-01    -5.009999999999999e-02
    4.978194770369098e-01      1.353308439743477e-01    -5.010000000000000e-02
    4.978274938159788e-01      1.353360220965358e-01    -5.010000000000000e-02
    4.978353446979235e-01      1.353411082118338e-01    -5.010000000000000e-02
    4.978430327149837e-01      1.353461039411918e-01    -5.010000000000000e-02
    4.978505608529977e-01      1.353510108853710e-01    -5.010000000000000e-02
    4.978579320515529e-01      1.353558306249842e-01    -5.010000000000000e-02
    4.978651492041520e-01      1.353605647205531e-01    -5.010000000000000e-02
    4.978722151583954e-01      1.353652147125815e-01    -5.010000000000000e-02
    4.978791327161742e-01      1.353697821216436e-01    -5.010000000000000e-02
    4.978859046338753e-01      1.353742684484861e-01    -5.010000000000000e-02
    4.978925336225948e-01      1.353786751741445e-01    -5.010000000000000e-02
    4.978990223483580e-01      1.353830037600710e-01    -5.009999999999999e-02
    4.979053734323441e-01      1.353872556482761e-01    -5.010000000000000e-02
    4.979115894511125e-01      1.353914322614795e-01    -5.010000000000000e-02
    4.979176729368300e-01      1.353955350032727e-01    -5.010000000000000e-02
    4.979236263774949e-01      1.353995652582906e-01    -5.009999999999999e-02
    4.979294522171567e-01      1.354035243923918e-01    -5.009999999999999e-02
    4.979351528561260e-01      1.354074137528470e-01    -5.010000000000000e-02
    4.979407306511774e-01      1.354112346685342e-01    -5.010000000000001e-02
    4.979461879157344e-01      1.354149884501391e-01    -5.010000000000000e-02
    4.979515269200403e-01      1.354186763903615e-01    -5.010000000000000e-02
    4.979567498913068e-01      1.354222997641247e-01    -5.010000000000001e-02
    4.979618590138381e-01      1.354258598287871e-01    -5.010000000000000e-02
    4.979668564291268e-01      1.354293578243558e-01    -5.010000000000001e-02
    4.979717442359163e-01      1.354327949736990e-01    -5.009999999999999e-02
    4.979765244902239e-01      1.354361724827577e-01    -5.009999999999999e-02
    4.979811992053211e-01      1.354394915407525e-01    -5.009999999999999e-02
    4.979857703516641e-01      1.354427533203861e-01    -5.010000000000001e-02
    4.979902398567672e-01      1.354459589780377e-01    -5.010000000000000e-02
    4.979946096050139e-01      1.354491096539474e-01    -5.010000000000000e-02
    4.979988814373958e-01      1.354522064723889e-01    -5.010000000000000e-02
    4.980030571511714e-01      1.354552505418257e-01    -5.010000000000000e-02
    4.980071475127983e-01      1.354582495830707e-01    -5.009999999999999e-02
    4.980111379029458e-01      1.354611927141674e-01    -5.009999999999999e-02
    4.980150375897327e-01      1.354640865615958e-01    -5.010000000000000e-02
    4.980188482348118e-01      1.354669322103939e-01    -5.009999999999999e-02
    4.980225714589008e-01      1.354697307361205e-01    -5.010000000000000e-02
    4.980262088414236e-01      1.354724832056754e-01    -5.010000000000000e-02
    4.980297619200409e-01      1.354751906781826e-01    -5.010000000000001e-02
    4.980332321900506e-01      1.354778542059467e-01    -5.009999999999999e-02
    4.980366211036349e-01      1.354804748354887e-01    -5.010000000000001e-02
    4.980399300689267e-01      1.354830536086699e-01    -5.009999999999999e-02
    4.980431604488651e-01      1.354855915639173e-01    -5.010000000000001e-02
    4.980463135597968e-01      1.354880897375570e-01    -5.010000000000000e-02
    4.980493906697789e-01      1.354905491652741e-01    -5.010000000000000e-02
    4.980523929965205e-01      1.354929708837070e-01    -5.009999999999999e-02
    4.980553217048923e-01      1.354953559321962e-01    -5.009999999999999e-02
    4.980581779039144e-01      1.354977053547005e-01    -5.010000000000001e-02
    4.980609626431092e-01      1.355000202018987e-01    -5.010000000000001e-02
    4.980636769080798e-01      1.355023015334942e-01    -5.010000000000000e-02
    4.980663216151411e-01      1.355045504207392e-01    -5.010000000000000e-02
    4.980688976047771e-01      1.355067679491921e-01    -5.010000000000000e-02
    4.980714056336500e-01      1.355089552217221e-01    -5.010000000000000e-02
    4.980738463647985e-01      1.355111133617627e-01    -5.009999999999999e-02
    4.980762203555686e-01      1.355132435168087e-01    -5.010000000000000e-02
    4.980785280426851e-01      1.355153468621315e-01    -5.009999999999999e-02
    4.980807775406433e-01      1.355174319143834e-01    -5.009999999999999e-02
    4.980829555588400e-01      1.355194875387448e-01    -5.010000000000000e-02
    4.980850682532459e-01      1.355215207720448e-01    -5.010000000000001e-02
    4.980871154972742e-01      1.355235331524748e-01    -5.010000000000001e-02
    4.980890969273177e-01      1.355255263317956e-01    -5.009999999999999e-02
    4.980910118899150e-01      1.355275020990339e-01    -5.009999999999999e-02
    4.980928593713049e-01      1.355294624094103e-01    -5.009999999999999e-02
    4.980946379019802e-01      1.355314094195874e-01    -5.009999999999999e-02
    4.980963454250639e-01      1.355333455303138e-01    -5.010000000000000e-02
    4.980979791112957e-01      1.355352734371447e-01    -5.009999999999999e-02
    4.980995350935521e-01      1.355371961886319e-01    -5.010000000000000e-02
    4.981010080775076e-01      1.355391172480354e-01    -5.010000000000000e-02
    4.981023907576320e-01      1.355410405466435e-01    -5.010000000000000e-02
    4.981036789844157e-01      1.355429800575081e-01    -5.010000000000000e-02
    4.981048491612887e-01      1.355449280115088e-01    -5.010000000000000e-02
    4.981058842427696e-01      1.355468967716555e-01    -5.010000000000000e-02
    4.981067524230213e-01      1.355488930082799e-01    -5.010000000000000e-02
    4.981074041559924e-01      1.355509206711142e-01    -5.010000000000000e-02
    4.981077618698780e-01      1.355529726006926e-01    -5.010000000000000e-02
    4.981077129714289e-01      1.355550088206342e-01    -5.010000000000000e-02
    4.981071396129490e-01      1.355569226742370e-01    -5.010000000000000e-02
