888
  4.935259100000000e-01   1.259740000000000e-01  -5.010000000000000e-02
  4.935246914976653e-01   1.259748747868656e-01  -5.010000000000000e-02
  4.935234575237313e-01   1.259757606810974e-01  -5.010000000000001e-02
  4.935222078832084e-01   1.259766578226825e-01  -5.010000000000000e-02
  4.935209423786867e-01   1.259775663533453e-01  -5.010000000000001e-02
  4.935196608103070e-01   1.259784864165688e-01  -5.009999999999999e-02
  4.935183629757315e-01   1.259794181576150e-01  -5.009999999999999e-02
  4.935170486701143e-01   1.259803617235471e-01  -5.010000000000000e-02
  4.935157176860709e-01   1.259813172632504e-01  -5.010000000000000e-02
  4.935143698136482e-01   1.259822849274544e-01  -5.010000000000001e-02
  4.935130048402933e-01   1.259832648687550e-01  -5.010000000000000e-02
  4.935116225508229e-01   1.259842572416365e-01  -5.010000000000000e-02
  4.935102227273919e-01   1.259852622024943e-01  -5.010000000000000e-02
  4.935088051494610e-01   1.259862799096577e-01  -5.010000000000000e-02
  4.935075290355536e-01   1.259874864462700e-01  -5.010000000000000e-02
  4.935063478399369e-01   1.259888308669442e-01  -5.010000000000000e-02
  4.935051516676275e-01   1.259901923338849e-01  -5.010000000000000e-02
  4.935039403304165e-01   1.259915710613089e-01  -5.010000000000000e-02
  4.935027136377728e-01   1.259929672660760e-01  -5.010000000000000e-02
  4.935014713968162e-01   1.259943811677201e-01  -5.010000000000000e-02
  4.935002134122885e-01   1.259958129884811e-01  -5.010000000000000e-02
  4.934989394865262e-01   1.259972629533369e-01  -5.010000000000000e-02
  4.934976494194322e-01   1.259987312900356e-01  -5.010000000000001e-02
  4.934963430084461e-01   1.260002182291283e-01  -5.010000000000000e-02
  4.934950200485162e-01   1.260017240040022e-01  -5.010000000000000e-02
  4.934936803320694e-01   1.260032488509143e-01  -5.010000000000000e-02
  4.934923236489819e-01   1.260047930090244e-01  -5.010000000000000e-02
  4.934911656160586e-01   1.260065164708259e-01  -5.010000000000000e-02
  4.934900575796086e-01   1.260083096118470e-01  -5.010000000000000e-02
  4.934889355159717e-01   1.260101254531360e-01  -5.010000000000000e-02
  4.934877992494318e-01   1.260119642790552e-01  -5.010000000000000e-02
  4.934866486021192e-01   1.260138263774518e-01  -5.010000000000001e-02
  4.934854833939858e-01   1.260157120396990e-01  -5.010000000000000e-02
  4.934843034427791e-01   1.260176215607367e-01  -5.010000000000000e-02
  4.934831085640168e-01   1.260195552391132e-01  -5.010000000000000e-02
  4.934818985709611e-01   1.260215133770278e-01  -5.010000000000000e-02
  4.934806732745920e-01   1.260234962803722e-01  -5.010000000000000e-02
  4.934794324835810e-01   1.260255042587744e-01  -5.010000000000000e-02
  4.934781760042644e-01   1.260275376256414e-01  -5.010000000000000e-02
  4.934769763852309e-01   1.260296357397914e-01  -5.010000000000000e-02
  4.934759509529187e-01   1.260318619971894e-01  -5.010000000000000e-02
  4.934749125610379e-01   1.260341163903649e-01  -5.010000000000000e-02
  4.934738610478062e-01   1.260363992705543e-01  -5.010000000000000e-02
  4.934727962494729e-01   1.260387109932675e-01  -5.009999999999999e-02
  4.934717180002961e-01   1.260410519183370e-01  -5.010000000000000e-02
  4.934706261325202e-01   1.260434224099675e-01  -5.010000000000000e-02
  4.934695204763526e-01   1.260458228367860e-01  -5.010000000000000e-02
  4.934684008599403e-01   1.260482535718928e-01  -5.010000000000000e-02
  4.934672671093465e-01   1.260507149929118e-01  -5.010000000000000e-02
  4.934661190485268e-01   1.260532074820433e-01  -5.010000000000000e-02
  4.934649564993052e-01   1.260557314261148e-01  -5.009999999999999e-02
  4.934638095921637e-01   1.260582995420308e-01  -5.010000000000000e-02
  4.934628572583094e-01   1.260609850596921e-01  -5.010000000000000e-02
  4.934618929123528e-01   1.260637044506769e-01  -5.010000000000001e-02
  4.934609164049434e-01   1.260664581361438e-01  -5.010000000000000e-02
  4.934599275849289e-01   1.260692465423324e-01  -5.010000000000000e-02
  4.934589262993346e-01   1.260720701006201e-01  -5.010000000000000e-02
  4.934579123933441e-01   1.260749292475798e-01  -5.010000000000000e-02
  4.934568857102772e-01   1.260778244250390e-01  -5.010000000000000e-02
  4.934558460915698e-01   1.260807560801378e-01  -5.010000000000000e-02
  4.934547933767526e-01   1.260837246653889e-01  -5.010000000000000e-02
  4.934537274034295e-01   1.260867306387377e-01  -5.010000000000000e-02
  4.934526480072571e-01   1.260897744636227e-01  -5.010000000000000e-02
  4.934516403489743e-01   1.260928836027350e-01  -5.010000000000000e-02
  4.934507507092990e-01   1.260960732250959e-01  -5.010000000000000e-02
  4.934498498739681e-01   1.260993029872060e-01  -5.010000000000000e-02
  4.934489377044368e-01   1.261025733857892e-01  -5.010000000000000e-02
  4.934480140605061e-01   1.261058849235013e-01  -5.010000000000001e-02
  4.934470788003039e-01   1.261092381089954e-01  -5.010000000000000e-02
  4.934461317802670e-01   1.261126334569883e-01  -5.010000000000000e-02
  4.934451728551226e-01   1.261160714883262e-01  -5.010000000000000e-02
  4.934442018778692e-01   1.261195527300525e-01  -5.010000000000000e-02
  4.934432186997584e-01   1.261230777154753e-01  -5.010000000000000e-02
  4.934422231702752e-01   1.261266469842350e-01  -5.009999999999999e-02
  4.934412477414317e-01   1.261302692210056e-01  -5.010000000000000e-02
  4.934404289087087e-01   1.261339790885310e-01  -5.010000000000000e-02
  4.934395997963967e-01   1.261377355295655e-01  -5.010000000000000e-02
  4.934387602779243e-01   1.261415391175634e-01  -5.010000000000000e-02
  4.934379102252250e-01   1.261453904327538e-01  -5.009999999999999e-02
  4.934370495087205e-01   1.261492900622130e-01  -5.010000000000000e-02
  4.934361779973053e-01   1.261532385999379e-01  -5.010000000000000e-02
  4.934352955583301e-01   1.261572366469200e-01  -5.010000000000001e-02
  4.934344020575854e-01   1.261612848112199e-01  -5.010000000000000e-02
  4.934334973592847e-01   1.261653837080419e-01  -5.010000000000000e-02
  4.934325813260481e-01   1.261695339598103e-01  -5.010000000000000e-02
  4.934317407103983e-01   1.261737533896601e-01  -5.010000000000001e-02
  4.934309886708536e-01   1.261780452662136e-01  -5.010000000000000e-02
  4.934302272165733e-01   1.261823908724992e-01  -5.010000000000000e-02
  4.934294562323048e-01   1.261867908662608e-01  -5.009999999999999e-02
  4.934286756014512e-01   1.261912459129150e-01  -5.010000000000000e-02
  4.934278852060573e-01   1.261957566856309e-01  -5.010000000000000e-02
  4.934270849267951e-01   1.262003238654105e-01  -5.010000000000000e-02
  4.934262746429501e-01   1.262049481411695e-01  -5.010000000000000e-02
  4.934254542324067e-01   1.262096302098190e-01  -5.010000000000000e-02
  4.934246235716341e-01   1.262143707763474e-01  -5.010000000000000e-02
  4.934238423101059e-01   1.262191799121679e-01  -5.010000000000001e-02
  4.934231678386073e-01   1.262240673435433e-01  -5.010000000000000e-02
  4.934224849479061e-01   1.262290157830936e-01  -5.009999999999999e-02
  4.934217935355584e-01   1.262340259731590e-01  -5.010000000000000e-02
  4.934210934979411e-01   1.262390986646245e-01  -5.010000000000000e-02
  4.934203847302403e-01   1.262442346170055e-01  -5.010000000000000e-02
  4.934196671264388e-01   1.262494345985341e-01  -5.010000000000001e-02
  4.934189405793050e-01   1.262546993862462e-01  -5.010000000000000e-02
  4.934182049803798e-01   1.262600297660686e-01  -5.010000000000000e-02
  4.934174602199652e-01   1.262654265329074e-01  -5.010000000000000e-02
  4.934168346674368e-01   1.262709062408803e-01  -5.010000000000000e-02
  4.934162392560363e-01   1.262764587983590e-01  -5.010000000000001e-02
  4.934156364367613e-01   1.262820804385751e-01  -5.010000000000000e-02
  4.934150261200935e-01   1.262877719963370e-01  -5.010000000000000e-02
  4.934144082155004e-01   1.262935343159143e-01  -5.010000000000000e-02
  4.934137826314251e-01   1.262993682511293e-01  -5.010000000000000e-02
  4.934131492752761e-01   1.263052746654483e-01  -5.010000000000001e-02
  4.934125080534185e-01   1.263112544320742e-01  -5.010000000000000e-02
  4.934118588711630e-01   1.263173084340384e-01  -5.010000000000000e-02
  4.934113241449073e-01   1.263234490725180e-01  -5.010000000000000e-02
  4.934108223247260e-01   1.263296695991549e-01  -5.010000000000000e-02
  4.934103142819473e-01   1.263359672606579e-01  -5.010000000000001e-02
  4.934097999419044e-01   1.263423429825935e-01  -5.010000000000000e-02
  4.934092792290972e-01   1.263487977008516e-01  -5.010000000000000e-02
  4.934087520671857e-01   1.263553323617402e-01  -5.010000000000001e-02
  4.934082183789816e-01   1.263619479220811e-01  -5.009999999999999e-02
  4.934076780864404e-01   1.263686453493052e-01  -5.010000000000000e-02
  4.934071731857479e-01   1.263754285339207e-01  -5.010000000000000e-02
  4.934067759296741e-01   1.263823034716108e-01  -5.010000000000000e-02
  4.934063737638946e-01   1.263892633769636e-01  -5.010000000000000e-02
  4.934059666299082e-01   1.263963092624066e-01  -5.010000000000000e-02
  4.934055544685716e-01   1.264034421514782e-01  -5.010000000000000e-02
  4.934051372200937e-01   1.264106630789240e-01  -5.010000000000001e-02
  4.934047148240304e-01   1.264179730907955e-01  -5.010000000000001e-02
  4.934042872192785e-01   1.264253732445475e-01  -5.010000000000000e-02
  4.934038989437830e-01   1.264328667278650e-01  -5.010000000000000e-02
  4.934036162711615e-01   1.264404577726275e-01  -5.010000000000000e-02
  4.934033301177649e-01   1.264481422920217e-01  -5.010000000000000e-02
  4.934030404424410e-01   1.264559213911745e-01  -5.010000000000000e-02
  4.934027472035941e-01   1.264637961871195e-01  -5.010000000000000e-02
  4.934024503591813e-01   1.264717678088959e-01  -5.009999999999999e-02
  4.934021498667092e-01   1.264798373976470e-01  -5.010000000000000e-02
  4.934018456832299e-01   1.264880061067192e-01  -5.010000000000000e-02
  4.934016556420698e-01   1.264962784223622e-01  -5.010000000000000e-02
  4.934014956241329e-01   1.265046531542143e-01  -5.010000000000000e-02
  4.934013336437504e-01   1.265131305930307e-01  -5.010000000000000e-02
  4.934011696779216e-01   1.265217119425690e-01  -5.010000000000000e-02
  4.934010037034035e-01   1.265303984192887e-01  -5.010000000000000e-02
  4.934008356967083e-01   1.265391912524490e-01  -5.010000000000000e-02
  4.934006656341018e-01   1.265480916842069e-01  -5.010000000000000e-02
  4.934006050443203e-01   1.265571021613288e-01  -5.010000000000000e-02
  4.934005844450813e-01   1.265662232101041e-01  -5.010000000000000e-02
  4.934005635942003e-01   1.265754556823588e-01  -5.010000000000000e-02
  4.934005424887527e-01   1.265848008730473e-01  -5.010000000000000e-02
  4.934005211257837e-01   1.265942600905085e-01  -5.010000000000001e-02
  4.934004995023081e-01   1.266038346565626e-01  -5.010000000000000e-02
  4.934004940931957e-01   1.266135258152436e-01  -5.010000000000000e-02
  4.934006250177922e-01   1.266233342495967e-01  -5.010000000000000e-02
  4.934007575359668e-01   1.266332620695083e-01  -5.010000000000000e-02
  4.934008916660941e-01   1.266433106515510e-01  -5.010000000000000e-02
  4.934010274267353e-01   1.266534813862485e-01  -5.010000000000000e-02
  4.934011648366385e-01   1.266637756781673e-01  -5.009999999999999e-02
  4.934013039147410e-01   1.266741949460092e-01  -5.010000000000000e-02
  4.934015830972896e-01   1.266847377490545e-01  -5.010000000000001e-02
  4.934018837386532e-01   1.266954079981221e-01  -5.010000000000001e-02
  4.934021880225092e-01   1.267062075251449e-01  -5.010000000000000e-02
  4.934024959904360e-01   1.267171378058087e-01  -5.010000000000000e-02
  4.934028076844227e-01   1.267282003303744e-01  -5.010000000000000e-02
  4.934031296699111e-01   1.267393963743215e-01  -5.010000000000000e-02
  4.934036073566285e-01   1.267507223441501e-01  -5.010000000000000e-02
  4.934040908103433e-01   1.267621850496999e-01  -5.009999999999999e-02
  4.934045800963716e-01   1.267737860396203e-01  -5.010000000000000e-02
  4.934050752806617e-01   1.267855268775467e-01  -5.010000000000000e-02
  4.934055764297973e-01   1.267974091421809e-01  -5.010000000000000e-02
  4.934061746215284e-01   1.268094299715292e-01  -5.010000000000000e-02
  4.934068526141420e-01   1.268215918221295e-01  -5.010000000000001e-02
  4.934075387546452e-01   1.268338998298036e-01  -5.010000000000000e-02
  4.934082331343885e-01   1.268463556332005e-01  -5.009999999999999e-02
  4.934089358455830e-01   1.268589608864017e-01  -5.010000000000000e-02
  4.934096837172865e-01   1.268717150839460e-01  -5.010000000000000e-02
  4.934104923912351e-01   1.268846189904433e-01  -5.010000000000000e-02
  4.934113107439138e-01   1.268976773391966e-01  -5.010000000000000e-02
  4.934121388828497e-01   1.269108918460014e-01  -5.009999999999999e-02
  4.934129769165575e-01   1.269242642424116e-01  -5.010000000000000e-02
  4.934138249545432e-01   1.269377962758003e-01  -5.009999999999999e-02
  4.934146831073075e-01   1.269514897094175e-01  -5.010000000000000e-02
  4.934155514863503e-01   1.269653463224464e-01  -5.010000000000001e-02
  4.934164302041728e-01   1.269793679100565e-01  -5.010000000000000e-02
  4.934173193742812e-01   1.269935562834547e-01  -5.010000000000000e-02
  4.934182191111901e-01   1.270079132699339e-01  -5.010000000000000e-02
  4.934191295304251e-01   1.270224407129187e-01  -5.010000000000000e-02
  4.934200507485251e-01   1.270371404720083e-01  -5.010000000000000e-02
  4.934209828830454e-01   1.270520144230169e-01  -5.010000000000000e-02
  4.934219260525598e-01   1.270670644580111e-01  -5.010000000000000e-02
  4.934228803766627e-01   1.270822924853439e-01  -5.010000000000000e-02
  4.934238459759712e-01   1.270977004296860e-01  -5.010000000000000e-02
  4.934248229721266e-01   1.271132902320536e-01  -5.010000000000000e-02
  4.934258114877964e-01   1.271290638498333e-01  -5.010000000000000e-02
  4.934268094611068e-01   1.271450233916729e-01  -5.010000000000000e-02
  4.934277905192846e-01   1.271611724829048e-01  -5.010000000000000e-02
  4.934287831083316e-01   1.271775113825120e-01  -5.010000000000000e-02
  4.934297873511622e-01   1.271940421137761e-01  -5.010000000000000e-02
  4.934308033716899e-01   1.272107667164201e-01  -5.010000000000000e-02
  4.934318312948266e-01   1.272276872466107e-01  -5.009999999999999e-02
  4.934328712464837e-01   1.272448057769568e-01  -5.009999999999999e-02
  4.934339233535707e-01   1.272621243965033e-01  -5.010000000000000e-02
  4.934349877439951e-01   1.272796452107210e-01  -5.010000000000000e-02
  4.934360645466613e-01   1.272973703414919e-01  -5.010000000000000e-02
  4.934371538914695e-01   1.273153019270897e-01  -5.009999999999999e-02
  4.934382559093144e-01   1.273334421221556e-01  -5.010000000000000e-02
  4.934393707320831e-01   1.273517930976700e-01  -5.010000000000000e-02
  4.934404984926532e-01   1.273703570409182e-01  -5.010000000000001e-02
  4.934416393248907e-01   1.273891361554515e-01  -5.010000000000000e-02
  4.934427933636470e-01   1.274081326610433e-01  -5.010000000000000e-02
  4.934441379484580e-01   1.274273364330655e-01  -5.010000000000000e-02
  4.934456671310613e-01   1.274467501480366e-01  -5.010000000000000e-02
  4.934472139472572e-01   1.274663877300206e-01  -5.010000000000001e-02
  4.934487785767361e-01   1.274862514602725e-01  -5.010000000000000e-02
  4.934503612004404e-01   1.275063436359457e-01  -5.010000000000001e-02
  4.934519620005587e-01   1.275266665700134e-01  -5.010000000000000e-02
  4.934535811605192e-01   1.275472225911837e-01  -5.010000000000000e-02
  4.934552188649823e-01   1.275680140438095e-01  -5.010000000000000e-02
  4.934568752998328e-01   1.275890432877905e-01  -5.010000000000000e-02
  4.934585506521722e-01   1.276103126984695e-01  -5.010000000000001e-02
  4.934602451103094e-01   1.276318246665215e-01  -5.010000000000001e-02
  4.934619588637521e-01   1.276535815978362e-01  -5.010000000000000e-02
  4.934636921031963e-01   1.276755859133925e-01  -5.010000000000000e-02
  4.934658253403191e-01   1.276978055517881e-01  -5.010000000000001e-02
  4.934681311052662e-01   1.277202636141988e-01  -5.010000000000000e-02
  4.934704629677675e-01   1.277429758657889e-01  -5.010000000000000e-02
  4.934728211818912e-01   1.277659447811730e-01  -5.009999999999999e-02
  4.934752060031759e-01   1.277891728492880e-01  -5.010000000000000e-02
  4.934776176886133e-01   1.278126625732231e-01  -5.010000000000000e-02
  4.934800564966296e-01   1.278364164700406e-01  -5.010000000000000e-02
  4.934825226870668e-01   1.278604370705892e-01  -5.010000000000001e-02
  4.934850165211618e-01   1.278847269193084e-01  -5.009999999999999e-02
  4.934875382615263e-01   1.279092885740240e-01  -5.010000000000000e-02
  4.934900881721240e-01   1.279341246057353e-01  -5.010000000000000e-02
  4.934932684652830e-01   1.279591677284874e-01  -5.010000000000000e-02
  4.934965471560367e-01   1.279844823190812e-01  -5.010000000000000e-02
  4.934998622802149e-01   1.280100782101380e-01  -5.010000000000000e-02
  4.935032141762905e-01   1.280359580149876e-01  -5.010000000000000e-02
  4.935066031842817e-01   1.280621243588916e-01  -5.010000000000000e-02
  4.935100296457172e-01   1.280885798787747e-01  -5.010000000000000e-02
  4.935134939036000e-01   1.281153272229450e-01  -5.010000000000000e-02
  4.935169963023704e-01   1.281423690508054e-01  -5.010000000000000e-02
  4.935205371878664e-01   1.281697080325532e-01  -5.010000000000000e-02
  4.935245484783626e-01   1.281972849092323e-01  -5.010000000000000e-02
  4.935289341374387e-01   1.282251162049783e-01  -5.010000000000000e-02
  4.935333677046503e-01   1.282532515246950e-01  -5.010000000000000e-02
  4.935378496053837e-01   1.282816935678751e-01  -5.010000000000000e-02
  4.935423802664594e-01   1.283104450431105e-01  -5.010000000000000e-02
  4.935469601160737e-01   1.283395086677281e-01  -5.009999999999999e-02
  4.935515895837409e-01   1.283688871674148e-01  -5.010000000000000e-02
  4.935562691002314e-01   1.283985832758297e-01  -5.010000000000000e-02
  4.935613058941561e-01   1.284285470240678e-01  -5.010000000000000e-02
  4.935669253906442e-01   1.284587425050786e-01  -5.010000000000000e-02
  4.935726052417570e-01   1.284892622921773e-01  -5.009999999999999e-02
  4.935783459589686e-01   1.285201091336903e-01  -5.010000000000000e-02
  4.935841480548380e-01   1.285512857837732e-01  -5.010000000000000e-02
  4.935900120429241e-01   1.285827950019523e-01  -5.010000000000000e-02
  4.935959384376970e-01   1.286146395526537e-01  -5.010000000000000e-02
  4.936019923924689e-01   1.286468092515490e-01  -5.010000000000000e-02
  4.936089388858940e-01   1.286791536764971e-01  -5.010000000000000e-02
  4.936159587774039e-01   1.287118398593229e-01  -5.010000000000000e-02
  4.936230526605603e-01   1.287448705637811e-01  -5.010000000000000e-02
  4.936302211294267e-01   1.287782485559639e-01  -5.010000000000000e-02
  4.936374647784508e-01   1.288119766037540e-01  -5.010000000000000e-02
  4.936447842023450e-01   1.288460574762641e-01  -5.010000000000000e-02
  4.936526559614415e-01   1.288803849306409e-01  -5.010000000000000e-02
  4.936610721622888e-01   1.289149636808410e-01  -5.010000000000000e-02
  4.936695757144187e-01   1.289499013219750e-01  -5.010000000000000e-02
  4.936781672873943e-01   1.289852006050053e-01  -5.010000000000000e-02
  4.936868475503481e-01   1.290208642791253e-01  -5.009999999999999e-02
  4.936956171718261e-01   1.290568950911198e-01  -5.010000000000000e-02
  4.937050127266185e-01   1.290931576908163e-01  -5.010000000000000e-02
  4.937149486291913e-01   1.291296770439514e-01  -5.010000000000001e-02
  4.937249859507454e-01   1.291665691619723e-01  -5.010000000000000e-02
  4.937351254290329e-01   1.292038367564833e-01  -5.010000000000000e-02
  4.937453678002322e-01   1.292414825333039e-01  -5.010000000000000e-02
  4.937558076782094e-01   1.292794823176681e-01  -5.010000000000000e-02
  4.937672655074521e-01   1.293176041496024e-01  -5.010000000000000e-02
  4.937788385579612e-01   1.293561093391224e-01  -5.010000000000000e-02
  4.937905276277887e-01   1.293950005414602e-01  -5.010000000000000e-02
  4.938023335121409e-01   1.294342804023812e-01  -5.009999999999999e-02
  4.938143277778082e-01   1.294739292851274e-01  -5.010000000000000e-02
  4.938274002050738e-01   1.295136700550500e-01  -5.010000000000000e-02
  4.938406020124649e-01   1.295538041464035e-01  -5.010000000000000e-02
  4.938539340482661e-01   1.295943341380114e-01  -5.009999999999999e-02
  4.938673971563392e-01   1.296352625952522e-01  -5.010000000000000e-02
  4.938814250568200e-01   1.296764435601558e-01  -5.010000000000000e-02
  4.938962079183086e-01   1.297178146134201e-01  -5.009999999999999e-02
  4.939111346206302e-01   1.297595882170817e-01  -5.010000000000000e-02
  4.939262060503784e-01   1.298017668523457e-01  -5.010000000000000e-02
  4.939415042481254e-01   1.298443228406319e-01  -5.010000000000000e-02
  4.939579306948477e-01   1.298869241507342e-01  -5.010000000000000e-02
  4.939745146838023e-01   1.299299340400991e-01  -5.010000000000000e-02
  4.939912571337449e-01   1.299733548914822e-01  -5.010000000000000e-02
  4.940081802603594e-01   1.300171805520251e-01  -5.010000000000000e-02
  4.940263147980459e-01   1.300610017999052e-01  -5.010000000000000e-02
  4.940446206324904e-01   1.301052369782545e-01  -5.010000000000000e-02
  4.940630987029629e-01   1.301498883567741e-01  -5.010000000000001e-02
  4.940819741682241e-01   1.301948622393574e-01  -5.010000000000000e-02
  4.941018790940623e-01   1.302398907966730e-01  -5.010000000000001e-02
  4.941219690455992e-01   1.302853379157228e-01  -5.010000000000000e-02
  4.941422449696570e-01   1.303312057383905e-01  -5.009999999999999e-02
  4.941633715857111e-01   1.303771936344600e-01  -5.010000000000000e-02
  4.941851077540823e-01   1.304234140878177e-01  -5.010000000000000e-02
  4.942070425782962e-01   1.304700569690361e-01  -5.010000000000000e-02
  4.942294108760202e-01   1.305170110018165e-01  -5.010000000000000e-02
  4.942528279885560e-01   1.305639805681400e-01  -5.009999999999999e-02
  4.942764562905988e-01   1.306113737340657e-01  -5.010000000000000e-02
  4.943002967180280e-01   1.306591923767617e-01  -5.010000000000000e-02
  4.943254165518854e-01   1.307068916970565e-01  -5.010000000000001e-02
  4.943507680746987e-01   1.307550110442391e-01  -5.009999999999999e-02
  4.943763440191790e-01   1.308035563628395e-01  -5.010000000000000e-02
  4.944031375672594e-01   1.308519925263036e-01  -5.010000000000001e-02
  4.944302476707581e-01   1.309008091571719e-01  -5.010000000000000e-02
  4.944575942787927e-01   1.309500516571129e-01  -5.010000000000000e-02
  4.944862378529890e-01   1.309991181522598e-01  -5.010000000000000e-02
  4.945151313536831e-01   1.310486069459717e-01  -5.010000000000000e-02
  4.945444826206516e-01   1.310983956383225e-01  -5.010000000000000e-02
  4.945749291215962e-01   1.311481048926060e-01  -5.010000000000000e-02
  4.946056344816045e-01   1.311982367797249e-01  -5.010000000000000e-02
  4.946371390679727e-01   1.312484544112264e-01  -5.010000000000000e-02
  4.946694123299990e-01   1.312987786884446e-01  -5.010000000000000e-02
  4.947019555408899e-01   1.313495239017766e-01  -5.010000000000001e-02
  4.947357427826458e-01   1.314000529684695e-01  -5.010000000000000e-02
  4.947698679212312e-01   1.314509616250839e-01  -5.010000000000000e-02
  4.948047466997493e-01   1.315019650065041e-01  -5.010000000000000e-02
  4.948404532503221e-01   1.315530137908341e-01  -5.010000000000000e-02
  4.948765295433544e-01   1.316044206731185e-01  -5.010000000000000e-02
  4.949138193119217e-01   1.316555844989821e-01  -5.010000000000000e-02
  4.949514085116388e-01   1.317071591625577e-01  -5.010000000000000e-02
  4.949900640177551e-01   1.317585755901995e-01  -5.010000000000001e-02
  4.950292491983489e-01   1.318102338887074e-01  -5.010000000000000e-02
  4.950692697997159e-01   1.318618920513382e-01  -5.010000000000000e-02
  4.951100419559803e-01   1.319136158468946e-01  -5.010000000000000e-02
  4.951515010843796e-01   1.319654449684650e-01  -5.010000000000000e-02
  4.951938642852347e-01   1.320172057743770e-01  -5.010000000000000e-02
  4.952368286391311e-01   1.320691338673537e-01  -5.010000000000000e-02
  4.952807791802897e-01   1.321209088622522e-01  -5.010000000000001e-02
  4.953253022868750e-01   1.321728686703533e-01  -5.010000000000000e-02
  4.953708327756446e-01   1.322246379423949e-01  -5.010000000000000e-02
  4.954169608105284e-01   1.322765631077831e-01  -5.009999999999999e-02
  4.954640722432263e-01   1.323282990074342e-01  -5.009999999999999e-02
  4.955118477288139e-01   1.323801215610514e-01  -5.010000000000000e-02
  4.955605310274595e-01   1.324318049360036e-01  -5.010000000000000e-02
  4.956099825558636e-01   1.324834651580140e-01  -5.010000000000000e-02
  4.956602280835250e-01   1.325350772415843e-01  -5.010000000000000e-02
  4.957113811970795e-01   1.325865145324622e-01  -5.010000000000000e-02
  4.957631840198700e-01   1.326380316161264e-01  -5.010000000000000e-02
  4.958160601381761e-01   1.326891858569350e-01  -5.010000000000000e-02
  4.958695079550921e-01   1.327404857372932e-01  -5.010000000000000e-02
  4.959240295604882e-01   1.327913974513918e-01  -5.010000000000001e-02
  4.959792386941752e-01   1.328423167844538e-01  -5.010000000000000e-02
  4.960352795341085e-01   1.328930857181936e-01  -5.010000000000000e-02
  4.960922516332931e-01   1.329435761663559e-01  -5.010000000000000e-02
  4.961498715481610e-01   1.329941020546988e-01  -5.010000000000000e-02
  4.962085464758706e-01   1.330441846784138e-01  -5.010000000000000e-02
  4.962679416979405e-01   1.330941970705611e-01  -5.010000000000000e-02
  4.963281026723970e-01   1.331440831207788e-01  -5.009999999999999e-02
  4.963892671763888e-01   1.331935365894459e-01  -5.010000000000000e-02
  4.964511195414799e-01   1.332429336577014e-01  -5.010000000000000e-02
  4.965138184346705e-01   1.332920691700097e-01  -5.010000000000000e-02
  4.965774281699127e-01   1.333408409710528e-01  -5.010000000000000e-02
  4.966417454471220e-01   1.333895029268720e-01  -5.010000000000000e-02
  4.967069168473219e-01   1.334378517917735e-01  -5.010000000000000e-02
  4.967729705170806e-01   1.334858289696377e-01  -5.010000000000000e-02
  4.968397428441191e-01   1.335336474966292e-01  -5.010000000000000e-02
  4.969073262552856e-01   1.335811686967768e-01  -5.010000000000000e-02
  4.969758035261020e-01   1.336282537459506e-01  -5.010000000000000e-02
  4.970449993624133e-01   1.336751418876667e-01  -5.010000000000000e-02
  4.971149209223269e-01   1.337218147279982e-01  -5.010000000000000e-02
  4.971857817933562e-01   1.337679308718437e-01  -5.010000000000000e-02
  4.972573575530584e-01   1.338138133838234e-01  -5.010000000000000e-02
  4.973296506759224e-01   1.338594488007175e-01  -5.010000000000000e-02
  4.974027457475383e-01   1.339046880948922e-01  -5.010000000000000e-02
  4.974766461423471e-01   1.339495036661891e-01  -5.010000000000000e-02
  4.975512490451382e-01   1.339940483853565e-01  -5.010000000000000e-02
  4.976265548988880e-01   1.340383094744604e-01  -5.010000000000000e-02
  4.977026612773552e-01   1.340821021140815e-01  -5.010000000000000e-02
  4.977795035488033e-01   1.341255159619626e-01  -5.010000000000000e-02
  4.978570259254784e-01   1.341686337767075e-01  -5.010000000000001e-02
  4.979352260797332e-01   1.342114456569635e-01  -5.010000000000000e-02
  4.980141839093802e-01   1.342537860235977e-01  -5.010000000000000e-02
  4.980938448800608e-01   1.342957332970992e-01  -5.010000000000000e-02
  4.981741574389623e-01   1.343373677092256e-01  -5.010000000000000e-02
  4.982551174193138e-01   1.343786815841397e-01  -5.010000000000000e-02
  4.983367567099307e-01   1.344195938960663e-01  -5.010000000000000e-02
  4.984190921033593e-01   1.344600474508194e-01  -5.010000000000000e-02
  4.985020485628870e-01   1.345001738595343e-01  -5.010000000000000e-02
  4.985856177325745e-01   1.345399732248272e-01  -5.010000000000000e-02
  4.986697900417310e-01   1.345794478026925e-01  -5.010000000000000e-02
  4.987546338015166e-01   1.346184288011212e-01  -5.009999999999999e-02
  4.988400706510498e-01   1.346570623916157e-01  -5.010000000000000e-02
  4.989260814613348e-01   1.346953715622097e-01  -5.010000000000000e-02
  4.990126591007303e-01   1.347333532820183e-01  -5.010000000000000e-02
  4.990998077634434e-01   1.347709775938276e-01  -5.010000000000000e-02
  4.991875611731040e-01   1.348081413673528e-01  -5.010000000000000e-02
  4.992758473585998e-01   1.348449904649633e-01  -5.010000000000000e-02
  4.993646579530433e-01   1.348815246534814e-01  -5.010000000000001e-02
  4.994539840889144e-01   1.349177447620240e-01  -5.010000000000000e-02
  4.995438402539116e-01   1.349535922677428e-01  -5.010000000000000e-02
  4.996342292590348e-01   1.349890341337171e-01  -5.010000000000000e-02
  4.997251000821121e-01   1.350241763369029e-01  -5.010000000000000e-02
  4.998164428153424e-01   1.350590225406362e-01  -5.010000000000000e-02
  4.999082484919326e-01   1.350935738521994e-01  -5.010000000000000e-02
  5.000005435278156e-01   1.351277349505198e-01  -5.010000000000000e-02
  5.000932987763203e-01   1.351615574812980e-01  -5.010000000000000e-02
  5.001864836831862e-01   1.351951006624383e-01  -5.010000000000000e-02
  5.002800900951514e-01   1.352283633711986e-01  -5.010000000000000e-02
  5.003741103446626e-01   1.352613430098457e-01  -5.010000000000000e-02
  5.004685695842990e-01   1.352939403691510e-01  -5.010000000000001e-02
  5.005634245714971e-01   1.353262525275193e-01  -5.010000000000000e-02
  5.006586590844073e-01   1.353583015941083e-01  -5.010000000000000e-02
  5.007542627844980e-01   1.353900927065975e-01  -5.010000000000000e-02
  5.008502357153426e-01   1.354215990901984e-01  -5.010000000000000e-02
  5.009465896327646e-01   1.354527554760203e-01  -5.009999999999999e-02
  5.010432818122049e-01   1.354836650085352e-01  -5.010000000000000e-02
  5.011403021105730e-01   1.355143323651754e-01  -5.010000000000001e-02
  5.012376403971165e-01   1.355447620950125e-01  -5.010000000000000e-02
  5.013353151498581e-01   1.355748652095820e-01  -5.010000000000000e-02
  5.014332960313546e-01   1.356047090828152e-01  -5.010000000000000e-02
  5.015315640129288e-01   1.356343270191552e-01  -5.009999999999999e-02
  5.016301099300419e-01   1.356637203790179e-01  -5.010000000000000e-02
  5.017289403255154e-01   1.356928367687625e-01  -5.009999999999999e-02
  5.018280472793024e-01   1.357216705849916e-01  -5.010000000000001e-02
  5.019274018000928e-01   1.357502898905497e-01  -5.010000000000000e-02
  5.020269950275793e-01   1.357786948140286e-01  -5.010000000000001e-02
  5.021268261095541e-01   1.358068567632928e-01  -5.010000000000000e-02
  5.022268990878787e-01   1.358347275004236e-01  -5.010000000000000e-02
  5.023271800865901e-01   1.358623950918184e-01  -5.010000000000000e-02
  5.024276601220197e-01   1.358898599052441e-01  -5.010000000000000e-02
  5.025283369956941e-01   1.359170969557509e-01  -5.010000000000000e-02
  5.026292173221856e-01   1.359440464143987e-01  -5.010000000000000e-02
  5.027302680433408e-01   1.359707968003252e-01  -5.010000000000000e-02
  5.028314798684325e-01   1.359973494474978e-01  -5.009999999999999e-02
  5.029328534497164e-01   1.360236670210898e-01  -5.010000000000000e-02
  5.030343885029938e-01   1.360497136835746e-01  -5.010000000000000e-02
  5.031360554357127e-01   1.360755683791023e-01  -5.010000000000000e-02
  5.032378450153366e-01   1.361012321675382e-01  -5.010000000000000e-02
  5.033397653875598e-01   1.361266358530609e-01  -5.010000000000000e-02
  5.034418028095896e-01   1.361517960645026e-01  -5.010000000000000e-02
  5.035439345854682e-01   1.361767676047946e-01  -5.010000000000000e-02
  5.036461511073455e-01   1.362015530841008e-01  -5.010000000000000e-02
  5.037484746838752e-01   1.362260209862024e-01  -5.010000000000000e-02
  5.038508652031051e-01   1.362502989334251e-01  -5.010000000000000e-02
  5.039533130886481e-01   1.362743895554996e-01  -5.010000000000000e-02
  5.040558240893018e-01   1.362982293230934e-01  -5.010000000000000e-02
  5.041583908040627e-01   1.363218089094693e-01  -5.010000000000000e-02
  5.042609882099024e-01   1.363451971249869e-01  -5.010000000000000e-02
  5.043636101490221e-01   1.363683818216293e-01  -5.010000000000000e-02
  5.044662724335096e-01   1.363912507865708e-01  -5.010000000000000e-02
  5.045689378774351e-01   1.364139285878566e-01  -5.010000000000001e-02
  5.046715975300251e-01   1.364364158881174e-01  -5.010000000000000e-02
  5.047742677227685e-01   1.364585956319004e-01  -5.010000000000000e-02
  5.048769215585258e-01   1.364805484458486e-01  -5.010000000000000e-02
  5.049795435069434e-01   1.365023057092932e-01  -5.010000000000000e-02
  5.050821436961901e-01   1.365237768354775e-01  -5.010000000000001e-02
  5.051847070560440e-01   1.365449888806991e-01  -5.010000000000000e-02
  5.052872116330766e-01   1.365660052858913e-01  -5.010000000000000e-02
  5.053896645634817e-01   1.365867479932776e-01  -5.010000000000000e-02
  5.054920590546652e-01   1.366072044646938e-01  -5.010000000000000e-02
  5.055943688939386e-01   1.366274618763080e-01  -5.010000000000000e-02
  5.056966008182442e-01   1.366474422087627e-01  -5.010000000000000e-02
  5.057987499692274e-01   1.366671230319410e-01  -5.010000000000000e-02
  5.059007887040691e-01   1.366866027964391e-01  -5.010000000000000e-02
  5.060027259038011e-01   1.367057899698991e-01  -5.009999999999999e-02
  5.061045533316273e-01   1.367246798375323e-01  -5.010000000000000e-02
  5.062062450710465e-01   1.367433665230288e-01  -5.010000000000000e-02
  5.063078154824335e-01   1.367617253570472e-01  -5.010000000000000e-02
  5.064092467249721e-01   1.367798052292471e-01  -5.010000000000000e-02
  5.065105170472131e-01   1.367976826085109e-01  -5.009999999999999e-02
  5.066116489591860e-01   1.368151811622312e-01  -5.010000000000000e-02
  5.067126101596489e-01   1.368324363382796e-01  -5.010000000000001e-02
  5.068133874452224e-01   1.368494802093873e-01  -5.010000000000000e-02
  5.069140078598255e-01   1.368661010012046e-01  -5.010000000000000e-02
  5.070144264271156e-01   1.368825188419963e-01  -5.010000000000000e-02
  5.071146487876295e-01   1.368986528389381e-01  -5.010000000000000e-02
  5.072146796656308e-01   1.369144201031308e-01  -5.010000000000000e-02
  5.073144851797143e-01   1.369299857550977e-01  -5.010000000000000e-02
  5.074140850902291e-01   1.369451725816018e-01  -5.010000000000001e-02
  5.075134549723668e-01   1.369600856956898e-01  -5.010000000000001e-02
  5.076125806002105e-01   1.369747725597720e-01  -5.010000000000000e-02
  5.077114858363305e-01   1.369890160244363e-01  -5.010000000000000e-02
  5.078101270565283e-01   1.370030639097576e-01  -5.010000000000000e-02
  5.079085201881979e-01   1.370167542273003e-01  -5.010000000000001e-02
  5.080066512419601e-01   1.370301294288299e-01  -5.010000000000000e-02
  5.081044993783246e-01   1.370432932568155e-01  -5.010000000000000e-02
  5.082020915998313e-01   1.370559858246590e-01  -5.010000000000000e-02
  5.082993830350172e-01   1.370684935652293e-01  -5.010000000000000e-02
  5.083963925430517e-01   1.370806175499071e-01  -5.010000000000000e-02
  5.084931018712739e-01   1.370924420865711e-01  -5.010000000000001e-02
  5.085894987066086e-01   1.371040173887615e-01  -5.009999999999999e-02
  5.086855983627724e-01   1.371151528515326e-01  -5.010000000000000e-02
  5.087813626655459e-01   1.371261203753740e-01  -5.010000000000000e-02
  5.088768190713832e-01   1.371366204082599e-01  -5.009999999999999e-02
  5.089719322995316e-01   1.371469074734592e-01  -5.010000000000000e-02
  5.090667117970651e-01   1.371568410175927e-01  -5.009999999999999e-02
  5.091611482311776e-01   1.371664419346627e-01  -5.010000000000000e-02
  5.092552268902406e-01   1.371758010144729e-01  -5.010000000000000e-02
  5.093489605163518e-01   1.371847203076956e-01  -5.010000000000000e-02
  5.094423145020289e-01   1.371935030936317e-01  -5.010000000000000e-02
  5.095353198790621e-01   1.372017481925379e-01  -5.010000000000000e-02
  5.096279341351875e-01   1.372098600676047e-01  -5.009999999999999e-02
  5.097201793954014e-01   1.372175240063780e-01  -5.010000000000000e-02
  5.098120301334862e-01   1.372249693856602e-01  -5.009999999999999e-02
  5.099034936805696e-01   1.372320465049554e-01  -5.010000000000000e-02
  5.099945577906107e-01   1.372388326100126e-01  -5.010000000000000e-02
  5.100852179730815e-01   1.372453281291399e-01  -5.010000000000000e-02
  5.101754730322010e-01   1.372514652475451e-01  -5.010000000000001e-02
  5.102653097267780e-01   1.372573750019609e-01  -5.010000000000000e-02
  5.103547344291911e-01   1.372628715382538e-01  -5.010000000000000e-02
  5.104437279689718e-01   1.372681961605017e-01  -5.010000000000000e-02
  5.105323017248220e-01   1.372730645390528e-01  -5.010000000000000e-02
  5.106204332000809e-01   1.372778058869457e-01  -5.010000000000000e-02
  5.107081363803291e-01   1.372820596958427e-01  -5.010000000000000e-02
  5.107953877102858e-01   1.372862198425059e-01  -5.010000000000000e-02
  5.108822016740452e-01   1.372898738649589e-01  -5.010000000000000e-02
  5.109685555908747e-01   1.372934554331620e-01  -5.010000000000000e-02
  5.110544628632614e-01   1.372965213567408e-01  -5.010000000000000e-02
  5.111399030851097e-01   1.372995227348894e-01  -5.010000000000000e-02
  5.112248867798606e-01   1.373020264660903e-01  -5.010000000000000e-02
  5.113093973313179e-01   1.373044613087068e-01  -5.010000000000000e-02
  5.113934421585393e-01   1.373064134224376e-01  -5.010000000000000e-02
  5.114770085263889e-01   1.373082759213110e-01  -5.010000000000000e-02
  5.115600999224308e-01   1.373097029866712e-01  -5.010000000000000e-02
  5.116427079122404e-01   1.373110075739455e-01  -5.010000000000000e-02
  5.117248326041219e-01   1.373119314208998e-01  -5.009999999999999e-02
  5.118064691309373e-01   1.373126829222111e-01  -5.010000000000000e-02
  5.118876150318943e-01   1.373131226620546e-01  -5.010000000000000e-02
  5.119682678395553e-01   1.373133218619817e-01  -5.010000000000000e-02
  5.120484240091591e-01   1.373133009759900e-01  -5.010000000000000e-02
  5.121280816039004e-01   1.373129583725030e-01  -5.010000000000000e-02
  5.122072383005302e-01   1.373125038499684e-01  -5.010000000000000e-02
  5.122858900931964e-01   1.373116301913496e-01  -5.010000000000000e-02
  5.123640387164044e-01   1.373107621219019e-01  -5.010000000000000e-02
  5.124416750406458e-01   1.373093713226712e-01  -5.010000000000000e-02
  5.125188053615997e-01   1.373079821036707e-01  -5.010000000000000e-02
  5.125954203726156e-01   1.373062208426139e-01  -5.010000000000001e-02
  5.126715240535739e-01   1.373043262894051e-01  -5.010000000000001e-02
  5.127471120455223e-01   1.373022178114999e-01  -5.010000000000000e-02
  5.128221811472769e-01   1.372998162509340e-01  -5.010000000000000e-02
  5.128967377558121e-01   1.372973874094247e-01  -5.010000000000000e-02
  5.129707657672874e-01   1.372944991490236e-01  -5.010000000000000e-02
  5.130442815330496e-01   1.372916308742873e-01  -5.010000000000000e-02
  5.131172691185064e-01   1.372884216494487e-01  -5.010000000000000e-02
  5.131897370067347e-01   1.372850823054127e-01  -5.010000000000000e-02
  5.132616842429448e-01   1.372816237508591e-01  -5.010000000000001e-02
  5.133330991280453e-01   1.372778167968796e-01  -5.010000000000000e-02
  5.134040001135490e-01   1.372740372376387e-01  -5.010000000000000e-02
  5.134743641200698e-01   1.372698817623553e-01  -5.009999999999999e-02
  5.135442086362515e-01   1.372656587346652e-01  -5.009999999999999e-02
  5.136135303084599e-01   1.372613263784462e-01  -5.010000000000000e-02
  5.136823156084467e-01   1.372566717634216e-01  -5.010000000000000e-02
  5.137505876012481e-01   1.372520518832507e-01  -5.010000000000000e-02
  5.138183216424981e-01   1.372471173522031e-01  -5.010000000000000e-02
  5.138855330649266e-01   1.372420782095150e-01  -5.010000000000000e-02
  5.139522293838330e-01   1.372370378422806e-01  -5.010000000000000e-02
  5.140183798804613e-01   1.372315989679258e-01  -5.010000000000000e-02
  5.140840197564344e-01   1.372262020766510e-01  -5.010000000000000e-02
  5.141491333515775e-01   1.372206572908449e-01  -5.009999999999999e-02
  5.142137131873226e-01   1.372148691134092e-01  -5.010000000000000e-02
  5.142777848874403e-01   1.372091264792788e-01  -5.010000000000000e-02
  5.143413215107702e-01   1.372031312309476e-01  -5.010000000000000e-02
  5.144043371295739e-01   1.371970242101046e-01  -5.010000000000000e-02
  5.144668477365999e-01   1.371909661313733e-01  -5.010000000000000e-02
  5.145288164357995e-01   1.371845795392411e-01  -5.010000000000001e-02
  5.145902753114666e-01   1.371781721467109e-01  -5.010000000000000e-02
  5.146512329090368e-01   1.371718170149080e-01  -5.010000000000000e-02
  5.147116452359405e-01   1.371650948457549e-01  -5.010000000000001e-02
  5.147715571460401e-01   1.371584090189995e-01  -5.010000000000000e-02
  5.148309720713006e-01   1.371517785637353e-01  -5.010000000000000e-02
  5.148898419503620e-01   1.371447741213883e-01  -5.010000000000000e-02
  5.149482181648483e-01   1.371378284161257e-01  -5.010000000000000e-02
  5.150061022433614e-01   1.371309412660718e-01  -5.010000000000000e-02
  5.150634463666109e-01   1.371237097787877e-01  -5.010000000000000e-02
  5.151203001961984e-01   1.371165252713819e-01  -5.009999999999999e-02
  5.151766672241114e-01   1.371094022801529e-01  -5.010000000000000e-02
  5.152325049553065e-01   1.371020004703642e-01  -5.010000000000001e-02
  5.152878516695227e-01   1.370946003091164e-01  -5.010000000000000e-02
  5.153427173721319e-01   1.370872644617761e-01  -5.010000000000000e-02
  5.153970697318805e-01   1.370797437467506e-01  -5.009999999999999e-02
  5.154509254430831e-01   1.370721454802978e-01  -5.010000000000000e-02
  5.155043063578767e-01   1.370646142007911e-01  -5.010000000000001e-02
  5.155571968581016e-01   1.370570279079629e-01  -5.010000000000000e-02
  5.156095801453346e-01   1.370492561608911e-01  -5.010000000000000e-02
  5.156614952313153e-01   1.370415538776101e-01  -5.010000000000000e-02
  5.157129442288820e-01   1.370339207446528e-01  -5.010000000000000e-02
  5.157638785275347e-01   1.370260226028707e-01  -5.010000000000000e-02
  5.158143464776506e-01   1.370181627469470e-01  -5.010000000000000e-02
  5.158643553976738e-01   1.370103743801640e-01  -5.010000000000000e-02
  5.159138864654236e-01   1.370025249109733e-01  -5.010000000000000e-02
  5.159629289809012e-01   1.369945325109400e-01  -5.010000000000000e-02
  5.160115198215367e-01   1.369866137198149e-01  -5.009999999999999e-02
  5.160596613285621e-01   1.369787681560503e-01  -5.010000000000000e-02
  5.161073151175807e-01   1.369707508063745e-01  -5.010000000000000e-02
  5.161545094983352e-01   1.369627168158655e-01  -5.010000000000000e-02
  5.162012622578982e-01   1.369547580033841e-01  -5.010000000000001e-02
  5.162475758433589e-01   1.369468739523577e-01  -5.010000000000000e-02
  5.162934002439795e-01   1.369387623430174e-01  -5.010000000000000e-02
  5.163387875751806e-01   1.369307081863719e-01  -5.010000000000000e-02
  5.163837437422334e-01   1.369227305414643e-01  -5.010000000000000e-02
  5.164282709908464e-01   1.369148273553361e-01  -5.010000000000000e-02
  5.164723171238196e-01   1.369066957234272e-01  -5.010000000000000e-02
  5.165159402920452e-01   1.368986421776840e-01  -5.010000000000000e-02
  5.165591430865859e-01   1.368906662397542e-01  -5.010000000000000e-02
  5.166019281160487e-01   1.368827674280466e-01  -5.010000000000000e-02
  5.166442478916479e-01   1.368746789681240e-01  -5.010000000000000e-02
  5.166861507218196e-01   1.368666430349526e-01  -5.010000000000000e-02
  5.167276442417381e-01   1.368586855974299e-01  -5.009999999999999e-02
  5.167687311175775e-01   1.368508061442494e-01  -5.010000000000000e-02
  5.168093799641012e-01   1.368428297157807e-01  -5.010000000000000e-02
  5.168496086097658e-01   1.368348333136333e-01  -5.009999999999999e-02
  5.168894392089999e-01   1.368269160327011e-01  -5.010000000000000e-02
  5.169288744714761e-01   1.368190773343722e-01  -5.010000000000001e-02
  5.169679080823325e-01   1.368112720187068e-01  -5.010000000000000e-02
  5.170065079865187e-01   1.368033275971063e-01  -5.010000000000000e-02
  5.170447212673528e-01   1.367954627482139e-01  -5.010000000000000e-02
  5.170825506648400e-01   1.367876769080968e-01  -5.009999999999999e-02
  5.171199989255896e-01   1.367799695114627e-01  -5.010000000000000e-02
  5.171570439262977e-01   1.367722211251414e-01  -5.010000000000000e-02
  5.171936872637732e-01   1.367644256346703e-01  -5.010000000000000e-02
  5.172299582540544e-01   1.367567093572080e-01  -5.010000000000000e-02
  5.172658596591516e-01   1.367490717051650e-01  -5.010000000000000e-02
  5.173013942441594e-01   1.367415120902963e-01  -5.010000000000000e-02
  5.173365370187005e-01   1.367339015198390e-01  -5.010000000000001e-02
  5.173712968563327e-01   1.367262676420634e-01  -5.009999999999999e-02
  5.174056986900518e-01   1.367187123883062e-01  -5.010000000000000e-02
  5.174397452869093e-01   1.367112351508738e-01  -5.010000000000000e-02
  5.174734394138878e-01   1.367038353220877e-01  -5.010000000000000e-02
  5.175067667110673e-01   1.366964354993600e-01  -5.010000000000000e-02
  5.175397166020681e-01   1.366889752514902e-01  -5.010000000000001e-02
  5.175723228143486e-01   1.366815928165771e-01  -5.010000000000000e-02
  5.176045881049018e-01   1.366742875704046e-01  -5.010000000000000e-02
  5.176365152278568e-01   1.366670588894052e-01  -5.010000000000000e-02
  5.176681069339597e-01   1.366599061507770e-01  -5.010000000000000e-02
  5.176993272169964e-01   1.366526600661131e-01  -5.010000000000000e-02
  5.177302111056630e-01   1.366454605350379e-01  -5.010000000000000e-02
  5.177607682827961e-01   1.366383371656748e-01  -5.010000000000000e-02
  5.177910014766888e-01   1.366312893220147e-01  -5.009999999999999e-02
  5.178209134098597e-01   1.366243163693950e-01  -5.010000000000001e-02
  5.178505067986119e-01   1.366174176746016e-01  -5.010000000000000e-02
  5.178797414006738e-01   1.366104109370815e-01  -5.010000000000000e-02
  5.179086628407902e-01   1.366034770697398e-01  -5.009999999999999e-02
  5.179372743045447e-01   1.365966175187172e-01  -5.010000000000000e-02
  5.179655784752187e-01   1.365898316407014e-01  -5.010000000000001e-02
  5.179935780278642e-01   1.365831187943532e-01  -5.010000000000000e-02
  5.180212756289337e-01   1.365764783403950e-01  -5.010000000000000e-02
  5.180486444563868e-01   1.365697883220319e-01  -5.010000000000000e-02
  5.180757057951388e-01   1.365631248016799e-01  -5.010000000000000e-02
  5.181024735639797e-01   1.365565335692919e-01  -5.010000000000000e-02
  5.181289503875817e-01   1.365500139785745e-01  -5.010000000000000e-02
  5.181551388803520e-01   1.365435653857623e-01  -5.010000000000000e-02
  5.181810416461289e-01   1.365371871496925e-01  -5.010000000000000e-02
  5.182066612778873e-01   1.365308786318769e-01  -5.010000000000000e-02
  5.182319624676357e-01   1.365244873072010e-01  -5.010000000000000e-02
  5.182569856744859e-01   1.365181644276168e-01  -5.009999999999999e-02
  5.182817338747089e-01   1.365119110368795e-01  -5.010000000000000e-02
  5.183062096112452e-01   1.365057264924373e-01  -5.010000000000000e-02
  5.183304154148730e-01   1.364996101548114e-01  -5.010000000000000e-02
  5.183543538039737e-01   1.364935613876559e-01  -5.010000000000000e-02
  5.183780272843057e-01   1.364875795578139e-01  -5.010000000000000e-02
  5.184014136146294e-01   1.364815673523280e-01  -5.010000000000001e-02
  5.184245297595406e-01   1.364755807637329e-01  -5.009999999999999e-02
  5.184473888241639e-01   1.364696607534503e-01  -5.009999999999999e-02
  5.184699932579826e-01   1.364638066871162e-01  -5.010000000000000e-02
  5.184923454968825e-01   1.364580179338882e-01  -5.010000000000000e-02
  5.185144479629766e-01   1.364522938664906e-01  -5.010000000000000e-02
  5.185363030644405e-01   1.364466338612574e-01  -5.010000000000000e-02
  5.185579131953535e-01   1.364410372981730e-01  -5.010000000000000e-02
  5.185792564862366e-01   1.364354110298737e-01  -5.009999999999999e-02
  5.186003518024500e-01   1.364298174044886e-01  -5.009999999999999e-02
  5.186212096045851e-01   1.364242867582389e-01  -5.010000000000000e-02
  5.186418322253701e-01   1.364188184725795e-01  -5.010000000000000e-02
  5.186622219827808e-01   1.364134119328768e-01  -5.010000000000000e-02
  5.186823811799274e-01   1.364080665284390e-01  -5.010000000000000e-02
  5.187023121049464e-01   1.364027816525449e-01  -5.010000000000000e-02
  5.187220170309005e-01   1.363975567024700e-01  -5.010000000000000e-02
  5.187414982156829e-01   1.363923910795123e-01  -5.010000000000000e-02
  5.187607283713011e-01   1.363871740945993e-01  -5.009999999999999e-02
  5.187797395284131e-01   1.363820162683342e-01  -5.010000000000000e-02
  5.187985339597103e-01   1.363769172409150e-01  -5.009999999999999e-02
  5.188171138582171e-01   1.363718764173630e-01  -5.010000000000000e-02
  5.188354814014318e-01   1.363668932069114e-01  -5.010000000000000e-02
  5.188536387512694e-01   1.363619670230212e-01  -5.009999999999999e-02
  5.188715880540082e-01   1.363570972833961e-01  -5.010000000000000e-02
  5.188893314402412e-01   1.363522834099951e-01  -5.010000000000000e-02
  5.189068710248341e-01   1.363475248290439e-01  -5.010000000000000e-02
  5.189242024103554e-01   1.363427972836072e-01  -5.010000000000000e-02
  5.189413148338404e-01   1.363380533688423e-01  -5.010000000000000e-02
  5.189582300034136e-01   1.363333641369074e-01  -5.010000000000000e-02
  5.189749499676094e-01   1.363287290199068e-01  -5.010000000000000e-02
  5.189914767591184e-01   1.363241474543368e-01  -5.010000000000000e-02
  5.190078123947736e-01   1.363196188810902e-01  -5.010000000000000e-02
  5.190239588755392e-01   1.363151427454585e-01  -5.010000000000000e-02
  5.190399181865065e-01   1.363107184971338e-01  -5.010000000000000e-02
  5.190556922968910e-01   1.363063455902090e-01  -5.010000000000000e-02
  5.190712831600348e-01   1.363020234831778e-01  -5.010000000000000e-02
  5.190866927134138e-01   1.362977516389320e-01  -5.010000000000000e-02
  5.191019173901403e-01   1.362935099353447e-01  -5.010000000000000e-02
  5.191169469497030e-01   1.362892544919248e-01  -5.010000000000000e-02
  5.191318011865796e-01   1.362850486890661e-01  -5.010000000000000e-02
  5.191464819720331e-01   1.362808919969424e-01  -5.009999999999999e-02
  5.191609911615682e-01   1.362767838901894e-01  -5.009999999999999e-02
  5.191753305949585e-01   1.362727238478966e-01  -5.010000000000000e-02
  5.191895020962761e-01   1.362687113535996e-01  -5.010000000000000e-02
  5.192035074739252e-01   1.362647458952699e-01  -5.010000000000000e-02
  5.192173485206775e-01   1.362608269653052e-01  -5.010000000000000e-02
  5.192310270137115e-01   1.362569540605182e-01  -5.010000000000000e-02
  5.192445447146534e-01   1.362531266821253e-01  -5.009999999999999e-02
  5.192579033696219e-01   1.362493443357334e-01  -5.010000000000000e-02
  5.192711047092742e-01   1.362456065313272e-01  -5.010000000000000e-02
  5.192841396509111e-01   1.362418750233141e-01  -5.010000000000000e-02
  5.192970122376480e-01   1.362381575245648e-01  -5.009999999999999e-02
  5.193097328360965e-01   1.362344839188017e-01  -5.009999999999999e-02
  5.193223031130917e-01   1.362308537246564e-01  -5.010000000000001e-02
  5.193347247202992e-01   1.362272664651411e-01  -5.009999999999999e-02
  5.193469992942749e-01   1.362237216676318e-01  -5.010000000000000e-02
  5.193591284565275e-01   1.362202188638498e-01  -5.010000000000000e-02
  5.193711138135829e-01   1.362167575898438e-01  -5.010000000000000e-02
  5.193829569570490e-01   1.362133373859700e-01  -5.010000000000000e-02
  5.193946594636842e-01   1.362099577968735e-01  -5.010000000000000e-02
  5.194062228954667e-01   1.362066183714675e-01  -5.010000000000000e-02
  5.194176487996651e-01   1.362033186629135e-01  -5.010000000000000e-02
  5.194289387089111e-01   1.362000582285999e-01  -5.010000000000000e-02
  5.194400941412734e-01   1.361968366301207e-01  -5.010000000000000e-02
  5.194511166003332e-01   1.361936534332539e-01  -5.010000000000000e-02
  5.194619960779756e-01   1.361904688526342e-01  -5.010000000000000e-02
  5.194727376440901e-01   1.361872947682328e-01  -5.010000000000000e-02
  5.194833508932381e-01   1.361841586009170e-01  -5.010000000000001e-02
  5.194938372692232e-01   1.361810599240493e-01  -5.010000000000000e-02
  5.195041982017836e-01   1.361779983151486e-01  -5.010000000000000e-02
  5.195144351066737e-01   1.361749733558657e-01  -5.009999999999999e-02
  5.195245493857487e-01   1.361719846319589e-01  -5.010000000000000e-02
  5.195345424270477e-01   1.361690317332688e-01  -5.010000000000000e-02
  5.195444156048804e-01   1.361661142536930e-01  -5.010000000000000e-02
  5.195541702799128e-01   1.361632317911609e-01  -5.010000000000000e-02
  5.195638077992543e-01   1.361603839476077e-01  -5.010000000000000e-02
  5.195733294965454e-01   1.361575703289487e-01  -5.010000000000000e-02
  5.195827366920468e-01   1.361547905450528e-01  -5.010000000000001e-02
  5.195920306927279e-01   1.361520442097164e-01  -5.010000000000000e-02
  5.196012127923571e-01   1.361493309406368e-01  -5.010000000000000e-02
  5.196102842715920e-01   1.361466503593854e-01  -5.010000000000000e-02
  5.196192463980707e-01   1.361440020913809e-01  -5.010000000000000e-02
  5.196281004265027e-01   1.361413857658622e-01  -5.010000000000000e-02
  5.196368317417139e-01   1.361387487486848e-01  -5.010000000000000e-02
  5.196454354083795e-01   1.361360703576922e-01  -5.010000000000000e-02
  5.196539351221424e-01   1.361334243280786e-01  -5.010000000000000e-02
  5.196623320816451e-01   1.361308102866971e-01  -5.010000000000000e-02
  5.196706258519728e-01   1.361282229166928e-01  -5.010000000000000e-02
  5.196787415214087e-01   1.361254296472287e-01  -5.010000000000000e-02
  5.196867589189974e-01   1.361226702011913e-01  -5.010000000000000e-02
  5.196946791831729e-01   1.361199441867517e-01  -5.009999999999999e-02
  5.197025034404498e-01   1.361172512161837e-01  -5.010000000000000e-02
  5.197102010366249e-01   1.361145029775909e-01  -5.010000000000000e-02
  5.197177530471487e-01   1.361116436602970e-01  -5.010000000000000e-02
  5.197252133742365e-01   1.361088190558829e-01  -5.010000000000000e-02
  5.197325830858393e-01   1.361060287600046e-01  -5.010000000000000e-02
  5.197398632385805e-01   1.361032723726069e-01  -5.010000000000000e-02
  5.197470118582845e-01   1.361004411036413e-01  -5.010000000000000e-02
  5.197540270434377e-01   1.360975271644408e-01  -5.010000000000000e-02
  5.197609568553602e-01   1.360946486872272e-01  -5.010000000000000e-02
  5.197678022936096e-01   1.360918052568081e-01  -5.009999999999999e-02
  5.197745643470139e-01   1.360889964624485e-01  -5.010000000000000e-02
  5.197812134963989e-01   1.360861518039274e-01  -5.010000000000000e-02
  5.197877165156124e-01   1.360831922896793e-01  -5.010000000000000e-02
  5.197941402140538e-01   1.360802688741951e-01  -5.010000000000000e-02
  5.198004855248778e-01   1.360773811327975e-01  -5.010000000000000e-02
  5.198067533711097e-01   1.360745286454191e-01  -5.010000000000000e-02
  5.198129446657345e-01   1.360717109965617e-01  -5.010000000000000e-02
  5.198189673307101e-01   1.360687329304825e-01  -5.010000000000000e-02
  5.198249044032163e-01   1.360657661760639e-01  -5.009999999999999e-02
  5.198307688732686e-01   1.360628357010828e-01  -5.010000000000000e-02
  5.198365615995579e-01   1.360599410764514e-01  -5.010000000000000e-02
  5.198422834313394e-01   1.360570818777971e-01  -5.010000000000000e-02
  5.198479156990153e-01   1.360542204730887e-01  -5.010000000000000e-02
  5.198533854135691e-01   1.360512156440029e-01  -5.010000000000000e-02
  5.198587881082252e-01   1.360482476328052e-01  -5.010000000000000e-02
  5.198641245789305e-01   1.360453160022359e-01  -5.010000000000000e-02
  5.198693956128040e-01   1.360424203198855e-01  -5.009999999999999e-02
  5.198746019882187e-01   1.360395601581487e-01  -5.010000000000000e-02
  5.198797232813925e-01   1.360366984055752e-01  -5.010000000000000e-02
  5.198846781147219e-01   1.360336924515376e-01  -5.010000000000000e-02
  5.198895721022413e-01   1.360307234108926e-01  -5.009999999999999e-02
  5.198944059699111e-01   1.360277908432210e-01  -5.010000000000000e-02
  5.198991804355562e-01   1.360248943130394e-01  -5.010000000000000e-02
  5.199038962089440e-01   1.360220333897523e-01  -5.010000000000000e-02
  5.199085539918616e-01   1.360192076476058e-01  -5.010000000000000e-02
  5.199130343782222e-01   1.360162289467919e-01  -5.010000000000000e-02
  5.199174416355942e-01   1.360132587712334e-01  -5.010000000000000e-02
  5.199217946424349e-01   1.360103251566443e-01  -5.010000000000000e-02
  5.199260940492166e-01   1.360074276646530e-01  -5.010000000000000e-02
  5.199303404990414e-01   1.360045658618548e-01  -5.010000000000000e-02
  5.199345346277144e-01   1.360017393197624e-01  -5.010000000000000e-02
  5.199386373100989e-01   1.359988919135414e-01  -5.010000000000000e-02
  5.199425748083146e-01   1.359959190352974e-01  -5.010000000000000e-02
  5.199464637472966e-01   1.359929828201025e-01  -5.010000000000000e-02
  5.199503047115400e-01   1.359900828266525e-01  -5.010000000000000e-02
  5.199540982788615e-01   1.359872186186861e-01  -5.009999999999999e-02
  5.199578450204663e-01   1.359843897649338e-01  -5.010000000000000e-02
  5.199615455010147e-01   1.359815958390673e-01  -5.010000000000000e-02
  5.199651446588011e-01   1.359787672134535e-01  -5.010000000000000e-02
  5.199685827304872e-01   1.359758284231748e-01  -5.010000000000001e-02
  5.199719783164698e-01   1.359729259487685e-01  -5.010000000000001e-02
  5.199753319302676e-01   1.359700593512896e-01  -5.010000000000000e-02
  5.199786440794781e-01   1.359672281968548e-01  -5.010000000000000e-02
  5.199819152658388e-01   1.359644320565895e-01  -5.010000000000000e-02
  5.199851459852877e-01   1.359616705065766e-01  -5.010000000000000e-02
  5.199883282765736e-01   1.359589339096231e-01  -5.010000000000000e-02
  5.199912847416199e-01   1.359560278311298e-01  -5.010000000000001e-02
  5.199942046048669e-01   1.359531577306375e-01  -5.010000000000000e-02
  5.199970883103944e-01   1.359503231716343e-01  -5.010000000000000e-02
  5.199999362971202e-01   1.359475237226833e-01  -5.010000000000000e-02
  5.200027489988534e-01   1.359447589573683e-01  -5.009999999999999e-02
  5.200055268443492e-01   1.359420284542416e-01  -5.010000000000000e-02
  5.200082702573617e-01   1.359393317967709e-01  -5.010000000000000e-02
  5.200108917526554e-01   1.359365860576265e-01  -5.010000000000000e-02
  5.200133476558808e-01   1.359337494442321e-01  -5.010000000000000e-02
  5.200157730960107e-01   1.359309480162734e-01  -5.010000000000000e-02
  5.200181684440993e-01   1.359281813451758e-01  -5.010000000000000e-02
  5.200205340668509e-01   1.359254490073890e-01  -5.010000000000000e-02
  5.200228703266666e-01   1.359227505843335e-01  -5.009999999999999e-02
  5.200251775816902e-01   1.359200856623461e-01  -5.010000000000000e-02
  5.200274561858548e-01   1.359174538326280e-01  -5.010000000000000e-02
  5.200296215162165e-01   1.359147877329103e-01  -5.010000000000000e-02
  5.200315974951155e-01   1.359120267425921e-01  -5.009999999999999e-02
  5.200335489214071e-01   1.359093000590735e-01  -5.010000000000000e-02
  5.200354760952120e-01   1.359066072630021e-01  -5.010000000000000e-02
  5.200373793131063e-01   1.359039479399789e-01  -5.010000000000000e-02
  5.200392588681599e-01   1.359013216805043e-01  -5.010000000000000e-02
  5.200411150499746e-01   1.358987280799240e-01  -5.010000000000000e-02
  5.200429481447229e-01   1.358961667383763e-01  -5.010000000000000e-02
  5.200447584351844e-01   1.358936372607386e-01  -5.010000000000000e-02
  5.200463224836026e-01   1.358909965688044e-01  -5.010000000000000e-02
  5.200478148872985e-01   1.358883554595859e-01  -5.010000000000000e-02
  5.200492887145913e-01   1.358857472250575e-01  -5.010000000000000e-02
  5.200507441933617e-01   1.358831714619389e-01  -5.010000000000000e-02
  5.200521815487779e-01   1.358806277717496e-01  -5.010000000000000e-02
  5.200536010033260e-01   1.358781157607550e-01  -5.010000000000000e-02
  5.200550027768408e-01   1.358756350399135e-01  -5.010000000000000e-02
  5.200563870865342e-01   1.358731852248247e-01  -5.010000000000000e-02
  5.200577541470256e-01   1.358707659356767e-01  -5.010000000000000e-02
  5.200588950140470e-01   1.358682749762318e-01  -5.010000000000000e-02
  5.200599297135555e-01   1.358657703044430e-01  -5.010000000000000e-02
  5.200609515137274e-01   1.358632968577631e-01  -5.010000000000001e-02
  5.200619605733032e-01   1.358608542519322e-01  -5.010000000000000e-02
  5.200629570491218e-01   1.358584421072945e-01  -5.010000000000000e-02
  5.200639410961419e-01   1.358560600487456e-01  -5.010000000000000e-02
  5.200649128674628e-01   1.358537077056811e-01  -5.009999999999999e-02
  5.200658725143463e-01   1.358513847119457e-01  -5.010000000000000e-02
  5.200668201862368e-01   1.358490907057828e-01  -5.010000000000000e-02
  5.200677560307826e-01   1.358468253297842e-01  -5.010000000000000e-02
  5.200684277399232e-01   1.358445037181899e-01  -5.010000000000000e-02
  5.200690291013013e-01   1.358421903471470e-01  -5.010000000000000e-02
  5.200696229541267e-01   1.358399058606799e-01  -5.010000000000001e-02
  5.200702093910885e-01   1.358376499022239e-01  -5.010000000000000e-02
  5.200707885037581e-01   1.358354221195139e-01  -5.010000000000000e-02
  5.200713603826022e-01   1.358332221645352e-01  -5.010000000000000e-02
  5.200719251169947e-01   1.358310496934745e-01  -5.010000000000000e-02
  5.200724827952308e-01   1.358289043666720e-01  -5.010000000000000e-02
  5.200730335045376e-01   1.358267858485729e-01  -5.010000000000000e-02
  5.200735773310878e-01   1.358246938076808e-01  -5.010000000000000e-02
  5.200741143600115e-01   1.358226279165106e-01  -5.010000000000000e-02
  5.200743884975684e-01   1.358205415234089e-01  -5.010000000000000e-02
  5.200746035465186e-01   1.358184711501831e-01  -5.010000000000000e-02
  5.200748159064075e-01   1.358164266657623e-01  -5.010000000000000e-02
  5.200750256105295e-01   1.358144077496065e-01  -5.010000000000001e-02
  5.200752326917753e-01   1.358124140850648e-01  -5.010000000000000e-02
  5.200754371826357e-01   1.358104453593303e-01  -5.010000000000000e-02
  5.200756391152073e-01   1.358085012633953e-01  -5.010000000000000e-02
  5.200758385211967e-01   1.358065814920074e-01  -5.010000000000000e-02
  5.200760354319248e-01   1.358046857436251e-01  -5.010000000000000e-02
  5.200762298783317e-01   1.358028137203751e-01  -5.010000000000000e-02
  5.200764218909806e-01   1.358009651280090e-01  -5.010000000000000e-02
  5.200766115000632e-01   1.357991396758611e-01  -5.010000000000000e-02
  5.200767392940638e-01   1.357973356426787e-01  -5.010000000000000e-02
  5.200766404609011e-01   1.357955487677418e-01  -5.010000000000000e-02
  5.200765428653142e-01   1.357937842678214e-01  -5.010000000000001e-02
  5.200764464919374e-01   1.357920418651030e-01  -5.010000000000000e-02
  5.200763513255922e-01   1.357903212851628e-01  -5.010000000000000e-02
  5.200762573512848e-01   1.357886222569273e-01  -5.010000000000000e-02
  5.200761645542057e-01   1.357869445126338e-01  -5.010000000000000e-02
  5.200760729197255e-01   1.357852877877918e-01  -5.010000000000000e-02
  5.200759824333938e-01   1.357836518211442e-01  -5.010000000000000e-02
  5.200758930809373e-01   1.357820363546289e-01  -5.009999999999999e-02
  5.200758048482568e-01   1.357804411333413e-01  -5.010000000000000e-02
  5.200757177214261e-01   1.357788659054967e-01  -5.010000000000000e-02
  5.200756316866894e-01   1.357773104223936e-01  -5.010000000000000e-02
  5.200755467304592e-01   1.357757744383770e-01  -5.010000000000000e-02
  5.200754628393148e-01   1.357742577108025e-01  -5.010000000000000e-02
  5.200753799999999e-01   1.357727600000000e-01  -5.010000000000000e-02
