888
  4.936755227600000e-01   1.263103850800000e-01  -5.010000000000000e-02
  4.936743042576652e-01   1.263112598668656e-01  -5.010000000000000e-02
  4.936730702837313e-01   1.263121457610974e-01  -5.010000000000000e-02
  4.936718206432085e-01   1.263130429026825e-01  -5.010000000000000e-02
  4.936705551386866e-01   1.263139514333453e-01  -5.010000000000000e-02
  4.936692735703069e-01   1.263148714965688e-01  -5.010000000000000e-02
  4.936679757357315e-01   1.263158032376150e-01  -5.010000000000000e-02
  4.936666614301143e-01   1.263167468035471e-01  -5.010000000000000e-02
  4.936653304460709e-01   1.263177023432504e-01  -5.010000000000000e-02
  4.936639825736481e-01   1.263186700074544e-01  -5.010000000000000e-02
  4.936626176002932e-01   1.263196499487550e-01  -5.010000000000001e-02
  4.936612353108229e-01   1.263206423216365e-01  -5.010000000000000e-02
  4.936598354873918e-01   1.263216472824943e-01  -5.010000000000000e-02
  4.936584179094610e-01   1.263226649896578e-01  -5.010000000000001e-02
  4.936571417955535e-01   1.263238715262700e-01  -5.010000000000000e-02
  4.936559605999368e-01   1.263252159469442e-01  -5.010000000000000e-02
  4.936547644276275e-01   1.263265774138849e-01  -5.010000000000000e-02
  4.936535530904164e-01   1.263279561413089e-01  -5.010000000000000e-02
  4.936523263977728e-01   1.263293523460760e-01  -5.009999999999999e-02
  4.936510841568161e-01   1.263307662477201e-01  -5.010000000000000e-02
  4.936498261722884e-01   1.263321980684811e-01  -5.010000000000000e-02
  4.936485522465263e-01   1.263336480333369e-01  -5.010000000000000e-02
  4.936472621794322e-01   1.263351163700356e-01  -5.010000000000001e-02
  4.936459557684462e-01   1.263366033091283e-01  -5.010000000000000e-02
  4.936446328085162e-01   1.263381090840022e-01  -5.010000000000000e-02
  4.936432930920694e-01   1.263396339309143e-01  -5.010000000000001e-02
  4.936419364089818e-01   1.263411780890244e-01  -5.010000000000000e-02
  4.936407783760586e-01   1.263429015508259e-01  -5.010000000000001e-02
  4.936396703396086e-01   1.263446946918470e-01  -5.010000000000000e-02
  4.936385482759717e-01   1.263465105331360e-01  -5.010000000000001e-02
  4.936374120094318e-01   1.263483493590552e-01  -5.010000000000000e-02
  4.936362613621192e-01   1.263502114574518e-01  -5.010000000000000e-02
  4.936350961539858e-01   1.263520971196990e-01  -5.010000000000000e-02
  4.936339162027790e-01   1.263540066407367e-01  -5.010000000000000e-02
  4.936327213240168e-01   1.263559403191132e-01  -5.010000000000000e-02
  4.936315113309611e-01   1.263578984570278e-01  -5.010000000000001e-02
  4.936302860345919e-01   1.263598813603722e-01  -5.010000000000000e-02
  4.936290452435810e-01   1.263618893387744e-01  -5.010000000000000e-02
  4.936277887642643e-01   1.263639227056414e-01  -5.010000000000000e-02
  4.936265891452308e-01   1.263660208197914e-01  -5.010000000000000e-02
  4.936255637129187e-01   1.263682470771894e-01  -5.010000000000000e-02
  4.936245253210378e-01   1.263705014703649e-01  -5.010000000000000e-02
  4.936234738078063e-01   1.263727843505543e-01  -5.010000000000000e-02
  4.936224090094729e-01   1.263750960732675e-01  -5.009999999999999e-02
  4.936213307602961e-01   1.263774369983370e-01  -5.010000000000000e-02
  4.936202388925202e-01   1.263798074899674e-01  -5.010000000000000e-02
  4.936191332363526e-01   1.263822079167860e-01  -5.010000000000000e-02
  4.936180136199403e-01   1.263846386518927e-01  -5.009999999999999e-02
  4.936168798693464e-01   1.263871000729119e-01  -5.010000000000000e-02
  4.936157318085268e-01   1.263895925620433e-01  -5.010000000000001e-02
  4.936145692593051e-01   1.263921165061148e-01  -5.010000000000000e-02
  4.936134223521638e-01   1.263946846220307e-01  -5.010000000000000e-02
  4.936124700183094e-01   1.263973701396921e-01  -5.010000000000000e-02
  4.936115056723528e-01   1.264000895306768e-01  -5.009999999999999e-02
  4.936105291649434e-01   1.264028432161438e-01  -5.010000000000000e-02
  4.936095403449288e-01   1.264056316223324e-01  -5.010000000000001e-02
  4.936085390593347e-01   1.264084551806200e-01  -5.010000000000000e-02
  4.936075251533442e-01   1.264113143275798e-01  -5.010000000000000e-02
  4.936064984702773e-01   1.264142095050390e-01  -5.010000000000000e-02
  4.936054588515698e-01   1.264171411601377e-01  -5.010000000000000e-02
  4.936044061367525e-01   1.264201097453889e-01  -5.010000000000000e-02
  4.936033401634295e-01   1.264231157187377e-01  -5.009999999999999e-02
  4.936022607672571e-01   1.264261595436227e-01  -5.010000000000000e-02
  4.936012531089743e-01   1.264292686827350e-01  -5.010000000000000e-02
  4.936003634692990e-01   1.264324583050958e-01  -5.010000000000000e-02
  4.935994626339680e-01   1.264356880672060e-01  -5.010000000000000e-02
  4.935985504644368e-01   1.264389584657892e-01  -5.010000000000000e-02
  4.935976268205061e-01   1.264422700035013e-01  -5.009999999999999e-02
  4.935966915603038e-01   1.264456231889954e-01  -5.010000000000000e-02
  4.935957445402670e-01   1.264490185369882e-01  -5.010000000000000e-02
  4.935947856151225e-01   1.264524565683261e-01  -5.010000000000001e-02
  4.935938146378692e-01   1.264559378100525e-01  -5.010000000000000e-02
  4.935928314597584e-01   1.264594627954752e-01  -5.010000000000000e-02
  4.935918359302752e-01   1.264630320642350e-01  -5.010000000000000e-02
  4.935908605014317e-01   1.264666543010055e-01  -5.010000000000000e-02
  4.935900416687087e-01   1.264703641685310e-01  -5.010000000000000e-02
  4.935892125563967e-01   1.264741206095655e-01  -5.010000000000000e-02
  4.935883730379244e-01   1.264779241975634e-01  -5.010000000000001e-02
  4.935875229852249e-01   1.264817755127538e-01  -5.009999999999999e-02
  4.935866622687204e-01   1.264856751422129e-01  -5.010000000000000e-02
  4.935857907573052e-01   1.264896236799378e-01  -5.010000000000000e-02
  4.935849083183301e-01   1.264936217269200e-01  -5.009999999999999e-02
  4.935840148175854e-01   1.264976698912198e-01  -5.010000000000001e-02
  4.935831101192847e-01   1.265017687880419e-01  -5.010000000000001e-02
  4.935821940860481e-01   1.265059190398102e-01  -5.010000000000000e-02
  4.935813534703982e-01   1.265101384696601e-01  -5.010000000000000e-02
  4.935806014308536e-01   1.265144303462135e-01  -5.010000000000001e-02
  4.935798399765732e-01   1.265187759524991e-01  -5.010000000000000e-02
  4.935790689923048e-01   1.265231759462607e-01  -5.010000000000000e-02
  4.935782883614512e-01   1.265276309929150e-01  -5.010000000000000e-02
  4.935774979660572e-01   1.265321417656309e-01  -5.010000000000000e-02
  4.935766976867950e-01   1.265367089454104e-01  -5.010000000000000e-02
  4.935758874029500e-01   1.265413332211695e-01  -5.010000000000000e-02
  4.935750669924067e-01   1.265460152898189e-01  -5.010000000000000e-02
  4.935742363316342e-01   1.265507558563473e-01  -5.010000000000000e-02
  4.935734550701059e-01   1.265555649921678e-01  -5.010000000000000e-02
  4.935727805986073e-01   1.265604524235433e-01  -5.010000000000000e-02
  4.935720977079061e-01   1.265654008630935e-01  -5.009999999999999e-02
  4.935714062955584e-01   1.265704110531589e-01  -5.010000000000000e-02
  4.935707062579411e-01   1.265754837446244e-01  -5.010000000000000e-02
  4.935699974902402e-01   1.265806196970054e-01  -5.010000000000000e-02
  4.935692798864388e-01   1.265858196785341e-01  -5.010000000000000e-02
  4.935685533393049e-01   1.265910844662461e-01  -5.010000000000000e-02
  4.935678177403797e-01   1.265964148460685e-01  -5.010000000000000e-02
  4.935670729799651e-01   1.266018116129073e-01  -5.010000000000000e-02
  4.935664474274368e-01   1.266072913208802e-01  -5.010000000000000e-02
  4.935658520160363e-01   1.266128438783589e-01  -5.010000000000000e-02
  4.935652491967613e-01   1.266184655185750e-01  -5.010000000000000e-02
  4.935646388800936e-01   1.266241570763369e-01  -5.010000000000000e-02
  4.935640209755005e-01   1.266299193959142e-01  -5.010000000000000e-02
  4.935633953914250e-01   1.266357533311292e-01  -5.010000000000000e-02
  4.935627620352761e-01   1.266416597454482e-01  -5.010000000000000e-02
  4.935621208134185e-01   1.266476395120741e-01  -5.010000000000000e-02
  4.935614716311630e-01   1.266536935140382e-01  -5.010000000000000e-02
  4.935609369049073e-01   1.266598341525179e-01  -5.010000000000001e-02
  4.935604350847259e-01   1.266660546791548e-01  -5.010000000000001e-02
  4.935599270419473e-01   1.266723523406577e-01  -5.010000000000000e-02
  4.935594127019043e-01   1.266787280625933e-01  -5.010000000000000e-02
  4.935588919890972e-01   1.266851827808515e-01  -5.010000000000000e-02
  4.935583648271857e-01   1.266917174417401e-01  -5.010000000000001e-02
  4.935578311389816e-01   1.266983330020809e-01  -5.010000000000000e-02
  4.935572908464404e-01   1.267050304293051e-01  -5.010000000000000e-02
  4.935567859457479e-01   1.267118136139206e-01  -5.010000000000000e-02
  4.935563886896740e-01   1.267186885516107e-01  -5.010000000000000e-02
  4.935559865238946e-01   1.267256484569634e-01  -5.010000000000000e-02
  4.935555793899082e-01   1.267326943424065e-01  -5.010000000000000e-02
  4.935551672285716e-01   1.267398272314780e-01  -5.010000000000000e-02
  4.935547499800936e-01   1.267470481589239e-01  -5.009999999999999e-02
  4.935543275840304e-01   1.267543581707953e-01  -5.010000000000000e-02
  4.935538999792785e-01   1.267617583245473e-01  -5.010000000000000e-02
  4.935535117037830e-01   1.267692518078649e-01  -5.010000000000000e-02
  4.935532290311614e-01   1.267768428526273e-01  -5.009999999999999e-02
  4.935529428777649e-01   1.267845273720215e-01  -5.010000000000000e-02
  4.935526532024410e-01   1.267923064711743e-01  -5.010000000000000e-02
  4.935523599635940e-01   1.268001812671193e-01  -5.010000000000000e-02
  4.935520631191813e-01   1.268081528888957e-01  -5.010000000000000e-02
  4.935517626267092e-01   1.268162224776468e-01  -5.010000000000000e-02
  4.935514584432298e-01   1.268243911867190e-01  -5.010000000000000e-02
  4.935512684020699e-01   1.268326635023620e-01  -5.010000000000000e-02
  4.935511083841330e-01   1.268410382342141e-01  -5.010000000000000e-02
  4.935509464037504e-01   1.268495156730305e-01  -5.010000000000000e-02
  4.935507824379216e-01   1.268580970225688e-01  -5.010000000000000e-02
  4.935506164634035e-01   1.268667834992884e-01  -5.010000000000000e-02
  4.935504484567083e-01   1.268755763324487e-01  -5.010000000000000e-02
  4.935502783941018e-01   1.268844767642066e-01  -5.010000000000000e-02
  4.935502178043203e-01   1.268934872413286e-01  -5.010000000000000e-02
  4.935501972050812e-01   1.269026082901038e-01  -5.010000000000000e-02
  4.935501763542002e-01   1.269118407623586e-01  -5.010000000000000e-02
  4.935501552487526e-01   1.269211859530470e-01  -5.010000000000000e-02
  4.935501338857837e-01   1.269306451705083e-01  -5.010000000000000e-02
  4.935501122623081e-01   1.269402197365623e-01  -5.009999999999999e-02
  4.935501068531957e-01   1.269499108952434e-01  -5.010000000000000e-02
  4.935502377777922e-01   1.269597193295965e-01  -5.010000000000000e-02
  4.935503702959667e-01   1.269696471495080e-01  -5.010000000000000e-02
  4.935505044260942e-01   1.269796957315508e-01  -5.010000000000000e-02
  4.935506401867352e-01   1.269898664662482e-01  -5.009999999999999e-02
  4.935507775966385e-01   1.270001607581670e-01  -5.010000000000000e-02
  4.935509166747409e-01   1.270105800260089e-01  -5.010000000000000e-02
  4.935511958572896e-01   1.270211228290541e-01  -5.010000000000001e-02
  4.935514964986533e-01   1.270317930781218e-01  -5.010000000000001e-02
  4.935518007825092e-01   1.270425926051446e-01  -5.010000000000000e-02
  4.935521087504360e-01   1.270535228858084e-01  -5.010000000000001e-02
  4.935524204444227e-01   1.270645854103741e-01  -5.010000000000000e-02
  4.935527424299110e-01   1.270757814543212e-01  -5.010000000000000e-02
  4.935532201166284e-01   1.270871074241497e-01  -5.010000000000000e-02
  4.935537035703432e-01   1.270985701296996e-01  -5.010000000000000e-02
  4.935541928563716e-01   1.271101711196200e-01  -5.010000000000000e-02
  4.935546880406616e-01   1.271219119575464e-01  -5.010000000000001e-02
  4.935551891897972e-01   1.271337942221805e-01  -5.010000000000000e-02
  4.935557873815284e-01   1.271458150515288e-01  -5.010000000000000e-02
  4.935564653741419e-01   1.271579769021291e-01  -5.009999999999999e-02
  4.935571515146451e-01   1.271702849098033e-01  -5.010000000000000e-02
  4.935578458943886e-01   1.271827407132001e-01  -5.010000000000000e-02
  4.935585486055830e-01   1.271953459664013e-01  -5.010000000000000e-02
  4.935592964772865e-01   1.272081001639456e-01  -5.010000000000000e-02
  4.935601051512350e-01   1.272210040704429e-01  -5.010000000000000e-02
  4.935609235039137e-01   1.272340624191962e-01  -5.010000000000000e-02
  4.935617516428497e-01   1.272472769260009e-01  -5.010000000000000e-02
  4.935625896765575e-01   1.272606493224112e-01  -5.010000000000000e-02
  4.935634377145431e-01   1.272741813557998e-01  -5.010000000000000e-02
  4.935642958673076e-01   1.272878747894171e-01  -5.010000000000001e-02
  4.935651642463503e-01   1.273017314024459e-01  -5.009999999999999e-02
  4.935660429641727e-01   1.273157529900560e-01  -5.010000000000000e-02
  4.935669321342812e-01   1.273299413634542e-01  -5.010000000000000e-02
  4.935678318711901e-01   1.273442983499334e-01  -5.010000000000000e-02
  4.935687422904250e-01   1.273588257929181e-01  -5.010000000000000e-02
  4.935696635085251e-01   1.273735255520077e-01  -5.010000000000000e-02
  4.935705956430454e-01   1.273883995030164e-01  -5.010000000000000e-02
  4.935715388125598e-01   1.274034495380106e-01  -5.009999999999999e-02
  4.935724931366626e-01   1.274186775653434e-01  -5.010000000000001e-02
  4.935734587359711e-01   1.274340855096854e-01  -5.010000000000001e-02
  4.935744357321266e-01   1.274496753120531e-01  -5.010000000000000e-02
  4.935754242477963e-01   1.274654489298327e-01  -5.010000000000000e-02
  4.935764222211068e-01   1.274814084716723e-01  -5.010000000000000e-02
  4.935774032792846e-01   1.274975575629042e-01  -5.010000000000000e-02
  4.935783958683315e-01   1.275138964625114e-01  -5.010000000000000e-02
  4.935794001111622e-01   1.275304271937755e-01  -5.010000000000000e-02
  4.935804161316898e-01   1.275471517964195e-01  -5.010000000000000e-02
  4.935814440548266e-01   1.275640723266101e-01  -5.010000000000000e-02
  4.935824840064837e-01   1.275811908569561e-01  -5.010000000000000e-02
  4.935835361135706e-01   1.275985094765026e-01  -5.010000000000000e-02
  4.935846005039951e-01   1.276160302907203e-01  -5.010000000000000e-02
  4.935856773066613e-01   1.276337554214912e-01  -5.010000000000000e-02
  4.935867666514695e-01   1.276516870070889e-01  -5.010000000000000e-02
  4.935878686693143e-01   1.276698272021549e-01  -5.010000000000000e-02
  4.935889834920830e-01   1.276881781776693e-01  -5.010000000000000e-02
  4.935901112526531e-01   1.277067421209174e-01  -5.010000000000000e-02
  4.935912520848907e-01   1.277255212354507e-01  -5.010000000000000e-02
  4.935924061236469e-01   1.277445177410425e-01  -5.010000000000000e-02
  4.935937507084579e-01   1.277637215130648e-01  -5.010000000000000e-02
  4.935952798910612e-01   1.277831352280358e-01  -5.010000000000000e-02
  4.935968267072571e-01   1.278027728100197e-01  -5.010000000000000e-02
  4.935983913367360e-01   1.278226365402717e-01  -5.010000000000001e-02
  4.935999739604402e-01   1.278427287159449e-01  -5.010000000000000e-02
  4.936015747605587e-01   1.278630516500125e-01  -5.010000000000000e-02
  4.936031939205192e-01   1.278836076711828e-01  -5.010000000000000e-02
  4.936048316249822e-01   1.279043991238086e-01  -5.010000000000000e-02
  4.936064880598328e-01   1.279254283677896e-01  -5.009999999999999e-02
  4.936081634121721e-01   1.279466977784686e-01  -5.010000000000000e-02
  4.936098578703093e-01   1.279682097465206e-01  -5.010000000000000e-02
  4.936115716237520e-01   1.279899666778352e-01  -5.010000000000000e-02
  4.936133048631962e-01   1.280119709933916e-01  -5.010000000000000e-02
  4.936154381003189e-01   1.280341906317871e-01  -5.010000000000000e-02
  4.936177438652661e-01   1.280566486941978e-01  -5.010000000000000e-02
  4.936200757277674e-01   1.280793609457879e-01  -5.010000000000001e-02
  4.936224339418910e-01   1.281023298611719e-01  -5.010000000000000e-02
  4.936248187631757e-01   1.281255579292870e-01  -5.010000000000000e-02
  4.936272304486131e-01   1.281490476532220e-01  -5.010000000000000e-02
  4.936296692566295e-01   1.281728015500395e-01  -5.010000000000000e-02
  4.936321354470667e-01   1.281968221505881e-01  -5.010000000000000e-02
  4.936346292811618e-01   1.282211119993073e-01  -5.010000000000000e-02
  4.936371510215261e-01   1.282456736540229e-01  -5.010000000000000e-02
  4.936397009321239e-01   1.282705096857342e-01  -5.010000000000000e-02
  4.936428812252829e-01   1.282955528084862e-01  -5.010000000000000e-02
  4.936461599160366e-01   1.283208673990800e-01  -5.010000000000000e-02
  4.936494750402147e-01   1.283464632901368e-01  -5.010000000000000e-02
  4.936528269362903e-01   1.283723430949864e-01  -5.010000000000000e-02
  4.936562159442816e-01   1.283985094388904e-01  -5.010000000000000e-02
  4.936596424057170e-01   1.284249649587734e-01  -5.010000000000000e-02
  4.936631066635999e-01   1.284517123029437e-01  -5.010000000000000e-02
  4.936666090623702e-01   1.284787541308041e-01  -5.010000000000000e-02
  4.936701499478662e-01   1.285060931125519e-01  -5.010000000000000e-02
  4.936741612383624e-01   1.285336699892310e-01  -5.010000000000000e-02
  4.936785468974385e-01   1.285615012849770e-01  -5.010000000000000e-02
  4.936829804646501e-01   1.285896366046936e-01  -5.010000000000000e-02
  4.936874623653835e-01   1.286180786478737e-01  -5.010000000000000e-02
  4.936919930264591e-01   1.286468301231090e-01  -5.010000000000000e-02
  4.936965728760734e-01   1.286758937477267e-01  -5.010000000000000e-02
  4.937012023437407e-01   1.287052722474133e-01  -5.010000000000001e-02
  4.937058818602311e-01   1.287349683558281e-01  -5.010000000000000e-02
  4.937109186541558e-01   1.287649321040662e-01  -5.010000000000000e-02
  4.937165381506439e-01   1.287951275850771e-01  -5.010000000000000e-02
  4.937222180017566e-01   1.288256473721757e-01  -5.009999999999999e-02
  4.937279587189681e-01   1.288564942136887e-01  -5.010000000000000e-02
  4.937337608148377e-01   1.288876708637716e-01  -5.010000000000000e-02
  4.937396248029237e-01   1.289191800819506e-01  -5.010000000000000e-02
  4.937455511976967e-01   1.289510246326521e-01  -5.010000000000000e-02
  4.937516051524685e-01   1.289831943315473e-01  -5.010000000000000e-02
  4.937585516458936e-01   1.290155387564954e-01  -5.010000000000000e-02
  4.937655715374035e-01   1.290482249393211e-01  -5.010000000000000e-02
  4.937726654205600e-01   1.290812556437793e-01  -5.010000000000000e-02
  4.937798338894262e-01   1.291146336359621e-01  -5.010000000000000e-02
  4.937870775384504e-01   1.291483616837522e-01  -5.010000000000000e-02
  4.937943969623446e-01   1.291824425562622e-01  -5.010000000000000e-02
  4.938022687214410e-01   1.292167700106391e-01  -5.009999999999999e-02
  4.938106849222883e-01   1.292513487608391e-01  -5.010000000000000e-02
  4.938191884744183e-01   1.292862864019731e-01  -5.010000000000000e-02
  4.938277800473939e-01   1.293215856850033e-01  -5.010000000000000e-02
  4.938364603103476e-01   1.293572493591233e-01  -5.010000000000001e-02
  4.938452299318256e-01   1.293932801711178e-01  -5.010000000000000e-02
  4.938546254866179e-01   1.294295427708143e-01  -5.010000000000000e-02
  4.938645613891908e-01   1.294660621239493e-01  -5.010000000000000e-02
  4.938745987107448e-01   1.295029542419702e-01  -5.010000000000000e-02
  4.938847381890322e-01   1.295402218364812e-01  -5.009999999999999e-02
  4.938949805602316e-01   1.295778676133018e-01  -5.010000000000000e-02
  4.939054204382087e-01   1.296158673976660e-01  -5.010000000000000e-02
  4.939168782674515e-01   1.296539892296002e-01  -5.010000000000001e-02
  4.939284513179605e-01   1.296924944191202e-01  -5.010000000000000e-02
  4.939401403877880e-01   1.297313856214579e-01  -5.010000000000000e-02
  4.939519462721402e-01   1.297706654823790e-01  -5.010000000000001e-02
  4.939639405378073e-01   1.298103143651251e-01  -5.010000000000000e-02
  4.939770129650730e-01   1.298500551350477e-01  -5.010000000000000e-02
  4.939902147724642e-01   1.298901892264011e-01  -5.010000000000000e-02
  4.940035468082653e-01   1.299307192180090e-01  -5.009999999999999e-02
  4.940170099163384e-01   1.299716476752498e-01  -5.010000000000000e-02
  4.940310378168191e-01   1.300128286401533e-01  -5.010000000000000e-02
  4.940458206783076e-01   1.300541996934176e-01  -5.009999999999999e-02
  4.940607473806292e-01   1.300959732970792e-01  -5.010000000000000e-02
  4.940758188103774e-01   1.301381519323432e-01  -5.010000000000000e-02
  4.940911170081245e-01   1.301807079206294e-01  -5.010000000000000e-02
  4.941075434548466e-01   1.302233092307316e-01  -5.010000000000000e-02
  4.941241274438012e-01   1.302663191200965e-01  -5.010000000000000e-02
  4.941408698937438e-01   1.303097399714795e-01  -5.010000000000000e-02
  4.941577930203583e-01   1.303535656320224e-01  -5.010000000000000e-02
  4.941759275580447e-01   1.303973868799025e-01  -5.010000000000000e-02
  4.941942333924893e-01   1.304416220582517e-01  -5.010000000000000e-02
  4.942127114629618e-01   1.304862734367712e-01  -5.010000000000000e-02
  4.942315869282229e-01   1.305312473193546e-01  -5.010000000000000e-02
  4.942514918540611e-01   1.305762758766702e-01  -5.010000000000001e-02
  4.942715818055979e-01   1.306217229957199e-01  -5.010000000000000e-02
  4.942918577296556e-01   1.306675908183876e-01  -5.010000000000000e-02
  4.943129843457097e-01   1.307135787144571e-01  -5.010000000000000e-02
  4.943347205140809e-01   1.307597991678147e-01  -5.010000000000000e-02
  4.943566553382948e-01   1.308064420490331e-01  -5.009999999999999e-02
  4.943790236360187e-01   1.308533960818135e-01  -5.010000000000000e-02
  4.944024407485544e-01   1.309003656481370e-01  -5.010000000000000e-02
  4.944260690505972e-01   1.309477588140627e-01  -5.009999999999999e-02
  4.944499094780264e-01   1.309955774567586e-01  -5.010000000000000e-02
  4.944750293118838e-01   1.310432767770534e-01  -5.009999999999999e-02
  4.945003808346969e-01   1.310913961242359e-01  -5.009999999999999e-02
  4.945259567791773e-01   1.311399414428363e-01  -5.010000000000000e-02
  4.945527503272577e-01   1.311883776063004e-01  -5.010000000000000e-02
  4.945798604307562e-01   1.312371942371687e-01  -5.009999999999999e-02
  4.946072070387909e-01   1.312864367371096e-01  -5.010000000000000e-02
  4.946358506129870e-01   1.313355032322565e-01  -5.010000000000000e-02
  4.946647441136812e-01   1.313849920259683e-01  -5.010000000000000e-02
  4.946940953806495e-01   1.314347807183192e-01  -5.010000000000000e-02
  4.947245418815940e-01   1.314844899726026e-01  -5.010000000000000e-02
  4.947552472416024e-01   1.315346218597215e-01  -5.010000000000000e-02
  4.947867518279705e-01   1.315848394912230e-01  -5.009999999999999e-02
  4.948190250899968e-01   1.316351637684412e-01  -5.010000000000000e-02
  4.948515683008876e-01   1.316859089817731e-01  -5.010000000000000e-02
  4.948853555426435e-01   1.317364380484660e-01  -5.010000000000000e-02
  4.949194806812288e-01   1.317873467050804e-01  -5.010000000000000e-02
  4.949543594597468e-01   1.318383500865006e-01  -5.010000000000000e-02
  4.949900660103196e-01   1.318893988708305e-01  -5.010000000000000e-02
  4.950261423033518e-01   1.319408057531150e-01  -5.010000000000000e-02
  4.950634320719191e-01   1.319919695789785e-01  -5.010000000000000e-02
  4.951010212716361e-01   1.320435442425541e-01  -5.010000000000000e-02
  4.951396767777523e-01   1.320949606701959e-01  -5.010000000000001e-02
  4.951788619583462e-01   1.321466189687038e-01  -5.010000000000001e-02
  4.952188825597130e-01   1.321982771313346e-01  -5.010000000000000e-02
  4.952596547159774e-01   1.322500009268909e-01  -5.010000000000000e-02
  4.953011138443765e-01   1.323018300484614e-01  -5.010000000000000e-02
  4.953434770452316e-01   1.323535908543733e-01  -5.009999999999999e-02
  4.953864413991280e-01   1.324055189473500e-01  -5.010000000000000e-02
  4.954303919402865e-01   1.324572939422485e-01  -5.009999999999999e-02
  4.954749150468717e-01   1.325092537503496e-01  -5.010000000000000e-02
  4.955204455356412e-01   1.325610230223912e-01  -5.010000000000000e-02
  4.955665735705250e-01   1.326129481877794e-01  -5.010000000000000e-02
  4.956136850032229e-01   1.326646840874304e-01  -5.010000000000000e-02
  4.956614604888103e-01   1.327165066410476e-01  -5.010000000000000e-02
  4.957101437874558e-01   1.327681900159998e-01  -5.010000000000000e-02
  4.957595953158599e-01   1.328198502380102e-01  -5.010000000000000e-02
  4.958098408435212e-01   1.328714623215805e-01  -5.010000000000000e-02
  4.958609939570756e-01   1.329228996124584e-01  -5.010000000000000e-02
  4.959127967798661e-01   1.329744166961225e-01  -5.010000000000000e-02
  4.959656728981721e-01   1.330255709369312e-01  -5.010000000000000e-02
  4.960191207150880e-01   1.330768708172894e-01  -5.010000000000000e-02
  4.960736423204841e-01   1.331277825313880e-01  -5.010000000000001e-02
  4.961288514541709e-01   1.331787018644500e-01  -5.010000000000000e-02
  4.961848922941042e-01   1.332294707981897e-01  -5.009999999999999e-02
  4.962418643932887e-01   1.332799612463521e-01  -5.010000000000000e-02
  4.962994843081565e-01   1.333304871346949e-01  -5.010000000000000e-02
  4.963581592358660e-01   1.333805697584099e-01  -5.010000000000000e-02
  4.964175544579359e-01   1.334305821505573e-01  -5.009999999999999e-02
  4.964777154323923e-01   1.334804682007749e-01  -5.010000000000000e-02
  4.965388799363840e-01   1.335299216694421e-01  -5.010000000000000e-02
  4.966007323014750e-01   1.335793187376976e-01  -5.010000000000000e-02
  4.966634311946656e-01   1.336284542500058e-01  -5.010000000000000e-02
  4.967270409299076e-01   1.336772260510490e-01  -5.010000000000000e-02
  4.967913582071168e-01   1.337258880068683e-01  -5.010000000000000e-02
  4.968565296073167e-01   1.337742368717697e-01  -5.010000000000000e-02
  4.969225832770753e-01   1.338222140496339e-01  -5.010000000000000e-02
  4.969893556041138e-01   1.338700325766254e-01  -5.010000000000001e-02
  4.970569390152803e-01   1.339175537767730e-01  -5.010000000000000e-02
  4.971254162860965e-01   1.339646388259469e-01  -5.010000000000000e-02
  4.971946121224077e-01   1.340115269676629e-01  -5.010000000000000e-02
  4.972645336823213e-01   1.340581998079945e-01  -5.010000000000000e-02
  4.973353945533504e-01   1.341043159518400e-01  -5.010000000000000e-02
  4.974069703130526e-01   1.341501984638197e-01  -5.010000000000000e-02
  4.974792634359165e-01   1.341958338807139e-01  -5.010000000000000e-02
  4.975523585075324e-01   1.342410731748886e-01  -5.010000000000000e-02
  4.976262589023411e-01   1.342858887461854e-01  -5.010000000000000e-02
  4.977008618051321e-01   1.343304334653529e-01  -5.010000000000001e-02
  4.977761676588818e-01   1.343746945544569e-01  -5.010000000000000e-02
  4.978522740373489e-01   1.344184871940780e-01  -5.010000000000000e-02
  4.979291163087969e-01   1.344619010419590e-01  -5.010000000000000e-02
  4.980066386854720e-01   1.345050188567040e-01  -5.010000000000001e-02
  4.980848388397267e-01   1.345478307369600e-01  -5.010000000000000e-02
  4.981637966693737e-01   1.345901711035942e-01  -5.010000000000000e-02
  4.982434576400541e-01   1.346321183770957e-01  -5.010000000000000e-02
  4.983237701989556e-01   1.346737527892221e-01  -5.010000000000000e-02
  4.984047301793069e-01   1.347150666641362e-01  -5.010000000000000e-02
  4.984863694699238e-01   1.347559789760628e-01  -5.010000000000000e-02
  4.985687048633524e-01   1.347964325308160e-01  -5.010000000000000e-02
  4.986516613228800e-01   1.348365589395309e-01  -5.010000000000000e-02
  4.987352304925674e-01   1.348763583048239e-01  -5.009999999999999e-02
  4.988194028017238e-01   1.349158328826892e-01  -5.010000000000000e-02
  4.989042465615093e-01   1.349548138811179e-01  -5.010000000000001e-02
  4.989896834110424e-01   1.349934474716124e-01  -5.010000000000000e-02
  4.990756942213274e-01   1.350317566422064e-01  -5.010000000000000e-02
  4.991622718607228e-01   1.350697383620151e-01  -5.010000000000001e-02
  4.992494205234360e-01   1.351073626738243e-01  -5.010000000000000e-02
  4.993371739330964e-01   1.351445264473496e-01  -5.010000000000000e-02
  4.994254601185921e-01   1.351813755449602e-01  -5.010000000000000e-02
  4.995142707130356e-01   1.352179097334783e-01  -5.010000000000000e-02
  4.996035968489066e-01   1.352541298420209e-01  -5.010000000000000e-02
  4.996934530139038e-01   1.352899773477397e-01  -5.009999999999999e-02
  4.997838420190269e-01   1.353254192137140e-01  -5.010000000000000e-02
  4.998747128421041e-01   1.353605614168998e-01  -5.010000000000000e-02
  4.999660555753344e-01   1.353954076206332e-01  -5.010000000000000e-02
  5.000578612519244e-01   1.354299589321964e-01  -5.010000000000000e-02
  5.001501562878075e-01   1.354641200305167e-01  -5.010000000000000e-02
  5.002429115363121e-01   1.354979425612950e-01  -5.009999999999999e-02
  5.003360964431779e-01   1.355314857424353e-01  -5.010000000000000e-02
  5.004297028551430e-01   1.355647484511957e-01  -5.010000000000000e-02
  5.005237231046541e-01   1.355977280898428e-01  -5.010000000000000e-02
  5.006181823442905e-01   1.356303254491481e-01  -5.010000000000000e-02
  5.007130373314885e-01   1.356626376075164e-01  -5.010000000000000e-02
  5.008082718443988e-01   1.356946866741055e-01  -5.010000000000000e-02
  5.009038755444893e-01   1.357264777865947e-01  -5.010000000000000e-02
  5.009998484753339e-01   1.357579841701955e-01  -5.010000000000000e-02
  5.010962023927559e-01   1.357891405560174e-01  -5.009999999999999e-02
  5.011928945721961e-01   1.358200500885324e-01  -5.010000000000000e-02
  5.012899148705642e-01   1.358507174451726e-01  -5.009999999999999e-02
  5.013872531571075e-01   1.358811471750098e-01  -5.010000000000000e-02
  5.014849279098491e-01   1.359112502895792e-01  -5.010000000000000e-02
  5.015829087913455e-01   1.359410941628124e-01  -5.010000000000000e-02
  5.016811767729197e-01   1.359707120991524e-01  -5.010000000000000e-02
  5.017797226900327e-01   1.360001054590152e-01  -5.010000000000000e-02
  5.018785530855063e-01   1.360292218487598e-01  -5.010000000000000e-02
  5.019776600392932e-01   1.360580556649890e-01  -5.010000000000001e-02
  5.020770145600835e-01   1.360866749705470e-01  -5.010000000000000e-02
  5.021766077875700e-01   1.361150798940260e-01  -5.010000000000001e-02
  5.022764388695448e-01   1.361432418432901e-01  -5.010000000000000e-02
  5.023765118478694e-01   1.361711125804209e-01  -5.010000000000000e-02
  5.024767928465806e-01   1.361987801718158e-01  -5.010000000000000e-02
  5.025772728820102e-01   1.362262449852415e-01  -5.010000000000001e-02
  5.026779497556846e-01   1.362534820357483e-01  -5.009999999999999e-02
  5.027788300821761e-01   1.362804314943961e-01  -5.010000000000000e-02
  5.028798808033311e-01   1.363071818803227e-01  -5.010000000000000e-02
  5.029810926284228e-01   1.363337345274953e-01  -5.010000000000000e-02
  5.030824662097067e-01   1.363600521010872e-01  -5.010000000000000e-02
  5.031840012629840e-01   1.363860987635721e-01  -5.010000000000000e-02
  5.032856681957030e-01   1.364119534590998e-01  -5.010000000000000e-02
  5.033874577753268e-01   1.364376172475357e-01  -5.010000000000000e-02
  5.034893781475499e-01   1.364630209330585e-01  -5.010000000000000e-02
  5.035914155695798e-01   1.364881811445002e-01  -5.010000000000000e-02
  5.036935473454582e-01   1.365131526847922e-01  -5.009999999999999e-02
  5.037957638673355e-01   1.365379381640984e-01  -5.010000000000000e-02
  5.038980874438652e-01   1.365624060662000e-01  -5.010000000000000e-02
  5.040004779630951e-01   1.365866840134227e-01  -5.010000000000000e-02
  5.041029258486380e-01   1.366107746354972e-01  -5.010000000000000e-02
  5.042054368492916e-01   1.366346144030911e-01  -5.010000000000000e-02
  5.043080035640525e-01   1.366581939894670e-01  -5.010000000000000e-02
  5.044106009698923e-01   1.366815822049846e-01  -5.010000000000001e-02
  5.045132229090119e-01   1.367047669016270e-01  -5.010000000000000e-02
  5.046158851934994e-01   1.367276358665686e-01  -5.010000000000001e-02
  5.047185506374249e-01   1.367503136678544e-01  -5.009999999999999e-02
  5.048212102900148e-01   1.367728009681152e-01  -5.010000000000000e-02
  5.049238804827582e-01   1.367949807118982e-01  -5.010000000000000e-02
  5.050265343185155e-01   1.368169335258465e-01  -5.010000000000000e-02
  5.051291562669331e-01   1.368386907892910e-01  -5.010000000000000e-02
  5.052317564561797e-01   1.368601619154753e-01  -5.010000000000000e-02
  5.053343198160336e-01   1.368813739606970e-01  -5.010000000000000e-02
  5.054368243930661e-01   1.369023903658892e-01  -5.010000000000000e-02
  5.055392773234713e-01   1.369231330732755e-01  -5.010000000000000e-02
  5.056416718146548e-01   1.369435895446918e-01  -5.010000000000000e-02
  5.057439816539282e-01   1.369638469563060e-01  -5.009999999999999e-02
  5.058462135782337e-01   1.369838272887606e-01  -5.010000000000000e-02
  5.059483627292167e-01   1.370035081119389e-01  -5.010000000000000e-02
  5.060504014640587e-01   1.370229878764371e-01  -5.010000000000000e-02
  5.061523386637907e-01   1.370421750498972e-01  -5.009999999999999e-02
  5.062541660916169e-01   1.370610649175304e-01  -5.010000000000000e-02
  5.063558578310361e-01   1.370797516030269e-01  -5.010000000000000e-02
  5.064574282424230e-01   1.370981104370453e-01  -5.010000000000000e-02
  5.065588594849616e-01   1.371161903092452e-01  -5.010000000000000e-02
  5.066601298072025e-01   1.371340676885091e-01  -5.010000000000000e-02
  5.067612617191755e-01   1.371515662422294e-01  -5.009999999999999e-02
  5.068622229196383e-01   1.371688214182779e-01  -5.009999999999999e-02
  5.069630002052118e-01   1.371858652893855e-01  -5.010000000000000e-02
  5.070636206198150e-01   1.372024860812028e-01  -5.010000000000000e-02
  5.071640391871051e-01   1.372189039219946e-01  -5.010000000000000e-02
  5.072642615476188e-01   1.372350379189364e-01  -5.010000000000000e-02
  5.073642924256203e-01   1.372508051831291e-01  -5.010000000000000e-02
  5.074640979397038e-01   1.372663708350961e-01  -5.010000000000000e-02
  5.075636978502185e-01   1.372815576616003e-01  -5.009999999999999e-02
  5.076630677323563e-01   1.372964707756882e-01  -5.010000000000000e-02
  5.077621933601999e-01   1.373111576397704e-01  -5.010000000000000e-02
  5.078610985963199e-01   1.373254011044347e-01  -5.010000000000000e-02
  5.079597398165178e-01   1.373394489897562e-01  -5.010000000000000e-02
  5.080581329481874e-01   1.373531393072988e-01  -5.010000000000000e-02
  5.081562640019497e-01   1.373665145088285e-01  -5.010000000000000e-02
  5.082541121383141e-01   1.373796783368141e-01  -5.010000000000000e-02
  5.083517043598208e-01   1.373923709046576e-01  -5.010000000000000e-02
  5.084489957950067e-01   1.374048786452280e-01  -5.010000000000000e-02
  5.085460053030412e-01   1.374170026299058e-01  -5.010000000000000e-02
  5.086427146312635e-01   1.374288271665698e-01  -5.010000000000001e-02
  5.087391114665982e-01   1.374404024687602e-01  -5.010000000000000e-02
  5.088352111227619e-01   1.374515379315314e-01  -5.010000000000000e-02
  5.089309754255353e-01   1.374625054553729e-01  -5.010000000000000e-02
  5.090264318313726e-01   1.374730054882587e-01  -5.010000000000001e-02
  5.091215450595212e-01   1.374832925534581e-01  -5.010000000000000e-02
  5.092163245570547e-01   1.374932260975916e-01  -5.010000000000001e-02
  5.093107609911673e-01   1.375028270146616e-01  -5.010000000000001e-02
  5.094048396502302e-01   1.375121860944719e-01  -5.010000000000000e-02
  5.094985732763415e-01   1.375211053876946e-01  -5.010000000000000e-02
  5.095919272620186e-01   1.375298881736308e-01  -5.010000000000000e-02
  5.096849326390518e-01   1.375381332725370e-01  -5.010000000000000e-02
  5.097775468951772e-01   1.375462451476038e-01  -5.010000000000000e-02
  5.098697921553911e-01   1.375539090863771e-01  -5.009999999999999e-02
  5.099616428934759e-01   1.375613544656594e-01  -5.010000000000000e-02
  5.100531064405595e-01   1.375684315849546e-01  -5.010000000000000e-02
  5.101441705506005e-01   1.375752176900119e-01  -5.010000000000000e-02
  5.102348307330714e-01   1.375817132091392e-01  -5.010000000000000e-02
  5.103250857921909e-01   1.375878503275445e-01  -5.010000000000001e-02
  5.104149224867678e-01   1.375937600819602e-01  -5.010000000000000e-02
  5.105043471891810e-01   1.375992566182532e-01  -5.010000000000000e-02
  5.105933407289617e-01   1.376045812405011e-01  -5.010000000000000e-02
  5.106819144848120e-01   1.376094496190522e-01  -5.010000000000000e-02
  5.107700459600709e-01   1.376141909669451e-01  -5.010000000000000e-02
  5.108577491403191e-01   1.376184447758422e-01  -5.010000000000000e-02
  5.109450004702758e-01   1.376226049225054e-01  -5.010000000000000e-02
  5.110318144340353e-01   1.376262589449585e-01  -5.010000000000000e-02
  5.111181683508649e-01   1.376298405131616e-01  -5.009999999999999e-02
  5.112040756232515e-01   1.376329064367405e-01  -5.010000000000000e-02
  5.112895158450999e-01   1.376359078148891e-01  -5.010000000000000e-02
  5.113744995398508e-01   1.376384115460900e-01  -5.010000000000000e-02
  5.114590100913081e-01   1.376408463887065e-01  -5.010000000000000e-02
  5.115430549185297e-01   1.376427985024374e-01  -5.010000000000000e-02
  5.116266212863793e-01   1.376446610013108e-01  -5.010000000000000e-02
  5.117097126824211e-01   1.376460880666711e-01  -5.010000000000000e-02
  5.117923206722308e-01   1.376473926539453e-01  -5.010000000000000e-02
  5.118744453641124e-01   1.376483165008997e-01  -5.010000000000000e-02
  5.119560818909277e-01   1.376490680022110e-01  -5.009999999999999e-02
  5.120372277918848e-01   1.376495077420546e-01  -5.010000000000000e-02
  5.121178805995459e-01   1.376497069419816e-01  -5.010000000000000e-02
  5.121980367691497e-01   1.376496860559900e-01  -5.009999999999999e-02
  5.122776943638910e-01   1.376493434525031e-01  -5.009999999999999e-02
  5.123568510605209e-01   1.376488889299685e-01  -5.010000000000000e-02
  5.124355028531871e-01   1.376480152713497e-01  -5.010000000000000e-02
  5.125136514763952e-01   1.376471472019020e-01  -5.010000000000000e-02
  5.125912878006365e-01   1.376457564026714e-01  -5.010000000000000e-02
  5.126684181215905e-01   1.376443671836708e-01  -5.010000000000001e-02
  5.127450331326067e-01   1.376426059226141e-01  -5.010000000000000e-02
  5.128211368135648e-01   1.376407113694054e-01  -5.010000000000000e-02
  5.128967248055133e-01   1.376386028915002e-01  -5.010000000000000e-02
  5.129717939072680e-01   1.376362013309342e-01  -5.010000000000000e-02
  5.130463505158032e-01   1.376337724894250e-01  -5.010000000000000e-02
  5.131203785272784e-01   1.376308842290240e-01  -5.010000000000000e-02
  5.131938942930407e-01   1.376280159542876e-01  -5.010000000000000e-02
  5.132668818784977e-01   1.376248067294491e-01  -5.009999999999999e-02
  5.133393497667259e-01   1.376214673854131e-01  -5.010000000000000e-02
  5.134112970029362e-01   1.376180088308596e-01  -5.010000000000000e-02
  5.134827118880367e-01   1.376142018768801e-01  -5.010000000000000e-02
  5.135536128735405e-01   1.376104223176392e-01  -5.010000000000000e-02
  5.136239768800612e-01   1.376062668423558e-01  -5.010000000000000e-02
  5.136938213962430e-01   1.376020438146657e-01  -5.010000000000000e-02
  5.137631430684515e-01   1.375977114584468e-01  -5.010000000000000e-02
  5.138319283684384e-01   1.375930568434222e-01  -5.010000000000000e-02
  5.139002003612399e-01   1.375884369632513e-01  -5.010000000000000e-02
  5.139679344024899e-01   1.375835024322037e-01  -5.010000000000000e-02
  5.140351458249184e-01   1.375784632895157e-01  -5.010000000000000e-02
  5.141018421438249e-01   1.375734229222812e-01  -5.010000000000000e-02
  5.141679926404531e-01   1.375679840479265e-01  -5.010000000000000e-02
  5.142336325164263e-01   1.375625871566517e-01  -5.009999999999999e-02
  5.142987461115695e-01   1.375570423708456e-01  -5.009999999999999e-02
  5.143633259473146e-01   1.375512541934099e-01  -5.010000000000000e-02
  5.144273976474323e-01   1.375455115592795e-01  -5.010000000000000e-02
  5.144909342707623e-01   1.375395163109484e-01  -5.010000000000000e-02
  5.145539498895662e-01   1.375334092901054e-01  -5.010000000000000e-02
  5.146164604965920e-01   1.375273512113741e-01  -5.010000000000000e-02
  5.146784291957918e-01   1.375209646192419e-01  -5.010000000000000e-02
  5.147398880714590e-01   1.375145572267117e-01  -5.010000000000001e-02
  5.148008456690293e-01   1.375082020949088e-01  -5.010000000000000e-02
  5.148612579959329e-01   1.375014799257557e-01  -5.009999999999999e-02
  5.149211699060325e-01   1.374947940990004e-01  -5.009999999999999e-02
  5.149805848312933e-01   1.374881636437362e-01  -5.010000000000000e-02
  5.150394547103546e-01   1.374811592013892e-01  -5.009999999999999e-02
  5.150978309248410e-01   1.374742134961266e-01  -5.009999999999999e-02
  5.151557150033541e-01   1.374673263460727e-01  -5.010000000000000e-02
  5.152130591266038e-01   1.374600948587887e-01  -5.010000000000000e-02
  5.152699129561911e-01   1.374529103513828e-01  -5.010000000000000e-02
  5.153262799841043e-01   1.374457873601538e-01  -5.010000000000000e-02
  5.153821177152994e-01   1.374383855503651e-01  -5.010000000000000e-02
  5.154374644295158e-01   1.374309853891174e-01  -5.010000000000000e-02
  5.154923301321249e-01   1.374236495417770e-01  -5.010000000000000e-02
  5.155466824918735e-01   1.374161288267516e-01  -5.010000000000000e-02
  5.156005382030762e-01   1.374085305602987e-01  -5.010000000000000e-02
  5.156539191178698e-01   1.374009992807920e-01  -5.010000000000000e-02
  5.157068096180949e-01   1.373934129879639e-01  -5.010000000000000e-02
  5.157591929053279e-01   1.373856412408921e-01  -5.010000000000000e-02
  5.158111079913087e-01   1.373779389576111e-01  -5.010000000000000e-02
  5.158625569888755e-01   1.373703058246538e-01  -5.010000000000000e-02
  5.159134912875281e-01   1.373624076828718e-01  -5.009999999999999e-02
  5.159639592376440e-01   1.373545478269480e-01  -5.010000000000000e-02
  5.160139681576674e-01   1.373467594601650e-01  -5.010000000000000e-02
  5.160634992254173e-01   1.373389099909744e-01  -5.010000000000000e-02
  5.161125417408949e-01   1.373309175909410e-01  -5.010000000000000e-02
  5.161611325815305e-01   1.373229987998159e-01  -5.010000000000001e-02
  5.162092740885559e-01   1.373151532360513e-01  -5.010000000000000e-02
  5.162569278775745e-01   1.373071358863755e-01  -5.010000000000000e-02
  5.163041222583291e-01   1.372991018958665e-01  -5.010000000000000e-02
  5.163508750178920e-01   1.372911430833852e-01  -5.010000000000000e-02
  5.163971886033528e-01   1.372832590323588e-01  -5.010000000000000e-02
  5.164430130039736e-01   1.372751474230184e-01  -5.010000000000000e-02
  5.164884003351746e-01   1.372670932663729e-01  -5.010000000000000e-02
  5.165333565022274e-01   1.372591156214654e-01  -5.010000000000000e-02
  5.165778837508406e-01   1.372512124353371e-01  -5.010000000000000e-02
  5.166219298838138e-01   1.372430808034282e-01  -5.010000000000001e-02
  5.166655530520393e-01   1.372350272576851e-01  -5.010000000000000e-02
  5.167087558465802e-01   1.372270513197553e-01  -5.009999999999999e-02
  5.167515408760430e-01   1.372191525080476e-01  -5.010000000000000e-02
  5.167938606516422e-01   1.372110640481251e-01  -5.010000000000001e-02
  5.168357634818140e-01   1.372030281149536e-01  -5.010000000000000e-02
  5.168772570017327e-01   1.371950706774310e-01  -5.009999999999999e-02
  5.169183438775721e-01   1.371871912242505e-01  -5.010000000000000e-02
  5.169589927240958e-01   1.371792147957818e-01  -5.010000000000000e-02
  5.169992213697605e-01   1.371712183936344e-01  -5.009999999999999e-02
  5.170390519689947e-01   1.371633011127022e-01  -5.010000000000000e-02
  5.170784872314709e-01   1.371554624143733e-01  -5.009999999999999e-02
  5.171175208423273e-01   1.371476570987079e-01  -5.010000000000000e-02
  5.171561207465135e-01   1.371397126771074e-01  -5.010000000000000e-02
  5.171943340273477e-01   1.371318478282150e-01  -5.010000000000000e-02
  5.172321634248349e-01   1.371240619880979e-01  -5.010000000000000e-02
  5.172696116855846e-01   1.371163545914638e-01  -5.010000000000001e-02
  5.173066566862926e-01   1.371086062051424e-01  -5.010000000000000e-02
  5.173433000237684e-01   1.371008107146714e-01  -5.010000000000000e-02
  5.173795710140495e-01   1.370930944372090e-01  -5.010000000000000e-02
  5.174154724191469e-01   1.370854567851660e-01  -5.010000000000000e-02
  5.174510070041547e-01   1.370778971702973e-01  -5.010000000000000e-02
  5.174861497786958e-01   1.370702865998401e-01  -5.010000000000000e-02
  5.175209096163279e-01   1.370626527220644e-01  -5.010000000000000e-02
  5.175553114500472e-01   1.370550974683072e-01  -5.010000000000000e-02
  5.175893580469047e-01   1.370476202308749e-01  -5.010000000000000e-02
  5.176230521738833e-01   1.370402204020887e-01  -5.010000000000000e-02
  5.176563794710628e-01   1.370328205793610e-01  -5.010000000000000e-02
  5.176893293620637e-01   1.370253603314912e-01  -5.010000000000000e-02
  5.177219355743442e-01   1.370179778965781e-01  -5.010000000000000e-02
  5.177542008648974e-01   1.370106726504056e-01  -5.010000000000000e-02
  5.177861279878524e-01   1.370034439694061e-01  -5.010000000000000e-02
  5.178177196939555e-01   1.369962912307779e-01  -5.010000000000000e-02
  5.178489399769922e-01   1.369890451461142e-01  -5.010000000000000e-02
  5.178798238656588e-01   1.369818456150389e-01  -5.010000000000000e-02
  5.179103810427919e-01   1.369747222456757e-01  -5.010000000000000e-02
  5.179406142366846e-01   1.369676744020157e-01  -5.010000000000000e-02
  5.179705261698555e-01   1.369607014493960e-01  -5.010000000000000e-02
  5.180001195586077e-01   1.369538027546026e-01  -5.010000000000000e-02
  5.180293541606699e-01   1.369467960170824e-01  -5.010000000000000e-02
  5.180582756007863e-01   1.369398621497407e-01  -5.010000000000000e-02
  5.180868870645408e-01   1.369330025987181e-01  -5.010000000000000e-02
  5.181151912352149e-01   1.369262167207024e-01  -5.010000000000001e-02
  5.181431907878604e-01   1.369195038743541e-01  -5.010000000000000e-02
  5.181708883889299e-01   1.369128634203959e-01  -5.010000000000000e-02
  5.181982572163830e-01   1.369061734020328e-01  -5.010000000000000e-02
  5.182253185551351e-01   1.368995098816808e-01  -5.010000000000000e-02
  5.182520863239759e-01   1.368929186492928e-01  -5.010000000000000e-02
  5.182785631475779e-01   1.368863990585754e-01  -5.010000000000000e-02
  5.183047516403485e-01   1.368799504657632e-01  -5.010000000000000e-02
  5.183306544061253e-01   1.368735722296934e-01  -5.010000000000001e-02
  5.183562740378837e-01   1.368672637118778e-01  -5.010000000000000e-02
  5.183815752276322e-01   1.368608723872019e-01  -5.010000000000000e-02
  5.184065984344825e-01   1.368545495076177e-01  -5.010000000000000e-02
  5.184313466347055e-01   1.368482961168804e-01  -5.010000000000000e-02
  5.184558223712419e-01   1.368421115724381e-01  -5.010000000000000e-02
  5.184800281748696e-01   1.368359952348123e-01  -5.010000000000001e-02
  5.185039665639704e-01   1.368299464676568e-01  -5.010000000000000e-02
  5.185276400443024e-01   1.368239646378148e-01  -5.010000000000000e-02
  5.185510263746262e-01   1.368179524323288e-01  -5.010000000000000e-02
  5.185741425195374e-01   1.368119658437337e-01  -5.010000000000000e-02
  5.185970015841606e-01   1.368060458334511e-01  -5.009999999999999e-02
  5.186196060179795e-01   1.368001917671170e-01  -5.010000000000000e-02
  5.186419582568794e-01   1.367944030138890e-01  -5.010000000000000e-02
  5.186640607229736e-01   1.367886789464914e-01  -5.010000000000000e-02
  5.186859158244375e-01   1.367830189412582e-01  -5.010000000000000e-02
  5.187075259553504e-01   1.367774223781738e-01  -5.010000000000000e-02
  5.187288692462336e-01   1.367717961098745e-01  -5.010000000000000e-02
  5.187499645624470e-01   1.367662024844894e-01  -5.010000000000000e-02
  5.187708223645823e-01   1.367606718382397e-01  -5.010000000000000e-02
  5.187914449853672e-01   1.367552035525803e-01  -5.010000000000000e-02
  5.188118347427779e-01   1.367497970128775e-01  -5.010000000000000e-02
  5.188319939399246e-01   1.367444516084398e-01  -5.010000000000000e-02
  5.188519248649437e-01   1.367391667325456e-01  -5.010000000000000e-02
  5.188716297908976e-01   1.367339417824707e-01  -5.010000000000000e-02
  5.188911109756803e-01   1.367287761595130e-01  -5.010000000000000e-02
  5.189103411312983e-01   1.367235591746001e-01  -5.010000000000000e-02
  5.189293522884104e-01   1.367184013483349e-01  -5.010000000000000e-02
  5.189481467197077e-01   1.367133023209158e-01  -5.010000000000000e-02
  5.189667266182144e-01   1.367082614973637e-01  -5.010000000000000e-02
  5.189850941614291e-01   1.367032782869121e-01  -5.010000000000000e-02
  5.190032515112668e-01   1.366983521030219e-01  -5.010000000000001e-02
  5.190212008140057e-01   1.366934823633969e-01  -5.010000000000001e-02
  5.190389442002388e-01   1.366886684899958e-01  -5.010000000000000e-02
  5.190564837848316e-01   1.366839099090446e-01  -5.010000000000000e-02
  5.190738151703530e-01   1.366791823636079e-01  -5.010000000000000e-02
  5.190909275938380e-01   1.366744384488430e-01  -5.009999999999999e-02
  5.191078427634112e-01   1.366697492169081e-01  -5.009999999999999e-02
  5.191245627276070e-01   1.366651140999074e-01  -5.010000000000000e-02
  5.191410895191162e-01   1.366605325343375e-01  -5.010000000000000e-02
  5.191574251547713e-01   1.366560039610909e-01  -5.010000000000000e-02
  5.191735716355370e-01   1.366515278254591e-01  -5.010000000000000e-02
  5.191895309465042e-01   1.366471035771344e-01  -5.010000000000001e-02
  5.192053050568887e-01   1.366427306702097e-01  -5.010000000000000e-02
  5.192208959200326e-01   1.366384085631784e-01  -5.010000000000000e-02
  5.192363054734116e-01   1.366341367189327e-01  -5.010000000000000e-02
  5.192515301501381e-01   1.366298950153453e-01  -5.010000000000000e-02
  5.192665597097009e-01   1.366256395719254e-01  -5.010000000000000e-02
  5.192814139465776e-01   1.366214337690667e-01  -5.010000000000000e-02
  5.192960947320311e-01   1.366172770769430e-01  -5.010000000000000e-02
  5.193106039215661e-01   1.366131689701899e-01  -5.010000000000000e-02
  5.193249433549564e-01   1.366091089278972e-01  -5.010000000000000e-02
  5.193391148562740e-01   1.366050964336002e-01  -5.010000000000000e-02
  5.193531202339232e-01   1.366011309752704e-01  -5.010000000000000e-02
  5.193669612806756e-01   1.365972120453057e-01  -5.010000000000000e-02
  5.193806397737095e-01   1.365933391405188e-01  -5.010000000000000e-02
  5.193941574746515e-01   1.365895117621259e-01  -5.010000000000000e-02
  5.194075161296199e-01   1.365857294157340e-01  -5.009999999999999e-02
  5.194207174692723e-01   1.365819916113277e-01  -5.010000000000000e-02
  5.194337524109094e-01   1.365782601033147e-01  -5.010000000000000e-02
  5.194466249976462e-01   1.365745426045654e-01  -5.010000000000000e-02
  5.194593455960946e-01   1.365708689988023e-01  -5.010000000000000e-02
  5.194719158730898e-01   1.365672388046569e-01  -5.010000000000000e-02
  5.194843374802973e-01   1.365636515451416e-01  -5.010000000000001e-02
  5.194966120542731e-01   1.365601067476323e-01  -5.010000000000000e-02
  5.195087412165259e-01   1.365566039438503e-01  -5.010000000000000e-02
  5.195207265735813e-01   1.365531426698443e-01  -5.010000000000000e-02
  5.195325697170473e-01   1.365497224659705e-01  -5.010000000000000e-02
  5.195442722236826e-01   1.365463428768739e-01  -5.009999999999999e-02
  5.195558356554652e-01   1.365430034514680e-01  -5.010000000000000e-02
  5.195672615596635e-01   1.365397037429140e-01  -5.010000000000000e-02
  5.195785514689095e-01   1.365364433086004e-01  -5.010000000000000e-02
  5.195897069012718e-01   1.365332217101212e-01  -5.010000000000000e-02
  5.196007293603316e-01   1.365300385132544e-01  -5.010000000000000e-02
  5.196116088379741e-01   1.365268539326347e-01  -5.010000000000000e-02
  5.196223504040887e-01   1.365236798482332e-01  -5.010000000000000e-02
  5.196329636532365e-01   1.365205436809175e-01  -5.010000000000000e-02
  5.196434500292217e-01   1.365174450040498e-01  -5.010000000000000e-02
  5.196538109617821e-01   1.365143833951490e-01  -5.010000000000000e-02
  5.196640478666723e-01   1.365113584358662e-01  -5.009999999999999e-02
  5.196741621457472e-01   1.365083697119593e-01  -5.010000000000000e-02
  5.196841551870464e-01   1.365054168132692e-01  -5.010000000000000e-02
  5.196940283648790e-01   1.365024993336934e-01  -5.010000000000000e-02
  5.197037830399114e-01   1.364996168711613e-01  -5.010000000000000e-02
  5.197134205592530e-01   1.364967690276081e-01  -5.010000000000000e-02
  5.197229422565441e-01   1.364939554089491e-01  -5.010000000000001e-02
  5.197323494520455e-01   1.364911756250532e-01  -5.010000000000000e-02
  5.197416434527266e-01   1.364884292897168e-01  -5.010000000000000e-02
  5.197508255523557e-01   1.364857160206372e-01  -5.010000000000000e-02
  5.197598970315908e-01   1.364830354393858e-01  -5.010000000000000e-02
  5.197688591580694e-01   1.364803871713813e-01  -5.010000000000000e-02
  5.197777131865015e-01   1.364777708458626e-01  -5.010000000000000e-02
  5.197864445017127e-01   1.364751338286852e-01  -5.010000000000000e-02
  5.197950481683784e-01   1.364724554376925e-01  -5.009999999999999e-02
  5.198035478821412e-01   1.364698094080790e-01  -5.010000000000000e-02
  5.198119448416440e-01   1.364671953666974e-01  -5.010000000000000e-02
  5.198202386119717e-01   1.364646079966932e-01  -5.010000000000000e-02
  5.198283542814075e-01   1.364618147272291e-01  -5.010000000000000e-02
  5.198363716789963e-01   1.364590552811917e-01  -5.010000000000000e-02
  5.198442919431718e-01   1.364563292667521e-01  -5.009999999999999e-02
  5.198521162004487e-01   1.364536362961841e-01  -5.010000000000000e-02
  5.198598137966239e-01   1.364508880575913e-01  -5.010000000000000e-02
  5.198673658071477e-01   1.364480287402974e-01  -5.010000000000000e-02
  5.198748261342354e-01   1.364452041358833e-01  -5.010000000000000e-02
  5.198821958458383e-01   1.364424138400050e-01  -5.010000000000000e-02
  5.198894759985795e-01   1.364396574526073e-01  -5.009999999999999e-02
  5.198966246182837e-01   1.364368261836417e-01  -5.010000000000001e-02
  5.199036398034368e-01   1.364339122444412e-01  -5.010000000000000e-02
  5.199105696153592e-01   1.364310337672276e-01  -5.010000000000000e-02
  5.199174150536088e-01   1.364281903368085e-01  -5.010000000000000e-02
  5.199241771070130e-01   1.364253815424489e-01  -5.010000000000000e-02
  5.199308262563981e-01   1.364225368839278e-01  -5.010000000000000e-02
  5.199373292756115e-01   1.364195773696798e-01  -5.009999999999999e-02
  5.199437529740529e-01   1.364166539541955e-01  -5.010000000000000e-02
  5.199500982848770e-01   1.364137662127979e-01  -5.010000000000000e-02
  5.199563661311089e-01   1.364109137254195e-01  -5.010000000000000e-02
  5.199625574257337e-01   1.364080960765621e-01  -5.009999999999999e-02
  5.199685800907095e-01   1.364051180104829e-01  -5.009999999999999e-02
  5.199745171632155e-01   1.364021512560643e-01  -5.009999999999999e-02
  5.199803816332679e-01   1.363992207810832e-01  -5.010000000000000e-02
  5.199861743595572e-01   1.363963261564518e-01  -5.009999999999999e-02
  5.199918961913387e-01   1.363934669577975e-01  -5.010000000000000e-02
  5.199975284590146e-01   1.363906055530892e-01  -5.010000000000000e-02
  5.200029981735684e-01   1.363876007240033e-01  -5.010000000000000e-02
  5.200084008682245e-01   1.363846327128055e-01  -5.010000000000000e-02
  5.200137373389298e-01   1.363817010822363e-01  -5.010000000000000e-02
  5.200190083728034e-01   1.363788053998859e-01  -5.010000000000000e-02
  5.200242147482180e-01   1.363759452381491e-01  -5.010000000000000e-02
  5.200293360413920e-01   1.363730834855756e-01  -5.010000000000000e-02
  5.200342908747213e-01   1.363700775315380e-01  -5.010000000000000e-02
  5.200391848622407e-01   1.363671084908930e-01  -5.009999999999999e-02
  5.200440187299105e-01   1.363641759232214e-01  -5.010000000000000e-02
  5.200487931955556e-01   1.363612793930397e-01  -5.010000000000001e-02
  5.200535089689433e-01   1.363584184697527e-01  -5.010000000000001e-02
  5.200581667518610e-01   1.363555927276061e-01  -5.010000000000000e-02
  5.200626471382217e-01   1.363526140267923e-01  -5.010000000000000e-02
  5.200670543955936e-01   1.363496438512338e-01  -5.010000000000000e-02
  5.200714074024344e-01   1.363467102366447e-01  -5.010000000000000e-02
  5.200757068092161e-01   1.363438127446534e-01  -5.010000000000000e-02
  5.200799532590409e-01   1.363409509418551e-01  -5.010000000000000e-02
  5.200841473877139e-01   1.363381243997627e-01  -5.010000000000000e-02
  5.200882500700984e-01   1.363352769935417e-01  -5.010000000000000e-02
  5.200921875683142e-01   1.363323041152978e-01  -5.010000000000000e-02
  5.200960765072961e-01   1.363293679001029e-01  -5.010000000000001e-02
  5.200999174715395e-01   1.363264679066529e-01  -5.010000000000000e-02
  5.201037110388611e-01   1.363236036986865e-01  -5.009999999999999e-02
  5.201074577804659e-01   1.363207748449342e-01  -5.010000000000000e-02
  5.201111582610143e-01   1.363179809190677e-01  -5.010000000000000e-02
  5.201147574188008e-01   1.363151522934538e-01  -5.010000000000000e-02
  5.201181954904869e-01   1.363122135031751e-01  -5.009999999999999e-02
  5.201215910764694e-01   1.363093110287688e-01  -5.010000000000001e-02
  5.201249446902673e-01   1.363064444312900e-01  -5.010000000000000e-02
  5.201282568394778e-01   1.363036132768551e-01  -5.010000000000000e-02
  5.201315280258385e-01   1.363008171365899e-01  -5.010000000000000e-02
  5.201347587452873e-01   1.362980555865769e-01  -5.010000000000000e-02
  5.201379410365733e-01   1.362953189896234e-01  -5.010000000000000e-02
  5.201408975016197e-01   1.362924129111301e-01  -5.010000000000000e-02
  5.201438173648665e-01   1.362895428106378e-01  -5.009999999999999e-02
  5.201467010703941e-01   1.362867082516346e-01  -5.010000000000000e-02
  5.201495490571199e-01   1.362839088026836e-01  -5.010000000000000e-02
  5.201523617588532e-01   1.362811440373686e-01  -5.010000000000000e-02
  5.201551396043489e-01   1.362784135342419e-01  -5.010000000000001e-02
  5.201578830173614e-01   1.362757168767712e-01  -5.010000000000000e-02
  5.201605045126552e-01   1.362729711376268e-01  -5.010000000000000e-02
  5.201629604158806e-01   1.362701345242324e-01  -5.010000000000000e-02
  5.201653858560105e-01   1.362673330962737e-01  -5.010000000000000e-02
  5.201677812040990e-01   1.362645664251761e-01  -5.010000000000000e-02
  5.201701468268507e-01   1.362618340873893e-01  -5.010000000000000e-02
  5.201724830866664e-01   1.362591356643337e-01  -5.010000000000001e-02
  5.201747903416900e-01   1.362564707423464e-01  -5.010000000000000e-02
  5.201770689458546e-01   1.362538389126282e-01  -5.010000000000000e-02
  5.201792342762163e-01   1.362511728129106e-01  -5.010000000000000e-02
  5.201812102551154e-01   1.362484118225924e-01  -5.010000000000000e-02
  5.201831616814069e-01   1.362456851390738e-01  -5.010000000000000e-02
  5.201850888552118e-01   1.362429923430024e-01  -5.010000000000000e-02
  5.201869920731062e-01   1.362403330199792e-01  -5.010000000000000e-02
  5.201888716281597e-01   1.362377067605046e-01  -5.010000000000000e-02
  5.201907278099746e-01   1.362351131599243e-01  -5.010000000000000e-02
  5.201925609047227e-01   1.362325518183765e-01  -5.010000000000000e-02
  5.201943711951843e-01   1.362300223407389e-01  -5.010000000000000e-02
  5.201959352436025e-01   1.362273816488046e-01  -5.010000000000000e-02
  5.201974276472984e-01   1.362247405395861e-01  -5.010000000000000e-02
  5.201989014745913e-01   1.362221323050577e-01  -5.009999999999999e-02
  5.202003569533616e-01   1.362195565419392e-01  -5.010000000000000e-02
  5.202017943087778e-01   1.362170128517498e-01  -5.010000000000000e-02
  5.202032137633259e-01   1.362145008407552e-01  -5.010000000000000e-02
  5.202046155368407e-01   1.362120201199138e-01  -5.010000000000000e-02
  5.202059998465342e-01   1.362095703048250e-01  -5.010000000000000e-02
  5.202073669070256e-01   1.362071510156769e-01  -5.010000000000000e-02
  5.202085077740470e-01   1.362046600562320e-01  -5.010000000000000e-02
  5.202095424735556e-01   1.362021553844432e-01  -5.010000000000000e-02
  5.202105642737274e-01   1.361996819377633e-01  -5.010000000000001e-02
  5.202115733333032e-01   1.361972393319324e-01  -5.010000000000000e-02
  5.202125698091218e-01   1.361948271872948e-01  -5.010000000000000e-02
  5.202135538561418e-01   1.361924451287458e-01  -5.010000000000000e-02
  5.202145256274627e-01   1.361900927856813e-01  -5.010000000000001e-02
  5.202154852743463e-01   1.361877697919459e-01  -5.010000000000000e-02
  5.202164329462368e-01   1.361854757857829e-01  -5.010000000000000e-02
  5.202173687907825e-01   1.361832104097843e-01  -5.010000000000000e-02
  5.202180404999233e-01   1.361808887981900e-01  -5.010000000000000e-02
  5.202186418613013e-01   1.361785754271472e-01  -5.010000000000000e-02
  5.202192357141267e-01   1.361762909406801e-01  -5.010000000000000e-02
  5.202198221510885e-01   1.361740349822240e-01  -5.010000000000000e-02
  5.202204012637581e-01   1.361718071995140e-01  -5.010000000000000e-02
  5.202209731426021e-01   1.361696072445353e-01  -5.010000000000000e-02
  5.202215378769948e-01   1.361674347734747e-01  -5.010000000000000e-02
  5.202220955552307e-01   1.361652894466721e-01  -5.010000000000000e-02
  5.202226462645375e-01   1.361631709285730e-01  -5.010000000000000e-02
  5.202231900910879e-01   1.361610788876810e-01  -5.010000000000001e-02
  5.202237271200115e-01   1.361590129965107e-01  -5.010000000000000e-02
  5.202240012575684e-01   1.361569266034090e-01  -5.010000000000000e-02
  5.202242163065186e-01   1.361548562301832e-01  -5.010000000000000e-02
  5.202244286664075e-01   1.361528117457624e-01  -5.010000000000000e-02
  5.202246383705296e-01   1.361507928296066e-01  -5.010000000000000e-02
  5.202248454517753e-01   1.361487991650649e-01  -5.010000000000000e-02
  5.202250499426356e-01   1.361468304393304e-01  -5.010000000000000e-02
  5.202252518752073e-01   1.361448863433954e-01  -5.010000000000000e-02
  5.202254512811967e-01   1.361429665720075e-01  -5.010000000000000e-02
  5.202256481919247e-01   1.361410708236252e-01  -5.010000000000000e-02
  5.202258426383317e-01   1.361391988003751e-01  -5.010000000000000e-02
  5.202260346509807e-01   1.361373502080090e-01  -5.010000000000000e-02
  5.202262242600633e-01   1.361355247558611e-01  -5.010000000000000e-02
  5.202263520540639e-01   1.361337207226787e-01  -5.010000000000000e-02
  5.202262532209011e-01   1.361319338477418e-01  -5.010000000000000e-02
  5.202261556253143e-01   1.361301693478214e-01  -5.010000000000000e-02
  5.202260592519375e-01   1.361284269451031e-01  -5.010000000000000e-02
  5.202259640855921e-01   1.361267063651629e-01  -5.010000000000000e-02
  5.202258701112850e-01   1.361250073369273e-01  -5.009999999999999e-02
  5.202257773142057e-01   1.361233295926338e-01  -5.010000000000000e-02
  5.202256856797254e-01   1.361216728677919e-01  -5.010000000000000e-02
  5.202255951933938e-01   1.361200369011443e-01  -5.010000000000000e-02
  5.202255058409373e-01   1.361184214346289e-01  -5.010000000000000e-02
  5.202254176082568e-01   1.361168262133413e-01  -5.010000000000000e-02
  5.202253304814262e-01   1.361152509854967e-01  -5.010000000000000e-02
  5.202252444466894e-01   1.361136955023936e-01  -5.010000000000000e-02
  5.202251594904592e-01   1.361121595183771e-01  -5.010000000000000e-02
  5.202250755993149e-01   1.361106427908025e-01  -5.010000000000000e-02
  5.202249927599999e-01   1.361091450800000e-01  -5.010000000000000e-02
