468
  4.939194029400000e-01   1.264003717400000e-01  -5.010000000000000e-02
  4.939208142886442e-01   1.263998637094846e-01  -5.010000000000000e-02
  4.939222637805498e-01   1.263993419488815e-01  -5.010000000000000e-02
  4.939237524423150e-01   1.263988060886552e-01  -5.010000000000000e-02
  4.939252813279342e-01   1.263982557494090e-01  -5.010000000000000e-02
  4.939268515195160e-01   1.263976905416258e-01  -5.010000000000000e-02
  4.939284641280196e-01   1.263971100654035e-01  -5.009999999999999e-02
  4.939301202940098e-01   1.263965139101835e-01  -5.010000000000000e-02
  4.939318211884309e-01   1.263959016544713e-01  -5.010000000000000e-02
  4.939335680133995e-01   1.263952728655517e-01  -5.010000000000000e-02
  4.939353620030182e-01   1.263946270991961e-01  -5.010000000000000e-02
  4.939372044242089e-01   1.263939638993617e-01  -5.009999999999999e-02
  4.939390965775662e-01   1.263932827978853e-01  -5.010000000000000e-02
  4.939411009304444e-01   1.263928414666378e-01  -5.010000000000000e-02
  4.939432068100095e-01   1.263925885546312e-01  -5.010000000000000e-02
  4.939453695082996e-01   1.263923288188071e-01  -5.009999999999999e-02
  4.939475905493419e-01   1.263920620761329e-01  -5.010000000000001e-02
  4.939498714975482e-01   1.263917881387258e-01  -5.010000000000000e-02
  4.939522139587589e-01   1.263915068137275e-01  -5.010000000000000e-02
  4.939546195813104e-01   1.263912179031759e-01  -5.010000000000000e-02
  4.939570900571308e-01   1.263909212038740e-01  -5.010000000000000e-02
  4.939596271228596e-01   1.263906165072546e-01  -5.009999999999999e-02
  4.939622325609971e-01   1.263903035992430e-01  -5.010000000000000e-02
  4.939649112215091e-01   1.263900649117705e-01  -5.010000000000000e-02
  4.939676756987256e-01   1.263901934692840e-01  -5.010000000000000e-02
  4.939705146342542e-01   1.263903254893601e-01  -5.010000000000000e-02
  4.939734300181409e-01   1.263904610645426e-01  -5.010000000000000e-02
  4.939764238927752e-01   1.263906002898096e-01  -5.010000000000000e-02
  4.939794983542209e-01   1.263907432626351e-01  -5.010000000000000e-02
  4.939826555535777e-01   1.263908900830524e-01  -5.010000000000001e-02
  4.939858976983749e-01   1.263910408537192e-01  -5.009999999999999e-02
  4.939892270539968e-01   1.263911956799835e-01  -5.010000000000000e-02
  4.939926451384887e-01   1.263913622080785e-01  -5.010000000000000e-02
  4.939961110017667e-01   1.263919455169250e-01  -5.010000000000000e-02
  4.939996700257119e-01   1.263925445048209e-01  -5.010000000000000e-02
  4.940033246899028e-01   1.263931595890820e-01  -5.010000000000000e-02
  4.940070775385726e-01   1.263937911979059e-01  -5.010000000000000e-02
  4.940109311822210e-01   1.263944397706427e-01  -5.010000000000000e-02
  4.940148882992627e-01   1.263951057580727e-01  -5.010000000000000e-02
  4.940189516377128e-01   1.263957896226900e-01  -5.010000000000000e-02
  4.940231240169087e-01   1.263964918389925e-01  -5.010000000000000e-02
  4.940273470255320e-01   1.263974983717375e-01  -5.010000000000000e-02
  4.940316623641642e-01   1.263986293480016e-01  -5.009999999999999e-02
  4.940360933985866e-01   1.263997906461485e-01  -5.010000000000000e-02
  4.940406431918802e-01   1.264009830689594e-01  -5.010000000000000e-02
  4.940453148861045e-01   1.264022074399140e-01  -5.010000000000000e-02
  4.940501117042168e-01   1.264034646036943e-01  -5.010000000000000e-02
  4.940550369520333e-01   1.264047554266981e-01  -5.010000000000000e-02
  4.940600708910928e-01   1.264061581505113e-01  -5.010000000000000e-02
  4.940651580105288e-01   1.264078709671456e-01  -5.010000000000000e-02
  4.940703811797738e-01   1.264096295913099e-01  -5.010000000000000e-02
  4.940757439823665e-01   1.264114352295700e-01  -5.010000000000000e-02
  4.940812500932365e-01   1.264132891192628e-01  -5.010000000000000e-02
  4.940869032808697e-01   1.264151925292253e-01  -5.010000000000000e-02
  4.940927074095179e-01   1.264171467605387e-01  -5.010000000000000e-02
  4.940986263215400e-01   1.264192624940286e-01  -5.009999999999999e-02
  4.941046247900693e-01   1.264216481808667e-01  -5.010000000000000e-02
  4.941107832025451e-01   1.264240974799695e-01  -5.010000000000001e-02
  4.941171057457929e-01   1.264266120565045e-01  -5.010000000000000e-02
  4.941235967119907e-01   1.264291936175395e-01  -5.010000000000001e-02
  4.941302605010871e-01   1.264318439130044e-01  -5.010000000000000e-02
  4.941370978355879e-01   1.264345736907984e-01  -5.010000000000000e-02
  4.941439934424199e-01   1.264376682257284e-01  -5.010000000000001e-02
  4.941510723548800e-01   1.264408450225510e-01  -5.010000000000001e-02
  4.941583393408975e-01   1.264441062209655e-01  -5.010000000000000e-02
  4.941657992867160e-01   1.264474540137665e-01  -5.009999999999999e-02
  4.941734571995171e-01   1.264508906480224e-01  -5.010000000000000e-02
  4.941812884716131e-01   1.264544816308527e-01  -5.010000000000000e-02
  4.941892226629048e-01   1.264583902043008e-01  -5.009999999999999e-02
  4.941973670147165e-01   1.264624023078755e-01  -5.010000000000000e-02
  4.942057269525977e-01   1.264665206143328e-01  -5.010000000000000e-02
  4.942143080345022e-01   1.264707478616546e-01  -5.009999999999999e-02
  4.942231159536006e-01   1.264750868544335e-01  -5.010000000000000e-02
  4.942320366217553e-01   1.264797749533141e-01  -5.010000000000000e-02
  4.942411745220374e-01   1.264846224740520e-01  -5.009999999999999e-02
  4.942505534512105e-01   1.264895978570462e-01  -5.010000000000000e-02
  4.942601795767617e-01   1.264947043740571e-01  -5.010000000000000e-02
  4.942700592136984e-01   1.264999453751028e-01  -5.010000000000000e-02
  4.942800659861527e-01   1.265055669771487e-01  -5.010000000000001e-02
  4.942903241247320e-01   1.265113578274541e-01  -5.010000000000000e-02
  4.943008517448150e-01   1.265173008035117e-01  -5.010000000000000e-02
  4.943116556827479e-01   1.265233997645265e-01  -5.010000000000000e-02
  4.943226945412095e-01   1.265297421861882e-01  -5.010000000000000e-02
  4.943339254377096e-01   1.265364184816602e-01  -5.010000000000000e-02
  4.943454502919462e-01   1.265432695226395e-01  -5.010000000000000e-02
  4.943572765030549e-01   1.265502997076007e-01  -5.010000000000000e-02
  4.943693997133746e-01   1.265575331473766e-01  -5.010000000000000e-02
  4.943816997735586e-01   1.265651847305946e-01  -5.010000000000000e-02
  4.943943204665976e-01   1.265730357721026e-01  -5.010000000000000e-02
  4.944072697926179e-01   1.265810912485944e-01  -5.010000000000001e-02
  4.944205369343995e-01   1.265893861806447e-01  -5.010000000000000e-02
  4.944340125296972e-01   1.265981112537664e-01  -5.009999999999999e-02
  4.944478378115729e-01   1.266070627392206e-01  -5.010000000000000e-02
  4.944620214197501e-01   1.266162462309879e-01  -5.010000000000000e-02
  4.944765017424056e-01   1.266257742802580e-01  -5.010000000000000e-02
  4.944912656467036e-01   1.266356863312201e-01  -5.010000000000000e-02
  4.945064107394129e-01   1.266458543008662e-01  -5.010000000000000e-02
  4.945219453565483e-01   1.266562858766576e-01  -5.010000000000000e-02
  4.945377139704699e-01   1.266672292218850e-01  -5.010000000000001e-02
  4.945538880241442e-01   1.266784539404280e-01  -5.010000000000000e-02
  4.945704773346852e-01   1.266899668453184e-01  -5.010000000000000e-02
  4.945873527281076e-01   1.267019723895778e-01  -5.010000000000000e-02
  4.946046252563113e-01   1.267143346227836e-01  -5.010000000000000e-02
  4.946223391962979e-01   1.267270127816801e-01  -5.010000000000000e-02
  4.946403565337297e-01   1.267402189575365e-01  -5.010000000000000e-02
  4.946587978015706e-01   1.267538097040278e-01  -5.010000000000000e-02
  4.946777044767581e-01   1.267677507353638e-01  -5.010000000000000e-02
  4.946968971602946e-01   1.267823049991031e-01  -5.010000000000000e-02
  4.947165761311667e-01   1.267972280259767e-01  -5.010000000000000e-02
  4.947367107295253e-01   1.268125835331062e-01  -5.010000000000000e-02
  4.947572922404611e-01   1.268284069476725e-01  -5.010000000000000e-02
  4.947783922455407e-01   1.268446289893277e-01  -5.010000000000000e-02
  4.948000227359848e-01   1.268612588771254e-01  -5.010000000000000e-02
  4.948221959237150e-01   1.268783059997981e-01  -5.010000000000000e-02
  4.948449242423350e-01   1.268957799165111e-01  -5.010000000000000e-02
  4.948682203479197e-01   1.269136903574693e-01  -5.010000000000001e-02
  4.948920971195988e-01   1.269320472243662e-01  -5.010000000000000e-02
  4.949165676599227e-01   1.269508605906645e-01  -5.010000000000000e-02
  4.949416452949951e-01   1.269701407016986e-01  -5.010000000000000e-02
  4.949679955902494e-01   1.269890163217840e-01  -5.010000000000000e-02
  4.949950654642146e-01   1.270082645369316e-01  -5.009999999999999e-02
  4.950228019022279e-01   1.270279867169090e-01  -5.010000000000000e-02
  4.950512195187468e-01   1.270481932534241e-01  -5.010000000000000e-02
  4.950803331545924e-01   1.270688946991422e-01  -5.010000000000001e-02
  4.951101578753181e-01   1.270901017665258e-01  -5.010000000000000e-02
  4.951407089692226e-01   1.271118253264221e-01  -5.010000000000000e-02
  4.951721065186197e-01   1.271339278497081e-01  -5.010000000000000e-02
  4.952043721031961e-01   1.271564122034225e-01  -5.010000000000000e-02
  4.952374164258300e-01   1.271794392227096e-01  -5.010000000000000e-02
  4.952712557465228e-01   1.272030202383923e-01  -5.010000000000000e-02
  4.953059065334842e-01   1.272271667263840e-01  -5.010000000000000e-02
  4.953413854585786e-01   1.272518903045153e-01  -5.010000000000000e-02
  4.953777586567665e-01   1.272771317181478e-01  -5.010000000000000e-02
  4.954150523834280e-01   1.273028896086627e-01  -5.010000000000000e-02
  4.954532279798518e-01   1.273292565856599e-01  -5.010000000000000e-02
  4.954923029272070e-01   1.273562447229675e-01  -5.010000000000000e-02
  4.955322948801549e-01   1.273838662142402e-01  -5.010000000000000e-02
  4.955732417738328e-01   1.274121041915661e-01  -5.010000000000000e-02
  4.956151699969934e-01   1.274409588710064e-01  -5.010000000000001e-02
  4.956580702762911e-01   1.274704825119749e-01  -5.010000000000000e-02
  4.957019608962400e-01   1.275006876977329e-01  -5.010000000000000e-02
  4.957468637897215e-01   1.275315819778586e-01  -5.010000000000000e-02
  4.957928229300824e-01   1.275631410893766e-01  -5.010000000000000e-02
  4.958398287244745e-01   1.275954189147572e-01  -5.010000000000000e-02
  4.958878999105428e-01   1.276284283207211e-01  -5.010000000000000e-02
  4.959370678916687e-01   1.276621638762981e-01  -5.010000000000000e-02
  4.959873613195944e-01   1.276966242984803e-01  -5.010000000000000e-02
  4.960387775420122e-01   1.277318540452805e-01  -5.010000000000000e-02
  4.960913388253007e-01   1.277678613039853e-01  -5.010000000000000e-02
  4.961451048400479e-01   1.278045996298909e-01  -5.009999999999999e-02
  4.962000516353298e-01   1.278421447833121e-01  -5.010000000000001e-02
  4.962562070552308e-01   1.278804967416163e-01  -5.010000000000000e-02
  4.963136367896054e-01   1.279195999097443e-01  -5.010000000000000e-02
  4.963723054977744e-01   1.279595466792074e-01  -5.010000000000000e-02
  4.964322775589005e-01   1.280002827906553e-01  -5.010000000000000e-02
  4.964935716332621e-01   1.280418210621178e-01  -5.010000000000001e-02
  4.965561770613401e-01   1.280842170879766e-01  -5.010000000000000e-02
  4.966201957852480e-01   1.281273598426719e-01  -5.010000000000000e-02
  4.966855506023898e-01   1.281714030017978e-01  -5.010000000000000e-02
  4.967523909061745e-01   1.282161633129331e-01  -5.010000000000000e-02
  4.968206109235298e-01   1.282618368998214e-01  -5.010000000000000e-02
  4.968903812728561e-01   1.283082061885866e-01  -5.010000000000000e-02
  4.969615958277825e-01   1.283554676012077e-01  -5.010000000000000e-02
  4.970343921087995e-01   1.284034504626352e-01  -5.010000000000001e-02
  4.971087332538847e-01   1.284522456384065e-01  -5.010000000000000e-02
  4.971846488757590e-01   1.285018437590915e-01  -5.010000000000000e-02
  4.972622520163729e-01   1.285521045796964e-01  -5.010000000000000e-02
  4.973414874972363e-01   1.286031454294868e-01  -5.010000000000000e-02
  4.974223983540236e-01   1.286549320437113e-01  -5.010000000000001e-02
  4.975050746274690e-01   1.287073534520565e-01  -5.010000000000000e-02
  4.975895209347421e-01   1.287604299760111e-01  -5.010000000000000e-02
  4.976757545091546e-01   1.288141614507444e-01  -5.010000000000000e-02
  4.977638126531324e-01   1.288685137915014e-01  -5.010000000000000e-02
  4.978537327677091e-01   1.289234500602322e-01  -5.010000000000000e-02
  4.979455495141074e-01   1.289789351145754e-01  -5.010000000000000e-02
  4.980392924288647e-01   1.290349394413750e-01  -5.010000000000000e-02
  4.981349891043668e-01   1.290914341618243e-01  -5.010000000000000e-02
  4.982326533883020e-01   1.291484111288699e-01  -5.010000000000001e-02
  4.983323109435645e-01   1.292058394294106e-01  -5.010000000000000e-02
  4.984340159905325e-01   1.292636346956859e-01  -5.010000000000000e-02
  4.985377452366060e-01   1.293218452282879e-01  -5.010000000000000e-02
  4.986434948377343e-01   1.293804844561712e-01  -5.010000000000000e-02
  4.987513339022462e-01   1.294394302439542e-01  -5.010000000000000e-02
  4.988611971015675e-01   1.294988024442957e-01  -5.010000000000000e-02
  4.989731393232593e-01   1.295584977066743e-01  -5.010000000000000e-02
  4.990871114483939e-01   1.296186035371477e-01  -5.010000000000000e-02
  4.992031388137057e-01   1.296790651704876e-01  -5.010000000000000e-02
  4.993212081355454e-01   1.297398976499643e-01  -5.010000000000000e-02
  4.994412967927349e-01   1.298011323546587e-01  -5.010000000000001e-02
  4.995634047731553e-01   1.298627536520255e-01  -5.010000000000001e-02
  4.996875302532653e-01   1.299247456474948e-01  -5.010000000000000e-02
  4.998136501733282e-01   1.299871316944962e-01  -5.010000000000000e-02
  4.999417492891535e-01   1.300499165869044e-01  -5.010000000000000e-02
  5.000718161874886e-01   1.301130938457040e-01  -5.010000000000000e-02
  5.002038451593818e-01   1.301766411756274e-01  -5.010000000000000e-02
  5.003378070495205e-01   1.302405810190352e-01  -5.010000000000000e-02
  5.004736870560628e-01   1.303049024822712e-01  -5.010000000000000e-02
  5.006114549035118e-01   1.303696233469828e-01  -5.010000000000000e-02
  5.007510989058563e-01   1.304347180112823e-01  -5.010000000000000e-02
  5.008925945374245e-01   1.305001837728018e-01  -5.010000000000000e-02
  5.010359008011953e-01   1.305660497141861e-01  -5.009999999999999e-02
  5.011809915545462e-01   1.306323088802704e-01  -5.010000000000000e-02
  5.013278530338829e-01   1.306989224773196e-01  -5.010000000000001e-02
  5.014764357537866e-01   1.307659259044878e-01  -5.010000000000000e-02
  5.016267032792656e-01   1.308333219152412e-01  -5.010000000000000e-02
  5.017786370884966e-01   1.309010687021926e-01  -5.010000000000000e-02
  5.019321857419948e-01   1.309691935419247e-01  -5.010000000000000e-02
  5.020873187393741e-01   1.310376725361166e-01  -5.010000000000000e-02
  5.022439973857815e-01   1.311064955369475e-01  -5.010000000000000e-02
  5.024021745519899e-01   1.311756673579161e-01  -5.010000000000000e-02
  5.025618253781269e-01   1.312451373707199e-01  -5.010000000000000e-02
  5.027228917781893e-01   1.313149266606501e-01  -5.010000000000000e-02
  5.028853406842256e-01   1.313849945226001e-01  -5.010000000000000e-02
  5.030491255842433e-01   1.314553268622246e-01  -5.010000000000001e-02
  5.032142039595484e-01   1.315258960753143e-01  -5.010000000000000e-02
  5.033805286068520e-01   1.315966812707516e-01  -5.010000000000000e-02
  5.035480576332755e-01   1.316676450069827e-01  -5.010000000000000e-02
  5.037167411210932e-01   1.317387646293427e-01  -5.010000000000000e-02
  5.038865316365435e-01   1.318100078258171e-01  -5.010000000000000e-02
  5.040573843016643e-01   1.318813322432014e-01  -5.010000000000000e-02
  5.042292457724921e-01   1.319527121968349e-01  -5.010000000000000e-02
  5.044020678025198e-01   1.320241061609063e-01  -5.010000000000001e-02
  5.045758025469541e-01   1.320954682632916e-01  -5.010000000000000e-02
  5.047503876323896e-01   1.321667847181388e-01  -5.010000000000000e-02
  5.049257892710565e-01   1.322379687800277e-01  -5.010000000000000e-02
  5.051019294443364e-01   1.323090395635674e-01  -5.010000000000000e-02
  5.052787796110758e-01   1.323798911183687e-01  -5.010000000000001e-02
  5.054562672870991e-01   1.324505242305057e-01  -5.009999999999999e-02
  5.056343340461713e-01   1.325209025678525e-01  -5.010000000000000e-02
  5.058129451641112e-01   1.325909275705952e-01  -5.010000000000000e-02
  5.059920091743352e-01   1.326606432259137e-01  -5.010000000000001e-02
  5.061715035096946e-01   1.327299154826172e-01  -5.010000000000000e-02
  5.063513457846971e-01   1.327987630155894e-01  -5.010000000000000e-02
  5.065314679510365e-01   1.328671671210472e-01  -5.010000000000000e-02
  5.067118490298128e-01   1.329349836951661e-01  -5.010000000000000e-02
  5.068923844535176e-01   1.330022894766641e-01  -5.010000000000000e-02
  5.070730245700758e-01   1.330690155295520e-01  -5.010000000000000e-02
  5.072537300800620e-01   1.331350638082566e-01  -5.010000000000000e-02
  5.074344056456056e-01   1.332004893971577e-01  -5.009999999999999e-02
  5.076149963434433e-01   1.332652382398248e-01  -5.010000000000000e-02
  5.077954647565560e-01   1.333292071282599e-01  -5.010000000000000e-02
  5.079757154547850e-01   1.333924571244766e-01  -5.010000000000000e-02
  5.081556854112139e-01   1.334549608534704e-01  -5.010000000000000e-02
  5.083353372532986e-01   1.335166179535552e-01  -5.010000000000001e-02
  5.085145914040370e-01   1.335774522693257e-01  -5.010000000000000e-02
  5.086933729980989e-01   1.336374779918289e-01  -5.010000000000001e-02
  5.088716253135799e-01   1.336966590004475e-01  -5.010000000000000e-02
  5.090493097823027e-01   1.337549063638285e-01  -5.010000000000001e-02
  5.092263409829450e-01   1.338122768042158e-01  -5.010000000000000e-02
  5.094026544415782e-01   1.338687685736524e-01  -5.010000000000001e-02
  5.095781909803780e-01   1.339243679857888e-01  -5.010000000000000e-02
  5.097529043329221e-01   1.339790244879450e-01  -5.010000000000000e-02
  5.099267374823868e-01   1.340327257253694e-01  -5.010000000000000e-02
  5.100996195648104e-01   1.340855099135659e-01  -5.010000000000000e-02
  5.102714940606844e-01   1.341373749737471e-01  -5.010000000000000e-02
  5.104423090850219e-01   1.341883093759649e-01  -5.010000000000000e-02
  5.106120116386417e-01   1.342383110355683e-01  -5.010000000000000e-02
  5.107805544920714e-01   1.342873642724492e-01  -5.010000000000000e-02
  5.109478905207423e-01   1.343354589404102e-01  -5.010000000000000e-02
  5.111139622398914e-01   1.343826278300711e-01  -5.010000000000000e-02
  5.112787242874158e-01   1.344288688085577e-01  -5.010000000000000e-02
  5.114421310558555e-01   1.344741877028294e-01  -5.010000000000000e-02
  5.116041377387450e-01   1.345185946384527e-01  -5.010000000000000e-02
  5.117647042858033e-01   1.345620900246042e-01  -5.010000000000000e-02
  5.119237913902922e-01   1.346046788114891e-01  -5.010000000000000e-02
  5.120813616964561e-01   1.346463663513564e-01  -5.009999999999999e-02
  5.122373791420350e-01   1.346871607918377e-01  -5.010000000000000e-02
  5.123918100121684e-01   1.347270691715369e-01  -5.010000000000000e-02
  5.125446227558776e-01   1.347660980265793e-01  -5.010000000000000e-02
  5.126957863284135e-01   1.348042599178502e-01  -5.009999999999999e-02
  5.128452726300381e-01   1.348415637897459e-01  -5.010000000000000e-02
  5.129930568763776e-01   1.348780132900986e-01  -5.010000000000000e-02
  5.131391137745512e-01   1.349136221728513e-01  -5.010000000000000e-02
  5.132834191165820e-01   1.349484078902752e-01  -5.010000000000000e-02
  5.134259537149841e-01   1.349823751632933e-01  -5.010000000000000e-02
  5.135667005337230e-01   1.350155277087912e-01  -5.009999999999999e-02
  5.137056394853959e-01   1.350478899593245e-01  -5.010000000000000e-02
  5.138427651258863e-01   1.350794311923842e-01  -5.010000000000000e-02
  5.139780626203032e-01   1.351101679712085e-01  -5.010000000000000e-02
  5.141115153831414e-01   1.351401329072981e-01  -5.010000000000000e-02
  5.142431123162125e-01   1.351693428579011e-01  -5.010000000000000e-02
  5.143728435953825e-01   1.351978167562979e-01  -5.009999999999999e-02
  5.145007015935645e-01   1.352255712346619e-01  -5.010000000000000e-02
  5.146267014706289e-01   1.352525237075887e-01  -5.010000000000000e-02
  5.147508257486602e-01   1.352787490636288e-01  -5.010000000000000e-02
  5.148730669509539e-01   1.353042847439958e-01  -5.009999999999999e-02
  5.149934238982596e-01   1.353291463002704e-01  -5.010000000000000e-02
  5.151119134975638e-01   1.353532667468302e-01  -5.010000000000000e-02
  5.152285338531153e-01   1.353766750479165e-01  -5.010000000000000e-02
  5.153432735403681e-01   1.353994570740041e-01  -5.009999999999999e-02
  5.154561414795331e-01   1.354216046670502e-01  -5.010000000000000e-02
  5.155671694907971e-01   1.354429942818783e-01  -5.010000000000000e-02
  5.156763318198137e-01   1.354638058146558e-01  -5.010000000000000e-02
  5.157836420833371e-01   1.354840245394665e-01  -5.010000000000000e-02
  5.158891372701188e-01   1.355035109718523e-01  -5.010000000000000e-02
  5.159927908231670e-01   1.355224737636618e-01  -5.010000000000000e-02
  5.160946347873504e-01   1.355408118123934e-01  -5.010000000000000e-02
  5.161946827295585e-01   1.355585241994260e-01  -5.010000000000000e-02
  5.162929200512506e-01   1.355757798550361e-01  -5.010000000000000e-02
  5.163894121471799e-01   1.355922918405887e-01  -5.010000000000000e-02
  5.164841197595315e-01   1.356083812209066e-01  -5.010000000000000e-02
  5.165770935883990e-01   1.356238519241784e-01  -5.010000000000000e-02
  5.166683297360541e-01   1.356388294710416e-01  -5.010000000000000e-02
  5.167578520894338e-01   1.356532829642332e-01  -5.010000000000000e-02
  5.168456795039030e-01   1.356672079510043e-01  -5.010000000000000e-02
  5.169318201616104e-01   1.356806779402554e-01  -5.010000000000001e-02
  5.170163064550808e-01   1.356936079468794e-01  -5.010000000000001e-02
  5.170991417431466e-01   1.357061111102398e-01  -5.010000000000000e-02
  5.171803571320703e-01   1.357181135743844e-01  -5.009999999999999e-02
  5.172599633906154e-01   1.357296875671123e-01  -5.010000000000001e-02
  5.173379808288741e-01   1.357408357442617e-01  -5.010000000000000e-02
  5.174144387534843e-01   1.357515072042277e-01  -5.010000000000000e-02
  5.174893342662410e-01   1.357618753198329e-01  -5.010000000000001e-02
  5.175627269542731e-01   1.357716684241094e-01  -5.010000000000000e-02
  5.176345888992009e-01   1.357812572747028e-01  -5.010000000000000e-02
  5.177049902809696e-01   1.357902782332405e-01  -5.010000000000000e-02
  5.177739149883462e-01   1.357990313390354e-01  -5.010000000000001e-02
  5.178413932213900e-01   1.358074545244753e-01  -5.010000000000001e-02
  5.179074655035234e-01   1.358154070329388e-01  -5.010000000000000e-02
  5.179721179236937e-01   1.358231886457724e-01  -5.010000000000000e-02
  5.180354085615145e-01   1.358305005185754e-01  -5.010000000000000e-02
  5.180973404628287e-01   1.358375149741455e-01  -5.010000000000000e-02
  5.181579199349987e-01   1.358443762525331e-01  -5.010000000000000e-02
  5.182172101523133e-01   1.358507187588883e-01  -5.010000000000001e-02
  5.182751988563257e-01   1.358568644906664e-01  -5.010000000000000e-02
  5.183319023687788e-01   1.358628740158722e-01  -5.010000000000000e-02
  5.183873803622936e-01   1.358683865748899e-01  -5.010000000000000e-02
  5.184416239668528e-01   1.358737118036870e-01  -5.010000000000000e-02
  5.184946488820312e-01   1.358789173907339e-01  -5.010000000000000e-02
  5.185465007357403e-01   1.358837571005080e-01  -5.010000000000000e-02
  5.185971930539165e-01   1.358883240799183e-01  -5.010000000000000e-02
  5.186467320701573e-01   1.358927871558895e-01  -5.010000000000000e-02
  5.186951423438008e-01   1.358971156745004e-01  -5.010000000000000e-02
  5.187424742634331e-01   1.359009757846137e-01  -5.010000000000000e-02
  5.187887167892492e-01   1.359047470502406e-01  -5.010000000000000e-02
  5.188338910963847e-01   1.359084311982995e-01  -5.009999999999999e-02
  5.188780250388700e-01   1.359119404995422e-01  -5.010000000000000e-02
  5.189211548258519e-01   1.359150759287577e-01  -5.010000000000001e-02
  5.189632778906410e-01   1.359181381717509e-01  -5.010000000000000e-02
  5.190044145003103e-01   1.359211287018882e-01  -5.009999999999999e-02
  5.190445846743607e-01   1.359240489745378e-01  -5.010000000000000e-02
  5.190838329407047e-01   1.359265360749314e-01  -5.010000000000000e-02
  5.191221538289550e-01   1.359289589689833e-01  -5.010000000000000e-02
  5.191595662202899e-01   1.359313244219926e-01  -5.009999999999999e-02
  5.191960891064010e-01   1.359336336347368e-01  -5.010000000000000e-02
  5.192317460296304e-01   1.359358051579630e-01  -5.010000000000000e-02
  5.192665655842307e-01   1.359376662501132e-01  -5.010000000000000e-02
  5.193005505040138e-01   1.359394827313450e-01  -5.010000000000000e-02
  5.193337186957912e-01   1.359412555587709e-01  -5.010000000000000e-02
  5.193660877874288e-01   1.359429856745936e-01  -5.010000000000001e-02
  5.193976751266525e-01   1.359446740060427e-01  -5.010000000000000e-02
  5.194285109457681e-01   1.359460486981644e-01  -5.010000000000000e-02
  5.194586007114393e-01   1.359473451509939e-01  -5.010000000000000e-02
  5.194879587154239e-01   1.359486100750132e-01  -5.010000000000000e-02
  5.195166011881405e-01   1.359498441695291e-01  -5.010000000000000e-02
  5.195445440789110e-01   1.359510481217366e-01  -5.010000000000000e-02
  5.195718030566976e-01   1.359522226067515e-01  -5.009999999999999e-02
  5.195984003181694e-01   1.359531874480867e-01  -5.010000000000000e-02
  5.196243479769586e-01   1.359540229385410e-01  -5.010000000000000e-02
  5.196496567972464e-01   1.359548378589903e-01  -5.010000000000000e-02
  5.196743413447955e-01   1.359556326784386e-01  -5.010000000000000e-02
  5.196984159121307e-01   1.359564078570920e-01  -5.010000000000001e-02
  5.197218945205919e-01   1.359571638464245e-01  -5.010000000000001e-02
  5.197447909225534e-01   1.359579010892498e-01  -5.010000000000000e-02
  5.197671201948796e-01   1.359585587325898e-01  -5.010000000000000e-02
  5.197888994242447e-01   1.359589883267255e-01  -5.010000000000000e-02
  5.198101359393139e-01   1.359594072158508e-01  -5.009999999999999e-02
  5.198308424458592e-01   1.359598156505862e-01  -5.009999999999999e-02
  5.198510313938100e-01   1.359602138765060e-01  -5.010000000000000e-02
  5.198707149802361e-01   1.359606021341967e-01  -5.010000000000000e-02
  5.198899051524216e-01   1.359609806593179e-01  -5.010000000000001e-02
  5.199086136110194e-01   1.359613496826643e-01  -5.010000000000000e-02
  5.199268518132769e-01   1.359617094302295e-01  -5.010000000000001e-02
  5.199446309763277e-01   1.359620601232709e-01  -5.010000000000000e-02
  5.199619552559721e-01   1.359626543202360e-01  -5.010000000000000e-02
  5.199788423643593e-01   1.359632346927736e-01  -5.010000000000000e-02
  5.199952860142053e-01   1.359641427948502e-01  -5.010000000000000e-02
  5.200113068756110e-01   1.359651677677408e-01  -5.010000000000000e-02
  5.200269117677306e-01   1.359662966603626e-01  -5.010000000000000e-02
  5.200420946835394e-01   1.359677301224087e-01  -5.010000000000000e-02
  5.200568922814651e-01   1.359691272055030e-01  -5.010000000000000e-02
  5.200712788392914e-01   1.359708066127686e-01  -5.010000000000000e-02
  5.200852845502926e-01   1.359725788837703e-01  -5.010000000000000e-02
  5.200989337154278e-01   1.359743060377552e-01  -5.010000000000000e-02
  5.201121733354190e-01   1.359764188172452e-01  -5.010000000000001e-02
  5.201250728163401e-01   1.359784947144951e-01  -5.009999999999999e-02
  5.201376383435823e-01   1.359805434118253e-01  -5.010000000000000e-02
  5.201498085508235e-01   1.359829534856882e-01  -5.010000000000000e-02
  5.201616674969746e-01   1.359853019203199e-01  -5.009999999999999e-02
  5.201732228829084e-01   1.359875902407291e-01  -5.010000000000000e-02
  5.201843886960216e-01   1.359902481664533e-01  -5.010000000000000e-02
  5.201952660660061e-01   1.359928478087718e-01  -5.010000000000000e-02
  5.202058643227849e-01   1.359953807442942e-01  -5.010000000000000e-02
  5.202161092612541e-01   1.359981586505127e-01  -5.010000000000000e-02
  5.202260576366777e-01   1.360009922886870e-01  -5.010000000000000e-02
  5.202357501625393e-01   1.360037530521402e-01  -5.009999999999999e-02
  5.202451612377456e-01   1.360065457592402e-01  -5.010000000000000e-02
  5.202542260797873e-01   1.360096007920267e-01  -5.010000000000001e-02
  5.202630573107693e-01   1.360125770932209e-01  -5.010000000000000e-02
  5.202716608019757e-01   1.360154766415630e-01  -5.010000000000001e-02
  5.202799552831031e-01   1.360185384027545e-01  -5.010000000000000e-02
  5.202879617630190e-01   1.360217222661128e-01  -5.010000000000000e-02
  5.202957613868084e-01   1.360248238708946e-01  -5.010000000000001e-02
  5.203033593802022e-01   1.360278452951681e-01  -5.010000000000000e-02
  5.203106463987085e-01   1.360310527672935e-01  -5.010000000000000e-02
  5.203176695373246e-01   1.360343510340577e-01  -5.010000000000000e-02
  5.203245108145543e-01   1.360375638935134e-01  -5.010000000000000e-02
  5.203311748459416e-01   1.360406935132520e-01  -5.010000000000000e-02
  5.203375780942612e-01   1.360439137042839e-01  -5.010000000000000e-02
  5.203436795331085e-01   1.360473151074580e-01  -5.010000000000000e-02
  5.203496226561829e-01   1.360506282534544e-01  -5.010000000000000e-02
  5.203554114980858e-01   1.360538553914648e-01  -5.009999999999999e-02
  5.203610499943887e-01   1.360569987154744e-01  -5.010000000000001e-02
  5.203663142380967e-01   1.360604330236531e-01  -5.010000000000000e-02
  5.203714080125050e-01   1.360638330812508e-01  -5.010000000000000e-02
  5.203763693192295e-01   1.360671447176269e-01  -5.010000000000000e-02
  5.203812015495847e-01   1.360703701964596e-01  -5.010000000000000e-02
  5.203859080108402e-01   1.360735117253273e-01  -5.010000000000000e-02
  5.203901951743721e-01   1.360769744298848e-01  -5.010000000000000e-02
  5.203943658656541e-01   1.360803534621735e-01  -5.010000000000000e-02
  5.203984278808522e-01   1.360836444467090e-01  -5.010000000000000e-02
  5.204023840132802e-01   1.360868496465927e-01  -5.010000000000000e-02
  5.204062369864486e-01   1.360899712683727e-01  -5.010000000000000e-02
  5.204097689215923e-01   1.360932558738945e-01  -5.010000000000000e-02
  5.204130885708497e-01   1.360965879033036e-01  -5.010000000000000e-02
  5.204163215705004e-01   1.360998329599589e-01  -5.010000000000000e-02
  5.204194701554494e-01   1.361029932871000e-01  -5.010000000000000e-02
  5.204225365043494e-01   1.361060710715047e-01  -5.010000000000000e-02
  5.204255227409440e-01   1.361090684448366e-01  -5.010000000000000e-02
  5.204281600350887e-01   1.361122261333010e-01  -5.010000000000000e-02
  5.204306229860505e-01   1.361153941274770e-01  -5.010000000000000e-02
  5.204330215340918e-01   1.361184792827822e-01  -5.010000000000000e-02
  5.204353573462861e-01   1.361214837435054e-01  -5.010000000000000e-02
  5.204376320474358e-01   1.361244095995642e-01  -5.010000000000000e-02
  5.204398472210978e-01   1.361272588878242e-01  -5.010000000000000e-02
  5.204420044105879e-01   1.361300335933898e-01  -5.010000000000000e-02
  5.204437293262186e-01   1.361329885623015e-01  -5.010000000000000e-02
  5.204453967282643e-01   1.361358744504574e-01  -5.010000000000000e-02
  5.204470204535374e-01   1.361386847441995e-01  -5.010000000000000e-02
  5.204486016365841e-01   1.361414214071650e-01  -5.010000000000000e-02
  5.204501413829752e-01   1.361440863528419e-01  -5.009999999999999e-02
  5.204516407700207e-01   1.361466814458053e-01  -5.010000000000001e-02
  5.204531008474677e-01   1.361492085029249e-01  -5.010000000000000e-02
  5.204545226381819e-01   1.361516692945458e-01  -5.010000000000000e-02
  5.204555393306920e-01   1.361542425162131e-01  -5.010000000000000e-02
  5.204565213385075e-01   1.361567520917417e-01  -5.010000000000000e-02
  5.204574775809525e-01   1.361591958224344e-01  -5.009999999999999e-02
  5.204584087294993e-01   1.361615754242764e-01  -5.010000000000000e-02
  5.204593154383576e-01   1.361638925691361e-01  -5.010000000000000e-02
  5.204601983449050e-01   1.361661488858683e-01  -5.009999999999999e-02
  5.204610580701093e-01   1.361683459613907e-01  -5.010000000000000e-02
  5.204618952189399e-01   1.361704853417353e-01  -5.010000000000000e-02
  5.204627103807685e-01   1.361725685330752e-01  -5.010000000000000e-02
  5.204635041297626e-01   1.361745970027266e-01  -5.010000000000000e-02
  5.204639760751366e-01   1.361766632303543e-01  -5.010000000000000e-02
  5.204644158658357e-01   1.361786811421898e-01  -5.010000000000000e-02
  5.204648440989550e-01   1.361806460238516e-01  -5.010000000000000e-02
  5.204652610766647e-01   1.361825592618016e-01  -5.010000000000000e-02
  5.204656670933161e-01   1.361844222066256e-01  -5.010000000000000e-02
  5.204660624356399e-01   1.361862361739416e-01  -5.010000000000000e-02
  5.204664473829384e-01   1.361880024452871e-01  -5.010000000000000e-02
  5.204668222072755e-01   1.361897222689844e-01  -5.010000000000000e-02
  5.204671871736599e-01   1.361913968609851e-01  -5.010000000000001e-02
  5.204675425402248e-01   1.361930274056936e-01  -5.010000000000000e-02
  5.204678885584031e-01   1.361946150567708e-01  -5.010000000000000e-02
  5.204682254730980e-01   1.361961609379181e-01  -5.010000000000000e-02
  5.204685535228502e-01   1.361976661436420e-01  -5.010000000000000e-02
  5.204688729399999e-01   1.361991317400000e-01  -5.010000000000000e-02
