468
  4.941329950753820e-01   1.269686518482940e-01  -5.010000000000000e-02
  4.941344064240262e-01   1.269681438177786e-01  -5.010000000000000e-02
  4.941358559159318e-01   1.269676220571755e-01  -5.010000000000000e-02
  4.941373445776970e-01   1.269670861969492e-01  -5.010000000000000e-02
  4.941388734633162e-01   1.269665358577030e-01  -5.010000000000000e-02
  4.941404436548980e-01   1.269659706499198e-01  -5.010000000000000e-02
  4.941420562634016e-01   1.269653901736976e-01  -5.009999999999999e-02
  4.941437124293918e-01   1.269647940184775e-01  -5.010000000000000e-02
  4.941454133238128e-01   1.269641817627653e-01  -5.010000000000000e-02
  4.941471601487815e-01   1.269635529738458e-01  -5.010000000000000e-02
  4.941489541384002e-01   1.269629072074901e-01  -5.010000000000000e-02
  4.941507965595908e-01   1.269622440076557e-01  -5.009999999999999e-02
  4.941526887129482e-01   1.269615629061793e-01  -5.010000000000000e-02
  4.941546930658263e-01   1.269611215749318e-01  -5.010000000000000e-02
  4.941567989453914e-01   1.269608686629252e-01  -5.010000000000000e-02
  4.941589616436816e-01   1.269606089271012e-01  -5.009999999999999e-02
  4.941611826847238e-01   1.269603421844270e-01  -5.010000000000001e-02
  4.941634636329302e-01   1.269600682470198e-01  -5.010000000000000e-02
  4.941658060941409e-01   1.269597869220215e-01  -5.010000000000000e-02
  4.941682117166924e-01   1.269594980114699e-01  -5.010000000000000e-02
  4.941706821925127e-01   1.269592013121680e-01  -5.010000000000000e-02
  4.941732192582417e-01   1.269588966155486e-01  -5.009999999999999e-02
  4.941758246963791e-01   1.269585837075370e-01  -5.010000000000000e-02
  4.941785033568911e-01   1.269583450200646e-01  -5.010000000000000e-02
  4.941812678341075e-01   1.269584735775780e-01  -5.010000000000000e-02
  4.941841067696362e-01   1.269586055976541e-01  -5.010000000000000e-02
  4.941870221535228e-01   1.269587411728366e-01  -5.010000000000000e-02
  4.941900160281572e-01   1.269588803981036e-01  -5.010000000000000e-02
  4.941930904896029e-01   1.269590233709291e-01  -5.010000000000000e-02
  4.941962476889597e-01   1.269591701913464e-01  -5.010000000000001e-02
  4.941994898337568e-01   1.269593209620133e-01  -5.009999999999999e-02
  4.942028191893789e-01   1.269594757882775e-01  -5.010000000000000e-02
  4.942062372738708e-01   1.269596423163725e-01  -5.010000000000000e-02
  4.942097031371487e-01   1.269602256252190e-01  -5.010000000000000e-02
  4.942132621610939e-01   1.269608246131149e-01  -5.010000000000000e-02
  4.942169168252848e-01   1.269614396973760e-01  -5.010000000000000e-02
  4.942206696739546e-01   1.269620713061999e-01  -5.010000000000000e-02
  4.942245233176029e-01   1.269627198789367e-01  -5.010000000000000e-02
  4.942284804346447e-01   1.269633858663667e-01  -5.010000000000000e-02
  4.942325437730948e-01   1.269640697309840e-01  -5.010000000000000e-02
  4.942367161522907e-01   1.269647719472865e-01  -5.010000000000000e-02
  4.942409391609140e-01   1.269657784800315e-01  -5.010000000000000e-02
  4.942452544995462e-01   1.269669094562956e-01  -5.009999999999999e-02
  4.942496855339685e-01   1.269680707544425e-01  -5.010000000000000e-02
  4.942542353272622e-01   1.269692631772534e-01  -5.010000000000000e-02
  4.942589070214865e-01   1.269704875482080e-01  -5.010000000000000e-02
  4.942637038395987e-01   1.269717447119883e-01  -5.010000000000000e-02
  4.942686290874153e-01   1.269730355349921e-01  -5.010000000000000e-02
  4.942736630264748e-01   1.269744382588054e-01  -5.010000000000000e-02
  4.942787501459107e-01   1.269761510754396e-01  -5.010000000000000e-02
  4.942839733151557e-01   1.269779096996039e-01  -5.010000000000000e-02
  4.942893361177485e-01   1.269797153378640e-01  -5.010000000000000e-02
  4.942948422286184e-01   1.269815692275568e-01  -5.010000000000000e-02
  4.943004954162516e-01   1.269834726375194e-01  -5.010000000000000e-02
  4.943062995448999e-01   1.269854268688327e-01  -5.010000000000000e-02
  4.943122184569220e-01   1.269875426023226e-01  -5.009999999999999e-02
  4.943182169254513e-01   1.269899282891607e-01  -5.010000000000000e-02
  4.943243753379270e-01   1.269923775882635e-01  -5.010000000000001e-02
  4.943306978811748e-01   1.269948921647985e-01  -5.010000000000000e-02
  4.943371888473728e-01   1.269974737258335e-01  -5.010000000000001e-02
  4.943438526364691e-01   1.270001240212984e-01  -5.010000000000000e-02
  4.943506899709699e-01   1.270028537990924e-01  -5.010000000000000e-02
  4.943575855778019e-01   1.270059483340224e-01  -5.010000000000001e-02
  4.943646644902620e-01   1.270091251308451e-01  -5.010000000000001e-02
  4.943719314762795e-01   1.270123863292595e-01  -5.010000000000000e-02
  4.943793914220980e-01   1.270157341220605e-01  -5.009999999999999e-02
  4.943870493348991e-01   1.270191707563164e-01  -5.010000000000000e-02
  4.943948806069951e-01   1.270227617391467e-01  -5.010000000000000e-02
  4.944028147982867e-01   1.270266703125948e-01  -5.009999999999999e-02
  4.944109591500985e-01   1.270306824161695e-01  -5.010000000000000e-02
  4.944193190879798e-01   1.270348007226269e-01  -5.010000000000000e-02
  4.944279001698841e-01   1.270390279699486e-01  -5.009999999999999e-02
  4.944367080889826e-01   1.270433669627275e-01  -5.010000000000000e-02
  4.944456287571373e-01   1.270480550616081e-01  -5.010000000000000e-02
  4.944547666574194e-01   1.270529025823460e-01  -5.009999999999999e-02
  4.944641455865925e-01   1.270578779653402e-01  -5.010000000000000e-02
  4.944737717121437e-01   1.270629844823511e-01  -5.010000000000000e-02
  4.944836513490805e-01   1.270682254833968e-01  -5.010000000000000e-02
  4.944936581215346e-01   1.270738470854427e-01  -5.010000000000001e-02
  4.945039162601139e-01   1.270796379357481e-01  -5.010000000000000e-02
  4.945144438801969e-01   1.270855809118058e-01  -5.010000000000000e-02
  4.945252478181299e-01   1.270916798728205e-01  -5.010000000000000e-02
  4.945362866765915e-01   1.270980222944823e-01  -5.010000000000000e-02
  4.945475175730915e-01   1.271046985899542e-01  -5.010000000000000e-02
  4.945590424273282e-01   1.271115496309335e-01  -5.010000000000000e-02
  4.945708686384369e-01   1.271185798158948e-01  -5.010000000000000e-02
  4.945829918487565e-01   1.271258132556707e-01  -5.010000000000000e-02
  4.945952919089406e-01   1.271334648388886e-01  -5.010000000000000e-02
  4.946079126019796e-01   1.271413158803966e-01  -5.010000000000000e-02
  4.946208619279999e-01   1.271493713568885e-01  -5.010000000000001e-02
  4.946341290697814e-01   1.271576662889387e-01  -5.010000000000000e-02
  4.946476046650791e-01   1.271663913620604e-01  -5.009999999999999e-02
  4.946614299469549e-01   1.271753428475146e-01  -5.010000000000000e-02
  4.946756135551320e-01   1.271845263392819e-01  -5.010000000000000e-02
  4.946900938777876e-01   1.271940543885520e-01  -5.010000000000000e-02
  4.947048577820855e-01   1.272039664395141e-01  -5.010000000000000e-02
  4.947200028747949e-01   1.272141344091602e-01  -5.010000000000000e-02
  4.947355374919302e-01   1.272245659849516e-01  -5.010000000000000e-02
  4.947513061058519e-01   1.272355093301790e-01  -5.010000000000001e-02
  4.947674801595262e-01   1.272467340487220e-01  -5.010000000000000e-02
  4.947840694700672e-01   1.272582469536125e-01  -5.010000000000000e-02
  4.948009448634896e-01   1.272702524978718e-01  -5.010000000000000e-02
  4.948182173916932e-01   1.272826147310776e-01  -5.010000000000000e-02
  4.948359313316799e-01   1.272952928899741e-01  -5.010000000000000e-02
  4.948539486691116e-01   1.273084990658306e-01  -5.010000000000000e-02
  4.948723899369525e-01   1.273220898123219e-01  -5.010000000000000e-02
  4.948912966121401e-01   1.273360308436578e-01  -5.010000000000000e-02
  4.949104892956766e-01   1.273505851073971e-01  -5.010000000000000e-02
  4.949301682665487e-01   1.273655081342708e-01  -5.010000000000000e-02
  4.949503028649073e-01   1.273808636414002e-01  -5.010000000000000e-02
  4.949708843758430e-01   1.273966870559665e-01  -5.010000000000000e-02
  4.949919843809226e-01   1.274129090976217e-01  -5.010000000000000e-02
  4.950136148713668e-01   1.274295389854194e-01  -5.010000000000000e-02
  4.950357880590969e-01   1.274465861080921e-01  -5.010000000000000e-02
  4.950585163777169e-01   1.274640600248051e-01  -5.010000000000000e-02
  4.950818124833016e-01   1.274819704657633e-01  -5.010000000000001e-02
  4.951056892549808e-01   1.275003273326602e-01  -5.010000000000000e-02
  4.951301597953046e-01   1.275191406989585e-01  -5.010000000000000e-02
  4.951552374303770e-01   1.275384208099926e-01  -5.010000000000000e-02
  4.951815877256314e-01   1.275572964300780e-01  -5.010000000000000e-02
  4.952086575995965e-01   1.275765446452256e-01  -5.009999999999999e-02
  4.952363940376098e-01   1.275962668252030e-01  -5.010000000000000e-02
  4.952648116541287e-01   1.276164733617181e-01  -5.010000000000000e-02
  4.952939252899743e-01   1.276371748074362e-01  -5.010000000000001e-02
  4.953237500107001e-01   1.276583818748198e-01  -5.010000000000000e-02
  4.953543011046046e-01   1.276801054347161e-01  -5.010000000000000e-02
  4.953856986540016e-01   1.277022079580021e-01  -5.010000000000000e-02
  4.954179642385781e-01   1.277246923117165e-01  -5.010000000000000e-02
  4.954510085612119e-01   1.277477193310036e-01  -5.010000000000000e-02
  4.954848478819048e-01   1.277713003466864e-01  -5.010000000000000e-02
  4.955194986688662e-01   1.277954468346781e-01  -5.010000000000000e-02
  4.955549775939605e-01   1.278201704128093e-01  -5.010000000000000e-02
  4.955913507921485e-01   1.278454118264418e-01  -5.010000000000000e-02
  4.956286445188100e-01   1.278711697169567e-01  -5.010000000000000e-02
  4.956668201152338e-01   1.278975366939539e-01  -5.010000000000000e-02
  4.957058950625890e-01   1.279245248312615e-01  -5.010000000000000e-02
  4.957458870155369e-01   1.279521463225342e-01  -5.010000000000000e-02
  4.957868339092148e-01   1.279803842998601e-01  -5.010000000000000e-02
  4.958287621323754e-01   1.280092389793004e-01  -5.010000000000001e-02
  4.958716624116730e-01   1.280387626202689e-01  -5.010000000000000e-02
  4.959155530316220e-01   1.280689678060269e-01  -5.010000000000000e-02
  4.959604559251035e-01   1.280998620861527e-01  -5.010000000000000e-02
  4.960064150654644e-01   1.281314211976706e-01  -5.010000000000000e-02
  4.960534208598565e-01   1.281636990230511e-01  -5.010000000000000e-02
  4.961014920459248e-01   1.281967084290152e-01  -5.010000000000000e-02
  4.961506600270506e-01   1.282304439845921e-01  -5.010000000000000e-02
  4.962009534549763e-01   1.282649044067744e-01  -5.010000000000000e-02
  4.962523696773942e-01   1.283001341535746e-01  -5.010000000000000e-02
  4.963049309606826e-01   1.283361414122793e-01  -5.010000000000000e-02
  4.963586969754299e-01   1.283728797381849e-01  -5.009999999999999e-02
  4.964136437707118e-01   1.284104248916061e-01  -5.010000000000001e-02
  4.964697991906127e-01   1.284487768499103e-01  -5.010000000000000e-02
  4.965272289249874e-01   1.284878800180384e-01  -5.010000000000000e-02
  4.965858976331564e-01   1.285278267875014e-01  -5.010000000000000e-02
  4.966458696942824e-01   1.285685628989493e-01  -5.010000000000000e-02
  4.967071637686441e-01   1.286101011704118e-01  -5.010000000000001e-02
  4.967697691967221e-01   1.286524971962706e-01  -5.010000000000000e-02
  4.968337879206299e-01   1.286956399509659e-01  -5.010000000000000e-02
  4.968991427377718e-01   1.287396831100918e-01  -5.010000000000000e-02
  4.969659830415565e-01   1.287844434212271e-01  -5.010000000000000e-02
  4.970342030589118e-01   1.288301170081154e-01  -5.010000000000000e-02
  4.971039734082380e-01   1.288764862968806e-01  -5.010000000000000e-02
  4.971751879631645e-01   1.289237477095017e-01  -5.010000000000000e-02
  4.972479842441815e-01   1.289717305709292e-01  -5.010000000000001e-02
  4.973223253892667e-01   1.290205257467005e-01  -5.010000000000000e-02
  4.973982410111409e-01   1.290701238673855e-01  -5.010000000000000e-02
  4.974758441517548e-01   1.291203846879904e-01  -5.010000000000000e-02
  4.975550796326183e-01   1.291714255377808e-01  -5.010000000000000e-02
  4.976359904894055e-01   1.292232121520053e-01  -5.010000000000001e-02
  4.977186667628510e-01   1.292756335603505e-01  -5.010000000000000e-02
  4.978031130701240e-01   1.293287100843052e-01  -5.010000000000000e-02
  4.978893466445366e-01   1.293824415590384e-01  -5.010000000000000e-02
  4.979774047885144e-01   1.294367938997954e-01  -5.010000000000000e-02
  4.980673249030911e-01   1.294917301685263e-01  -5.010000000000000e-02
  4.981591416494893e-01   1.295472152228694e-01  -5.010000000000000e-02
  4.982528845642468e-01   1.296032195496690e-01  -5.010000000000000e-02
  4.983485812397488e-01   1.296597142701183e-01  -5.010000000000000e-02
  4.984462455236839e-01   1.297166912371639e-01  -5.010000000000001e-02
  4.985459030789464e-01   1.297741195377046e-01  -5.010000000000000e-02
  4.986476081259145e-01   1.298319148039799e-01  -5.010000000000000e-02
  4.987513373719880e-01   1.298901253365819e-01  -5.010000000000000e-02
  4.988570869731163e-01   1.299487645644652e-01  -5.010000000000000e-02
  4.989649260376282e-01   1.300077103522482e-01  -5.010000000000000e-02
  4.990747892369494e-01   1.300670825525897e-01  -5.010000000000000e-02
  4.991867314586412e-01   1.301267778149683e-01  -5.010000000000000e-02
  4.993007035837759e-01   1.301868836454417e-01  -5.010000000000000e-02
  4.994167309490877e-01   1.302473452787816e-01  -5.010000000000000e-02
  4.995348002709274e-01   1.303081777582583e-01  -5.010000000000000e-02
  4.996548889281168e-01   1.303694124629527e-01  -5.010000000000001e-02
  4.997769969085372e-01   1.304310337603195e-01  -5.010000000000001e-02
  4.999011223886473e-01   1.304930257557889e-01  -5.010000000000000e-02
  5.000272423087102e-01   1.305554118027902e-01  -5.010000000000000e-02
  5.001553414245354e-01   1.306181966951984e-01  -5.010000000000000e-02
  5.002854083228706e-01   1.306813739539980e-01  -5.010000000000000e-02
  5.004174372947637e-01   1.307449212839214e-01  -5.010000000000000e-02
  5.005513991849024e-01   1.308088611273292e-01  -5.010000000000000e-02
  5.006872791914447e-01   1.308731825905653e-01  -5.010000000000000e-02
  5.008250470388937e-01   1.309379034552768e-01  -5.010000000000000e-02
  5.009646910412383e-01   1.310029981195763e-01  -5.010000000000000e-02
  5.011061866728065e-01   1.310684638810958e-01  -5.010000000000000e-02
  5.012494929365773e-01   1.311343298224801e-01  -5.010000000000000e-02
  5.013945836899283e-01   1.312005889885644e-01  -5.010000000000000e-02
  5.015414451692648e-01   1.312672025856136e-01  -5.010000000000000e-02
  5.016900278891685e-01   1.313342060127818e-01  -5.010000000000001e-02
  5.018402954146477e-01   1.314016020235352e-01  -5.010000000000000e-02
  5.019922292238785e-01   1.314693488104866e-01  -5.009999999999999e-02
  5.021457778773768e-01   1.315374736502187e-01  -5.010000000000000e-02
  5.023009108747560e-01   1.316059526444106e-01  -5.010000000000000e-02
  5.024575895211635e-01   1.316747756452416e-01  -5.010000000000000e-02
  5.026157666873719e-01   1.317439474662101e-01  -5.010000000000000e-02
  5.027754175135089e-01   1.318134174790139e-01  -5.010000000000000e-02
  5.029364839135713e-01   1.318832067689442e-01  -5.009999999999999e-02
  5.030989328196076e-01   1.319532746308941e-01  -5.010000000000000e-02
  5.032627177196252e-01   1.320236069705186e-01  -5.010000000000000e-02
  5.034277960949304e-01   1.320941761836083e-01  -5.010000000000000e-02
  5.035941207422340e-01   1.321649613790456e-01  -5.010000000000000e-02
  5.037616497686575e-01   1.322359251152767e-01  -5.010000000000000e-02
  5.039303332564751e-01   1.323070447376367e-01  -5.010000000000000e-02
  5.041001237719254e-01   1.323782879341111e-01  -5.010000000000000e-02
  5.042709764370462e-01   1.324496123514954e-01  -5.010000000000000e-02
  5.044428379078740e-01   1.325209923051289e-01  -5.009999999999999e-02
  5.046156599379019e-01   1.325923862692003e-01  -5.010000000000000e-02
  5.047893946823361e-01   1.326637483715856e-01  -5.010000000000000e-02
  5.049639797677715e-01   1.327350648264329e-01  -5.010000000000000e-02
  5.051393814064384e-01   1.328062488883218e-01  -5.010000000000000e-02
  5.053155215797184e-01   1.328773196718614e-01  -5.010000000000000e-02
  5.054923717464578e-01   1.329481712266627e-01  -5.010000000000000e-02
  5.056698594224811e-01   1.330188043387998e-01  -5.009999999999999e-02
  5.058479261815533e-01   1.330891826761465e-01  -5.010000000000000e-02
  5.060265372994932e-01   1.331592076788892e-01  -5.010000000000000e-02
  5.062056013097172e-01   1.332289233342077e-01  -5.010000000000001e-02
  5.063850956450766e-01   1.332981955909112e-01  -5.010000000000000e-02
  5.065649379200790e-01   1.333670431238835e-01  -5.010000000000000e-02
  5.067450600864184e-01   1.334354472293412e-01  -5.010000000000000e-02
  5.069254411651949e-01   1.335032638034601e-01  -5.010000000000000e-02
  5.071059765888997e-01   1.335705695849581e-01  -5.010000000000000e-02
  5.072866167054577e-01   1.336372956378460e-01  -5.010000000000000e-02
  5.074673222154440e-01   1.337033439165506e-01  -5.010000000000000e-02
  5.076479977809876e-01   1.337687695054518e-01  -5.009999999999999e-02
  5.078285884788253e-01   1.338335183481189e-01  -5.010000000000000e-02
  5.080090568919380e-01   1.338974872365540e-01  -5.010000000000000e-02
  5.081893075901670e-01   1.339607372327706e-01  -5.010000000000000e-02
  5.083692775465959e-01   1.340232409617644e-01  -5.010000000000000e-02
  5.085489293886806e-01   1.340848980618493e-01  -5.010000000000001e-02
  5.087281835394190e-01   1.341457323776198e-01  -5.010000000000000e-02
  5.089069651334810e-01   1.342057581001229e-01  -5.010000000000001e-02
  5.090852174489619e-01   1.342649391087415e-01  -5.010000000000000e-02
  5.092629019176846e-01   1.343231864721225e-01  -5.010000000000001e-02
  5.094399331183268e-01   1.343805569125099e-01  -5.010000000000000e-02
  5.096162465769603e-01   1.344370486819465e-01  -5.010000000000001e-02
  5.097917831157600e-01   1.344926480940828e-01  -5.010000000000000e-02
  5.099664964683041e-01   1.345473045962390e-01  -5.010000000000000e-02
  5.101403296177688e-01   1.346010058336634e-01  -5.010000000000000e-02
  5.103132117001925e-01   1.346537900218599e-01  -5.010000000000000e-02
  5.104850861960664e-01   1.347056550820411e-01  -5.010000000000000e-02
  5.106559012204038e-01   1.347565894842589e-01  -5.010000000000000e-02
  5.108256037740236e-01   1.348065911438623e-01  -5.010000000000000e-02
  5.109941466274534e-01   1.348556443807432e-01  -5.010000000000000e-02
  5.111614826561243e-01   1.349037390487042e-01  -5.010000000000000e-02
  5.113275543752733e-01   1.349509079383651e-01  -5.010000000000000e-02
  5.114923164227978e-01   1.349971489168517e-01  -5.010000000000000e-02
  5.116557231912375e-01   1.350424678111234e-01  -5.010000000000000e-02
  5.118177298741270e-01   1.350868747467467e-01  -5.010000000000000e-02
  5.119782964211854e-01   1.351303701328983e-01  -5.010000000000000e-02
  5.121373835256742e-01   1.351729589197832e-01  -5.010000000000000e-02
  5.122949538318382e-01   1.352146464596504e-01  -5.009999999999999e-02
  5.124509712774170e-01   1.352554409001318e-01  -5.010000000000000e-02
  5.126054021475504e-01   1.352953492798310e-01  -5.010000000000000e-02
  5.127582148912596e-01   1.353343781348733e-01  -5.010000000000000e-02
  5.129093784637955e-01   1.353725400261442e-01  -5.009999999999999e-02
  5.130588647654201e-01   1.354098438980400e-01  -5.010000000000000e-02
  5.132066490117596e-01   1.354462933983927e-01  -5.010000000000000e-02
  5.133527059099332e-01   1.354819022811453e-01  -5.010000000000000e-02
  5.134970112519640e-01   1.355166879985693e-01  -5.010000000000000e-02
  5.136395458503662e-01   1.355506552715873e-01  -5.010000000000000e-02
  5.137802926691050e-01   1.355838078170852e-01  -5.009999999999999e-02
  5.139192316207779e-01   1.356161700676186e-01  -5.010000000000000e-02
  5.140563572612684e-01   1.356477113006782e-01  -5.010000000000000e-02
  5.141916547556852e-01   1.356784480795025e-01  -5.010000000000000e-02
  5.143251075185233e-01   1.357084130155921e-01  -5.010000000000000e-02
  5.144567044515944e-01   1.357376229661951e-01  -5.010000000000000e-02
  5.145864357307645e-01   1.357660968645919e-01  -5.009999999999999e-02
  5.147142937289466e-01   1.357938513429559e-01  -5.010000000000000e-02
  5.148402936060109e-01   1.358208038158827e-01  -5.010000000000000e-02
  5.149644178840421e-01   1.358470291719228e-01  -5.010000000000000e-02
  5.150866590863359e-01   1.358725648522898e-01  -5.009999999999999e-02
  5.152070160336416e-01   1.358974264085644e-01  -5.010000000000000e-02
  5.153255056329458e-01   1.359215468551243e-01  -5.010000000000000e-02
  5.154421259884973e-01   1.359449551562105e-01  -5.010000000000000e-02
  5.155568656757501e-01   1.359677371822981e-01  -5.009999999999999e-02
  5.156697336149151e-01   1.359898847753442e-01  -5.010000000000000e-02
  5.157807616261790e-01   1.360112743901723e-01  -5.010000000000000e-02
  5.158899239551955e-01   1.360320859229498e-01  -5.010000000000000e-02
  5.159972342187190e-01   1.360523046477605e-01  -5.010000000000000e-02
  5.161027294055007e-01   1.360717910801463e-01  -5.010000000000000e-02
  5.162063829585489e-01   1.360907538719558e-01  -5.010000000000000e-02
  5.163082269227324e-01   1.361090919206874e-01  -5.010000000000000e-02
  5.164082748649405e-01   1.361268043077201e-01  -5.010000000000000e-02
  5.165065121866326e-01   1.361440599633301e-01  -5.010000000000000e-02
  5.166030042825620e-01   1.361605719488827e-01  -5.010000000000000e-02
  5.166977118949134e-01   1.361766613292006e-01  -5.010000000000000e-02
  5.167906857237810e-01   1.361921320324724e-01  -5.010000000000000e-02
  5.168819218714362e-01   1.362071095793356e-01  -5.010000000000000e-02
  5.169714442248158e-01   1.362215630725272e-01  -5.010000000000000e-02
  5.170592716392850e-01   1.362354880592984e-01  -5.010000000000000e-02
  5.171454122969925e-01   1.362489580485494e-01  -5.010000000000001e-02
  5.172298985904629e-01   1.362618880551734e-01  -5.010000000000001e-02
  5.173127338785286e-01   1.362743912185338e-01  -5.010000000000000e-02
  5.173939492674522e-01   1.362863936826784e-01  -5.009999999999999e-02
  5.174735555259973e-01   1.362979676754064e-01  -5.010000000000001e-02
  5.175515729642560e-01   1.363091158525557e-01  -5.010000000000000e-02
  5.176280308888662e-01   1.363197873125218e-01  -5.010000000000000e-02
  5.177029264016230e-01   1.363301554281269e-01  -5.010000000000001e-02
  5.177763190896552e-01   1.363399485324034e-01  -5.010000000000000e-02
  5.178481810345829e-01   1.363495373829969e-01  -5.010000000000000e-02
  5.179185824163516e-01   1.363585583415345e-01  -5.010000000000000e-02
  5.179875071237282e-01   1.363673114473294e-01  -5.010000000000001e-02
  5.180549853567720e-01   1.363757346327693e-01  -5.010000000000001e-02
  5.181210576389054e-01   1.363836871412328e-01  -5.010000000000000e-02
  5.181857100590755e-01   1.363914687540664e-01  -5.010000000000000e-02
  5.182490006968965e-01   1.363987806268694e-01  -5.010000000000000e-02
  5.183109325982107e-01   1.364057950824395e-01  -5.010000000000000e-02
  5.183715120703807e-01   1.364126563608271e-01  -5.010000000000000e-02
  5.184308022876952e-01   1.364189988671823e-01  -5.010000000000001e-02
  5.184887909917075e-01   1.364251445989604e-01  -5.010000000000000e-02
  5.185454945041608e-01   1.364311541241662e-01  -5.010000000000000e-02
  5.186009724976756e-01   1.364366666831839e-01  -5.010000000000000e-02
  5.186552161022348e-01   1.364419919119810e-01  -5.010000000000000e-02
  5.187082410174133e-01   1.364471974990280e-01  -5.010000000000000e-02
  5.187600928711222e-01   1.364520372088020e-01  -5.010000000000000e-02
  5.188107851892985e-01   1.364566041882123e-01  -5.010000000000000e-02
  5.188603242055393e-01   1.364610672641835e-01  -5.010000000000000e-02
  5.189087344791828e-01   1.364653957827944e-01  -5.010000000000000e-02
  5.189560663988151e-01   1.364692558929077e-01  -5.010000000000000e-02
  5.190023089246312e-01   1.364730271585347e-01  -5.010000000000000e-02
  5.190474832317666e-01   1.364767113065935e-01  -5.009999999999999e-02
  5.190916171742520e-01   1.364802206078362e-01  -5.010000000000000e-02
  5.191347469612339e-01   1.364833560370517e-01  -5.010000000000001e-02
  5.191768700260230e-01   1.364864182800450e-01  -5.010000000000000e-02
  5.192180066356923e-01   1.364894088101822e-01  -5.009999999999999e-02
  5.192581768097426e-01   1.364923290828319e-01  -5.010000000000000e-02
  5.192974250760867e-01   1.364948161832254e-01  -5.010000000000000e-02
  5.193357459643370e-01   1.364972390772773e-01  -5.010000000000000e-02
  5.193731583556719e-01   1.364996045302866e-01  -5.009999999999999e-02
  5.194096812417831e-01   1.365019137430308e-01  -5.010000000000000e-02
  5.194453381650124e-01   1.365040852662570e-01  -5.010000000000000e-02
  5.194801577196127e-01   1.365059463584072e-01  -5.010000000000000e-02
  5.195141426393957e-01   1.365077628396390e-01  -5.010000000000000e-02
  5.195473108311730e-01   1.365095356670649e-01  -5.010000000000000e-02
  5.195796799228107e-01   1.365112657828876e-01  -5.010000000000001e-02
  5.196112672620344e-01   1.365129541143367e-01  -5.010000000000000e-02
  5.196421030811501e-01   1.365143288064584e-01  -5.010000000000000e-02
  5.196721928468213e-01   1.365156252592879e-01  -5.010000000000000e-02
  5.197015508508058e-01   1.365168901833073e-01  -5.010000000000000e-02
  5.197301933235223e-01   1.365181242778231e-01  -5.010000000000000e-02
  5.197581362142930e-01   1.365193282300307e-01  -5.010000000000000e-02
  5.197853951920796e-01   1.365205027150455e-01  -5.009999999999999e-02
  5.198119924535514e-01   1.365214675563807e-01  -5.010000000000000e-02
  5.198379401123405e-01   1.365223030468350e-01  -5.010000000000000e-02
  5.198632489326284e-01   1.365231179672843e-01  -5.010000000000000e-02
  5.198879334801774e-01   1.365239127867326e-01  -5.010000000000000e-02
  5.199120080475128e-01   1.365246879653860e-01  -5.010000000000001e-02
  5.199354866559738e-01   1.365254439547185e-01  -5.010000000000001e-02
  5.199583830579354e-01   1.365261811975438e-01  -5.010000000000000e-02
  5.199807123302616e-01   1.365268388408838e-01  -5.010000000000000e-02
  5.200024915596266e-01   1.365272684350196e-01  -5.010000000000000e-02
  5.200237280746958e-01   1.365276873241448e-01  -5.009999999999999e-02
  5.200444345812412e-01   1.365280957588802e-01  -5.009999999999999e-02
  5.200646235291919e-01   1.365284939848001e-01  -5.010000000000000e-02
  5.200843071156180e-01   1.365288822424908e-01  -5.010000000000000e-02
  5.201034972878036e-01   1.365292607676119e-01  -5.010000000000001e-02
  5.201222057464013e-01   1.365296297909583e-01  -5.010000000000000e-02
  5.201404439486589e-01   1.365299895385236e-01  -5.010000000000001e-02
  5.201582231117097e-01   1.365303402315649e-01  -5.010000000000000e-02
  5.201755473913541e-01   1.365309344285300e-01  -5.010000000000000e-02
  5.201924344997413e-01   1.365315148010676e-01  -5.010000000000000e-02
  5.202088781495873e-01   1.365324229031442e-01  -5.010000000000000e-02
  5.202248990109930e-01   1.365334478760348e-01  -5.010000000000000e-02
  5.202405039031126e-01   1.365345767686566e-01  -5.010000000000000e-02
  5.202556868189213e-01   1.365360102307027e-01  -5.010000000000000e-02
  5.202704844168471e-01   1.365374073137970e-01  -5.010000000000000e-02
  5.202848709746734e-01   1.365390867210626e-01  -5.010000000000000e-02
  5.202988766856747e-01   1.365408589920643e-01  -5.010000000000000e-02
  5.203125258508098e-01   1.365425861460493e-01  -5.010000000000000e-02
  5.203257654708011e-01   1.365446989255392e-01  -5.010000000000001e-02
  5.203386649517221e-01   1.365467748227891e-01  -5.009999999999999e-02
  5.203512304789643e-01   1.365488235201194e-01  -5.010000000000000e-02
  5.203634006862055e-01   1.365512335939823e-01  -5.010000000000000e-02
  5.203752596323565e-01   1.365535820286140e-01  -5.009999999999999e-02
  5.203868150182902e-01   1.365558703490232e-01  -5.010000000000000e-02
  5.203979808314035e-01   1.365585282747473e-01  -5.010000000000000e-02
  5.204088582013879e-01   1.365611279170658e-01  -5.010000000000000e-02
  5.204194564581668e-01   1.365636608525883e-01  -5.010000000000000e-02
  5.204297013966360e-01   1.365664387588067e-01  -5.010000000000000e-02
  5.204396497720596e-01   1.365692723969811e-01  -5.010000000000000e-02
  5.204493422979213e-01   1.365720331604342e-01  -5.009999999999999e-02
  5.204587533731275e-01   1.365748258675343e-01  -5.010000000000000e-02
  5.204678182151693e-01   1.365778809003207e-01  -5.010000000000001e-02
  5.204766494461512e-01   1.365808572015149e-01  -5.010000000000000e-02
  5.204852529373577e-01   1.365837567498570e-01  -5.010000000000001e-02
  5.204935474184851e-01   1.365868185110485e-01  -5.010000000000000e-02
  5.205015538984010e-01   1.365900023744068e-01  -5.010000000000000e-02
  5.205093535221903e-01   1.365931039791886e-01  -5.010000000000001e-02
  5.205169515155842e-01   1.365961254034621e-01  -5.010000000000000e-02
  5.205242385340905e-01   1.365993328755875e-01  -5.010000000000000e-02
  5.205312616727067e-01   1.366026311423517e-01  -5.010000000000000e-02
  5.205381029499363e-01   1.366058440018074e-01  -5.010000000000000e-02
  5.205447669813235e-01   1.366089736215460e-01  -5.010000000000000e-02
  5.205511702296433e-01   1.366121938125779e-01  -5.010000000000000e-02
  5.205572716684904e-01   1.366155952157520e-01  -5.010000000000000e-02
  5.205632147915649e-01   1.366189083617484e-01  -5.010000000000000e-02
  5.205690036334678e-01   1.366221354997589e-01  -5.009999999999999e-02
  5.205746421297707e-01   1.366252788237684e-01  -5.010000000000001e-02
  5.205799063734785e-01   1.366287131319471e-01  -5.010000000000000e-02
  5.205850001478870e-01   1.366321131895448e-01  -5.010000000000000e-02
  5.205899614546115e-01   1.366354248259210e-01  -5.010000000000000e-02
  5.205947936849666e-01   1.366386503047536e-01  -5.010000000000000e-02
  5.205995001462221e-01   1.366417918336214e-01  -5.010000000000000e-02
  5.206037873097541e-01   1.366452545381788e-01  -5.010000000000000e-02
  5.206079580010361e-01   1.366486335704675e-01  -5.010000000000000e-02
  5.206120200162342e-01   1.366519245550030e-01  -5.010000000000000e-02
  5.206159761486622e-01   1.366551297548868e-01  -5.010000000000000e-02
  5.206198291218306e-01   1.366582513766667e-01  -5.010000000000000e-02
  5.206233610569743e-01   1.366615359821885e-01  -5.010000000000000e-02
  5.206266807062316e-01   1.366648680115976e-01  -5.010000000000000e-02
  5.206299137058824e-01   1.366681130682529e-01  -5.010000000000000e-02
  5.206330622908315e-01   1.366712733953941e-01  -5.010000000000000e-02
  5.206361286397314e-01   1.366743511797987e-01  -5.010000000000000e-02
  5.206391148763260e-01   1.366773485531307e-01  -5.010000000000000e-02
  5.206417521704707e-01   1.366805062415950e-01  -5.010000000000000e-02
  5.206442151214323e-01   1.366836742357710e-01  -5.010000000000000e-02
  5.206466136694737e-01   1.366867593910762e-01  -5.010000000000000e-02
  5.206489494816681e-01   1.366897638517994e-01  -5.010000000000000e-02
  5.206512241828176e-01   1.366926897078582e-01  -5.010000000000000e-02
  5.206534393564797e-01   1.366955389961182e-01  -5.010000000000000e-02
  5.206555965459698e-01   1.366983137016838e-01  -5.010000000000000e-02
  5.206573214616006e-01   1.367012686705955e-01  -5.010000000000000e-02
  5.206589888636463e-01   1.367041545587514e-01  -5.010000000000000e-02
  5.206606125889194e-01   1.367069648524935e-01  -5.010000000000000e-02
  5.206621937719661e-01   1.367097015154590e-01  -5.010000000000000e-02
  5.206637335183573e-01   1.367123664611359e-01  -5.009999999999999e-02
  5.206652329054027e-01   1.367149615540993e-01  -5.010000000000001e-02
  5.206666929828496e-01   1.367174886112189e-01  -5.010000000000000e-02
  5.206681147735638e-01   1.367199494028398e-01  -5.010000000000000e-02
  5.206691314660740e-01   1.367225226245071e-01  -5.010000000000000e-02
  5.206701134738895e-01   1.367250322000357e-01  -5.010000000000000e-02
  5.206710697163345e-01   1.367274759307284e-01  -5.009999999999999e-02
  5.206720008648814e-01   1.367298555325704e-01  -5.010000000000000e-02
  5.206729075737395e-01   1.367321726774302e-01  -5.010000000000000e-02
  5.206737904802870e-01   1.367344289941624e-01  -5.009999999999999e-02
  5.206746502054913e-01   1.367366260696847e-01  -5.010000000000000e-02
  5.206754873543219e-01   1.367387654500293e-01  -5.010000000000000e-02
  5.206763025161505e-01   1.367408486413692e-01  -5.010000000000000e-02
  5.206770962651446e-01   1.367428771110207e-01  -5.010000000000000e-02
  5.206775682105186e-01   1.367449433386483e-01  -5.010000000000000e-02
  5.206780080012177e-01   1.367469612504839e-01  -5.010000000000000e-02
  5.206784362343370e-01   1.367489261321456e-01  -5.010000000000000e-02
  5.206788532120465e-01   1.367508393700957e-01  -5.010000000000000e-02
  5.206792592286981e-01   1.367527023149197e-01  -5.010000000000000e-02
  5.206796545710218e-01   1.367545162822356e-01  -5.010000000000000e-02
  5.206800395183203e-01   1.367562825535811e-01  -5.010000000000000e-02
  5.206804143426574e-01   1.367580023772784e-01  -5.010000000000000e-02
  5.206807793090419e-01   1.367596769692791e-01  -5.010000000000001e-02
  5.206811346756067e-01   1.367613075139876e-01  -5.010000000000000e-02
  5.206814806937850e-01   1.367628951650648e-01  -5.010000000000000e-02
  5.206818176084800e-01   1.367644410462121e-01  -5.010000000000000e-02
  5.206821456582321e-01   1.367659462519360e-01  -5.010000000000000e-02
  5.206824650753819e-01   1.367674118482940e-01  -5.010000000000000e-02
