888
  4.939194029400000e-01   1.264003717400000e-01  -5.010000000000000e-02
  4.939181844376652e-01   1.264012465268656e-01  -5.010000000000000e-02
  4.939169504637314e-01   1.264021324210974e-01  -5.010000000000001e-02
  4.939157008232085e-01   1.264030295626825e-01  -5.010000000000000e-02
  4.939144353186867e-01   1.264039380933453e-01  -5.010000000000001e-02
  4.939131537503070e-01   1.264048581565688e-01  -5.009999999999999e-02
  4.939118559157315e-01   1.264057898976150e-01  -5.009999999999999e-02
  4.939105416101143e-01   1.264067334635471e-01  -5.010000000000000e-02
  4.939092106260710e-01   1.264076890032504e-01  -5.010000000000000e-02
  4.939078627536482e-01   1.264086566674544e-01  -5.010000000000001e-02
  4.939064977802933e-01   1.264096366087550e-01  -5.010000000000000e-02
  4.939051154908229e-01   1.264106289816365e-01  -5.010000000000000e-02
  4.939037156673919e-01   1.264116339424943e-01  -5.010000000000000e-02
  4.939022980894611e-01   1.264126516496577e-01  -5.010000000000000e-02
  4.939010219755536e-01   1.264138581862700e-01  -5.010000000000000e-02
  4.938998407799369e-01   1.264152026069442e-01  -5.010000000000000e-02
  4.938986446076275e-01   1.264165640738849e-01  -5.010000000000000e-02
  4.938974332704165e-01   1.264179428013089e-01  -5.010000000000000e-02
  4.938962065777728e-01   1.264193390060759e-01  -5.010000000000000e-02
  4.938949643368161e-01   1.264207529077201e-01  -5.010000000000000e-02
  4.938937063522885e-01   1.264221847284811e-01  -5.010000000000000e-02
  4.938924324265263e-01   1.264236346933369e-01  -5.010000000000000e-02
  4.938911423594322e-01   1.264251030300356e-01  -5.010000000000001e-02
  4.938898359484462e-01   1.264265899691283e-01  -5.010000000000000e-02
  4.938885129885162e-01   1.264280957440022e-01  -5.010000000000000e-02
  4.938871732720694e-01   1.264296205909143e-01  -5.010000000000000e-02
  4.938858165889819e-01   1.264311647490244e-01  -5.010000000000000e-02
  4.938846585560586e-01   1.264328882108259e-01  -5.010000000000000e-02
  4.938835505196086e-01   1.264346813518470e-01  -5.010000000000000e-02
  4.938824284559717e-01   1.264364971931360e-01  -5.010000000000000e-02
  4.938812921894318e-01   1.264383360190552e-01  -5.010000000000000e-02
  4.938801415421192e-01   1.264401981174518e-01  -5.010000000000001e-02
  4.938789763339858e-01   1.264420837796990e-01  -5.010000000000000e-02
  4.938777963827791e-01   1.264439933007366e-01  -5.010000000000000e-02
  4.938766015040168e-01   1.264459269791132e-01  -5.010000000000000e-02
  4.938753915109611e-01   1.264478851170278e-01  -5.010000000000000e-02
  4.938741662145920e-01   1.264498680203722e-01  -5.010000000000000e-02
  4.938729254235810e-01   1.264518759987744e-01  -5.010000000000000e-02
  4.938716689442644e-01   1.264539093656414e-01  -5.010000000000000e-02
  4.938704693252309e-01   1.264560074797914e-01  -5.010000000000000e-02
  4.938694438929187e-01   1.264582337371893e-01  -5.010000000000000e-02
  4.938684055010379e-01   1.264604881303648e-01  -5.010000000000000e-02
  4.938673539878062e-01   1.264627710105543e-01  -5.010000000000000e-02
  4.938662891894730e-01   1.264650827332675e-01  -5.009999999999999e-02
  4.938652109402961e-01   1.264674236583370e-01  -5.010000000000000e-02
  4.938641190725203e-01   1.264697941499675e-01  -5.010000000000000e-02
  4.938630134163526e-01   1.264721945767860e-01  -5.010000000000000e-02
  4.938618937999403e-01   1.264746253118927e-01  -5.010000000000000e-02
  4.938607600493464e-01   1.264770867329118e-01  -5.010000000000000e-02
  4.938596119885267e-01   1.264795792220433e-01  -5.010000000000000e-02
  4.938584494393051e-01   1.264821031661148e-01  -5.009999999999999e-02
  4.938573025321638e-01   1.264846712820308e-01  -5.010000000000000e-02
  4.938563501983094e-01   1.264873567996921e-01  -5.010000000000000e-02
  4.938553858523529e-01   1.264900761906768e-01  -5.010000000000001e-02
  4.938544093449434e-01   1.264928298761438e-01  -5.010000000000000e-02
  4.938534205249288e-01   1.264956182823324e-01  -5.010000000000000e-02
  4.938524192393347e-01   1.264984418406200e-01  -5.010000000000000e-02
  4.938514053333442e-01   1.265013009875798e-01  -5.010000000000000e-02
  4.938503786502773e-01   1.265041961650389e-01  -5.010000000000000e-02
  4.938493390315698e-01   1.265071278201377e-01  -5.010000000000000e-02
  4.938482863167525e-01   1.265100964053889e-01  -5.010000000000000e-02
  4.938472203434295e-01   1.265131023787377e-01  -5.010000000000000e-02
  4.938461409472571e-01   1.265161462036227e-01  -5.010000000000000e-02
  4.938451332889743e-01   1.265192553427350e-01  -5.010000000000000e-02
  4.938442436492990e-01   1.265224449650959e-01  -5.010000000000000e-02
  4.938433428139680e-01   1.265256747272060e-01  -5.010000000000000e-02
  4.938424306444369e-01   1.265289451257892e-01  -5.010000000000000e-02
  4.938415070005061e-01   1.265322566635013e-01  -5.010000000000001e-02
  4.938405717403039e-01   1.265356098489954e-01  -5.010000000000000e-02
  4.938396247202670e-01   1.265390051969882e-01  -5.010000000000000e-02
  4.938386657951225e-01   1.265424432283261e-01  -5.010000000000000e-02
  4.938376948178692e-01   1.265459244700525e-01  -5.010000000000000e-02
  4.938367116397584e-01   1.265494494554753e-01  -5.010000000000000e-02
  4.938357161102752e-01   1.265530187242350e-01  -5.009999999999999e-02
  4.938347406814317e-01   1.265566409610056e-01  -5.010000000000000e-02
  4.938339218487087e-01   1.265603508285310e-01  -5.010000000000000e-02
  4.938330927363968e-01   1.265641072695655e-01  -5.010000000000000e-02
  4.938322532179244e-01   1.265679108575634e-01  -5.010000000000000e-02
  4.938314031652250e-01   1.265717621727538e-01  -5.009999999999999e-02
  4.938305424487205e-01   1.265756618022129e-01  -5.010000000000000e-02
  4.938296709373053e-01   1.265796103399378e-01  -5.010000000000000e-02
  4.938287884983301e-01   1.265836083869200e-01  -5.010000000000001e-02
  4.938278949975854e-01   1.265876565512199e-01  -5.010000000000000e-02
  4.938269902992847e-01   1.265917554480419e-01  -5.010000000000000e-02
  4.938260742660481e-01   1.265959056998103e-01  -5.010000000000000e-02
  4.938252336503983e-01   1.266001251296601e-01  -5.010000000000001e-02
  4.938244816108536e-01   1.266044170062136e-01  -5.010000000000000e-02
  4.938237201565733e-01   1.266087626124992e-01  -5.010000000000000e-02
  4.938229491723049e-01   1.266131626062608e-01  -5.009999999999999e-02
  4.938221685414513e-01   1.266176176529150e-01  -5.010000000000000e-02
  4.938213781460573e-01   1.266221284256309e-01  -5.010000000000000e-02
  4.938205778667951e-01   1.266266956054105e-01  -5.010000000000000e-02
  4.938197675829500e-01   1.266313198811695e-01  -5.010000000000000e-02
  4.938189471724067e-01   1.266360019498190e-01  -5.010000000000000e-02
  4.938181165116342e-01   1.266407425163474e-01  -5.010000000000000e-02
  4.938173352501060e-01   1.266455516521678e-01  -5.010000000000001e-02
  4.938166607786073e-01   1.266504390835433e-01  -5.010000000000000e-02
  4.938159778879061e-01   1.266553875230936e-01  -5.009999999999999e-02
  4.938152864755584e-01   1.266603977131590e-01  -5.010000000000000e-02
  4.938145864379412e-01   1.266654704046245e-01  -5.010000000000000e-02
  4.938138776702403e-01   1.266706063570055e-01  -5.010000000000000e-02
  4.938131600664388e-01   1.266758063385341e-01  -5.010000000000001e-02
  4.938124335193049e-01   1.266810711262462e-01  -5.010000000000000e-02
  4.938116979203798e-01   1.266864015060686e-01  -5.010000000000000e-02
  4.938109531599652e-01   1.266917982729074e-01  -5.010000000000000e-02
  4.938103276074368e-01   1.266972779808803e-01  -5.010000000000000e-02
  4.938097321960363e-01   1.267028305383590e-01  -5.010000000000001e-02
  4.938091293767613e-01   1.267084521785751e-01  -5.010000000000000e-02
  4.938085190600936e-01   1.267141437363370e-01  -5.010000000000000e-02
  4.938079011555006e-01   1.267199060559143e-01  -5.010000000000000e-02
  4.938072755714251e-01   1.267257399911293e-01  -5.010000000000000e-02
  4.938066422152762e-01   1.267316464054483e-01  -5.010000000000001e-02
  4.938060009934185e-01   1.267376261720742e-01  -5.010000000000000e-02
  4.938053518111630e-01   1.267436801740383e-01  -5.010000000000000e-02
  4.938048170849073e-01   1.267498208125180e-01  -5.010000000000000e-02
  4.938043152647260e-01   1.267560413391549e-01  -5.010000000000000e-02
  4.938038072219473e-01   1.267623390006578e-01  -5.010000000000001e-02
  4.938032928819043e-01   1.267687147225934e-01  -5.010000000000000e-02
  4.938027721690972e-01   1.267751694408516e-01  -5.010000000000000e-02
  4.938022450071858e-01   1.267817041017402e-01  -5.010000000000001e-02
  4.938017113189817e-01   1.267883196620810e-01  -5.009999999999999e-02
  4.938011710264404e-01   1.267950170893052e-01  -5.010000000000000e-02
  4.938006661257479e-01   1.268018002739207e-01  -5.010000000000000e-02
  4.938002688696740e-01   1.268086752116108e-01  -5.010000000000000e-02
  4.937998667038946e-01   1.268156351169635e-01  -5.010000000000000e-02
  4.937994595699082e-01   1.268226810024066e-01  -5.010000000000000e-02
  4.937990474085716e-01   1.268298138914782e-01  -5.010000000000000e-02
  4.937986301600937e-01   1.268370348189240e-01  -5.010000000000001e-02
  4.937982077640304e-01   1.268443448307955e-01  -5.010000000000001e-02
  4.937977801592785e-01   1.268517449845475e-01  -5.010000000000000e-02
  4.937973918837830e-01   1.268592384678650e-01  -5.010000000000000e-02
  4.937971092111615e-01   1.268668295126275e-01  -5.010000000000000e-02
  4.937968230577650e-01   1.268745140320217e-01  -5.010000000000000e-02
  4.937965333824411e-01   1.268822931311744e-01  -5.010000000000000e-02
  4.937962401435941e-01   1.268901679271195e-01  -5.010000000000000e-02
  4.937959432991813e-01   1.268981395488959e-01  -5.009999999999999e-02
  4.937956428067092e-01   1.269062091376471e-01  -5.010000000000000e-02
  4.937953386232299e-01   1.269143778467191e-01  -5.010000000000000e-02
  4.937951485820699e-01   1.269226501623622e-01  -5.010000000000000e-02
  4.937949885641330e-01   1.269310248942143e-01  -5.010000000000000e-02
  4.937948265837504e-01   1.269395023330307e-01  -5.010000000000000e-02
  4.937946626179216e-01   1.269480836825690e-01  -5.010000000000000e-02
  4.937944966434035e-01   1.269567701592886e-01  -5.010000000000000e-02
  4.937943286367084e-01   1.269655629924490e-01  -5.010000000000000e-02
  4.937941585741018e-01   1.269744634242069e-01  -5.010000000000000e-02
  4.937940979843203e-01   1.269834739013288e-01  -5.010000000000000e-02
  4.937940773850813e-01   1.269925949501040e-01  -5.010000000000000e-02
  4.937940565342002e-01   1.270018274223588e-01  -5.010000000000000e-02
  4.937940354287527e-01   1.270111726130472e-01  -5.010000000000000e-02
  4.937940140657837e-01   1.270206318305085e-01  -5.010000000000001e-02
  4.937939924423082e-01   1.270302063965626e-01  -5.010000000000000e-02
  4.937939870331957e-01   1.270398975552436e-01  -5.010000000000000e-02
  4.937941179577922e-01   1.270497059895967e-01  -5.010000000000000e-02
  4.937942504759668e-01   1.270596338095083e-01  -5.010000000000000e-02
  4.937943846060942e-01   1.270696823915510e-01  -5.010000000000000e-02
  4.937945203667353e-01   1.270798531262485e-01  -5.010000000000000e-02
  4.937946577766386e-01   1.270901474181673e-01  -5.009999999999999e-02
  4.937947968547410e-01   1.271005666860091e-01  -5.010000000000000e-02
  4.937950760372897e-01   1.271111094890544e-01  -5.010000000000001e-02
  4.937953766786533e-01   1.271217797381221e-01  -5.010000000000001e-02
  4.937956809625093e-01   1.271325792651449e-01  -5.010000000000000e-02
  4.937959889304360e-01   1.271435095458087e-01  -5.010000000000000e-02
  4.937963006244227e-01   1.271545720703744e-01  -5.010000000000000e-02
  4.937966226099110e-01   1.271657681143215e-01  -5.010000000000000e-02
  4.937971002966285e-01   1.271770940841500e-01  -5.010000000000000e-02
  4.937975837503433e-01   1.271885567896999e-01  -5.009999999999999e-02
  4.937980730363716e-01   1.272001577796203e-01  -5.010000000000000e-02
  4.937985682206617e-01   1.272118986175467e-01  -5.010000000000000e-02
  4.937990693697972e-01   1.272237808821809e-01  -5.010000000000000e-02
  4.937996675615284e-01   1.272358017115292e-01  -5.010000000000000e-02
  4.938003455541420e-01   1.272479635621295e-01  -5.010000000000001e-02
  4.938010316946452e-01   1.272602715698036e-01  -5.010000000000000e-02
  4.938017260743886e-01   1.272727273732005e-01  -5.009999999999999e-02
  4.938024287855831e-01   1.272853326264017e-01  -5.010000000000000e-02
  4.938031766572865e-01   1.272980868239460e-01  -5.010000000000000e-02
  4.938039853312350e-01   1.273109907304433e-01  -5.010000000000000e-02
  4.938048036839138e-01   1.273240490791966e-01  -5.010000000000000e-02
  4.938056318228498e-01   1.273372635860014e-01  -5.009999999999999e-02
  4.938064698565575e-01   1.273506359824116e-01  -5.010000000000000e-02
  4.938073178945431e-01   1.273641680158003e-01  -5.009999999999999e-02
  4.938081760473075e-01   1.273778614494175e-01  -5.010000000000000e-02
  4.938090444263504e-01   1.273917180624464e-01  -5.010000000000001e-02
  4.938099231441728e-01   1.274057396500565e-01  -5.010000000000000e-02
  4.938108123142813e-01   1.274199280234547e-01  -5.010000000000000e-02
  4.938117120511901e-01   1.274342850099339e-01  -5.010000000000000e-02
  4.938126224704251e-01   1.274488124529186e-01  -5.010000000000000e-02
  4.938135436885252e-01   1.274635122120083e-01  -5.010000000000000e-02
  4.938144758230454e-01   1.274783861630169e-01  -5.010000000000000e-02
  4.938154189925599e-01   1.274934361980111e-01  -5.010000000000000e-02
  4.938163733166627e-01   1.275086642253439e-01  -5.010000000000000e-02
  4.938173389159712e-01   1.275240721696860e-01  -5.010000000000000e-02
  4.938183159121267e-01   1.275396619720536e-01  -5.010000000000000e-02
  4.938193044277964e-01   1.275554355898333e-01  -5.010000000000000e-02
  4.938203024011069e-01   1.275713951316729e-01  -5.010000000000000e-02
  4.938212834592847e-01   1.275875442229048e-01  -5.010000000000000e-02
  4.938222760483316e-01   1.276038831225120e-01  -5.010000000000000e-02
  4.938232802911623e-01   1.276204138537761e-01  -5.010000000000000e-02
  4.938242963116898e-01   1.276371384564201e-01  -5.010000000000000e-02
  4.938253242348267e-01   1.276540589866107e-01  -5.009999999999999e-02
  4.938263641864837e-01   1.276711775169568e-01  -5.009999999999999e-02
  4.938274162935707e-01   1.276884961365032e-01  -5.010000000000000e-02
  4.938284806839951e-01   1.277060169507210e-01  -5.010000000000000e-02
  4.938295574866614e-01   1.277237420814919e-01  -5.010000000000000e-02
  4.938306468314695e-01   1.277416736670896e-01  -5.009999999999999e-02
  4.938317488493144e-01   1.277598138621556e-01  -5.010000000000000e-02
  4.938328636720831e-01   1.277781648376700e-01  -5.010000000000000e-02
  4.938339914326532e-01   1.277967287809182e-01  -5.010000000000001e-02
  4.938351322648907e-01   1.278155078954515e-01  -5.010000000000000e-02
  4.938362863036470e-01   1.278345044010432e-01  -5.010000000000000e-02
  4.938376308884581e-01   1.278537081730655e-01  -5.010000000000000e-02
  4.938391600710613e-01   1.278731218880366e-01  -5.010000000000000e-02
  4.938407068872572e-01   1.278927594700206e-01  -5.010000000000001e-02
  4.938422715167361e-01   1.279126232002725e-01  -5.010000000000000e-02
  4.938438541404404e-01   1.279327153759457e-01  -5.010000000000001e-02
  4.938454549405588e-01   1.279530383100134e-01  -5.010000000000000e-02
  4.938470741005193e-01   1.279735943311837e-01  -5.010000000000000e-02
  4.938487118049824e-01   1.279943857838095e-01  -5.010000000000000e-02
  4.938503682398328e-01   1.280154150277905e-01  -5.010000000000000e-02
  4.938520435921722e-01   1.280366844384695e-01  -5.010000000000001e-02
  4.938537380503095e-01   1.280581964065215e-01  -5.010000000000001e-02
  4.938554518037521e-01   1.280799533378361e-01  -5.010000000000000e-02
  4.938571850431963e-01   1.281019576533925e-01  -5.010000000000000e-02
  4.938593182803191e-01   1.281241772917881e-01  -5.010000000000001e-02
  4.938616240452662e-01   1.281466353541988e-01  -5.010000000000000e-02
  4.938639559077676e-01   1.281693476057889e-01  -5.010000000000000e-02
  4.938663141218912e-01   1.281923165211729e-01  -5.009999999999999e-02
  4.938686989431759e-01   1.282155445892880e-01  -5.010000000000000e-02
  4.938711106286133e-01   1.282390343132231e-01  -5.010000000000000e-02
  4.938735494366296e-01   1.282627882100406e-01  -5.010000000000000e-02
  4.938760156270668e-01   1.282868088105892e-01  -5.010000000000001e-02
  4.938785094611619e-01   1.283110986593084e-01  -5.009999999999999e-02
  4.938810312015263e-01   1.283356603140240e-01  -5.010000000000000e-02
  4.938835811121241e-01   1.283604963457354e-01  -5.010000000000000e-02
  4.938867614052830e-01   1.283855394684874e-01  -5.010000000000000e-02
  4.938900400960367e-01   1.284108540590812e-01  -5.010000000000000e-02
  4.938933552202149e-01   1.284364499501380e-01  -5.010000000000000e-02
  4.938967071162905e-01   1.284623297549876e-01  -5.010000000000000e-02
  4.939000961242817e-01   1.284884960988916e-01  -5.010000000000000e-02
  4.939035225857171e-01   1.285149516187747e-01  -5.010000000000000e-02
  4.939069868436000e-01   1.285416989629450e-01  -5.010000000000000e-02
  4.939104892423704e-01   1.285687407908054e-01  -5.010000000000000e-02
  4.939140301278664e-01   1.285960797725532e-01  -5.010000000000000e-02
  4.939180414183627e-01   1.286236566492323e-01  -5.010000000000000e-02
  4.939224270774388e-01   1.286514879449783e-01  -5.010000000000000e-02
  4.939268606446504e-01   1.286796232646950e-01  -5.010000000000000e-02
  4.939313425453837e-01   1.287080653078751e-01  -5.010000000000000e-02
  4.939358732064593e-01   1.287368167831105e-01  -5.010000000000000e-02
  4.939404530560737e-01   1.287658804077281e-01  -5.009999999999999e-02
  4.939450825237409e-01   1.287952589074148e-01  -5.010000000000000e-02
  4.939497620402314e-01   1.288249550158296e-01  -5.010000000000000e-02
  4.939547988341562e-01   1.288549187640677e-01  -5.010000000000000e-02
  4.939604183306443e-01   1.288851142450786e-01  -5.010000000000000e-02
  4.939660981817570e-01   1.289156340321772e-01  -5.009999999999999e-02
  4.939718388989686e-01   1.289464808736903e-01  -5.010000000000000e-02
  4.939776409948381e-01   1.289776575237732e-01  -5.010000000000000e-02
  4.939835049829241e-01   1.290091667419523e-01  -5.010000000000000e-02
  4.939894313776971e-01   1.290410112926537e-01  -5.010000000000000e-02
  4.939954853324689e-01   1.290731809915490e-01  -5.010000000000000e-02
  4.940024318258940e-01   1.291055254164971e-01  -5.010000000000000e-02
  4.940094517174040e-01   1.291382115993229e-01  -5.010000000000000e-02
  4.940165456005604e-01   1.291712423037811e-01  -5.010000000000000e-02
  4.940237140694266e-01   1.292046202959639e-01  -5.010000000000000e-02
  4.940309577184509e-01   1.292383483437540e-01  -5.010000000000000e-02
  4.940382771423451e-01   1.292724292162641e-01  -5.010000000000000e-02
  4.940461489014415e-01   1.293067566706409e-01  -5.010000000000000e-02
  4.940545651022888e-01   1.293413354208410e-01  -5.010000000000000e-02
  4.940630686544188e-01   1.293762730619750e-01  -5.010000000000000e-02
  4.940716602273944e-01   1.294115723450053e-01  -5.010000000000000e-02
  4.940803404903481e-01   1.294472360191253e-01  -5.009999999999999e-02
  4.940891101118261e-01   1.294832668311198e-01  -5.010000000000000e-02
  4.940985056666185e-01   1.295195294308163e-01  -5.010000000000000e-02
  4.941084415691914e-01   1.295560487839514e-01  -5.010000000000001e-02
  4.941184788907454e-01   1.295929409019723e-01  -5.010000000000000e-02
  4.941286183690329e-01   1.296302084964833e-01  -5.010000000000000e-02
  4.941388607402322e-01   1.296678542733039e-01  -5.010000000000000e-02
  4.941493006182094e-01   1.297058540576681e-01  -5.010000000000000e-02
  4.941607584474521e-01   1.297439758896024e-01  -5.010000000000000e-02
  4.941723314979613e-01   1.297824810791224e-01  -5.010000000000000e-02
  4.941840205677887e-01   1.298213722814602e-01  -5.010000000000000e-02
  4.941958264521409e-01   1.298606521423812e-01  -5.009999999999999e-02
  4.942078207178082e-01   1.299003010251274e-01  -5.010000000000000e-02
  4.942208931450738e-01   1.299400417950500e-01  -5.010000000000000e-02
  4.942340949524650e-01   1.299801758864035e-01  -5.010000000000000e-02
  4.942474269882661e-01   1.300207058780114e-01  -5.009999999999999e-02
  4.942608900963392e-01   1.300616343352522e-01  -5.010000000000000e-02
  4.942749179968201e-01   1.301028153001557e-01  -5.010000000000000e-02
  4.942897008583086e-01   1.301441863534201e-01  -5.009999999999999e-02
  4.943046275606302e-01   1.301859599570817e-01  -5.010000000000000e-02
  4.943196989903784e-01   1.302281385923457e-01  -5.010000000000000e-02
  4.943349971881255e-01   1.302706945806319e-01  -5.010000000000000e-02
  4.943514236348477e-01   1.303132958907342e-01  -5.010000000000000e-02
  4.943680076238023e-01   1.303563057800991e-01  -5.010000000000000e-02
  4.943847500737449e-01   1.303997266314821e-01  -5.010000000000000e-02
  4.944016732003594e-01   1.304435522920251e-01  -5.010000000000000e-02
  4.944198077380460e-01   1.304873735399052e-01  -5.010000000000000e-02
  4.944381135724905e-01   1.305316087182545e-01  -5.010000000000000e-02
  4.944565916429630e-01   1.305762600967740e-01  -5.010000000000001e-02
  4.944754671082242e-01   1.306212339793574e-01  -5.010000000000000e-02
  4.944953720340624e-01   1.306662625366730e-01  -5.010000000000001e-02
  4.945154619855993e-01   1.307117096557228e-01  -5.010000000000000e-02
  4.945357379096570e-01   1.307575774783905e-01  -5.009999999999999e-02
  4.945568645257111e-01   1.308035653744600e-01  -5.010000000000000e-02
  4.945786006940823e-01   1.308497858278176e-01  -5.010000000000000e-02
  4.946005355182962e-01   1.308964287090361e-01  -5.010000000000000e-02
  4.946229038160203e-01   1.309433827418164e-01  -5.010000000000000e-02
  4.946463209285560e-01   1.309903523081400e-01  -5.009999999999999e-02
  4.946699492305988e-01   1.310377454740657e-01  -5.010000000000000e-02
  4.946937896580280e-01   1.310855641167616e-01  -5.010000000000000e-02
  4.947189094918855e-01   1.311332634370565e-01  -5.010000000000001e-02
  4.947442610146987e-01   1.311813827842391e-01  -5.009999999999999e-02
  4.947698369591790e-01   1.312299281028395e-01  -5.010000000000000e-02
  4.947966305072594e-01   1.312783642663035e-01  -5.010000000000001e-02
  4.948237406107581e-01   1.313271808971719e-01  -5.010000000000000e-02
  4.948510872187927e-01   1.313764233971129e-01  -5.010000000000000e-02
  4.948797307929890e-01   1.314254898922598e-01  -5.010000000000000e-02
  4.949086242936832e-01   1.314749786859717e-01  -5.010000000000000e-02
  4.949379755606516e-01   1.315247673783225e-01  -5.010000000000000e-02
  4.949684220615962e-01   1.315744766326059e-01  -5.010000000000000e-02
  4.949991274216046e-01   1.316246085197249e-01  -5.010000000000000e-02
  4.950306320079727e-01   1.316748261512264e-01  -5.010000000000000e-02
  4.950629052699991e-01   1.317251504284446e-01  -5.010000000000000e-02
  4.950954484808899e-01   1.317758956417766e-01  -5.010000000000001e-02
  4.951292357226458e-01   1.318264247084694e-01  -5.010000000000000e-02
  4.951633608612313e-01   1.318773333650839e-01  -5.010000000000000e-02
  4.951982396397493e-01   1.319283367465041e-01  -5.010000000000000e-02
  4.952339461903221e-01   1.319793855308341e-01  -5.010000000000000e-02
  4.952700224833544e-01   1.320307924131185e-01  -5.010000000000000e-02
  4.953073122519217e-01   1.320819562389821e-01  -5.010000000000000e-02
  4.953449014516387e-01   1.321335309025577e-01  -5.010000000000000e-02
  4.953835569577551e-01   1.321849473301995e-01  -5.010000000000001e-02
  4.954227421383489e-01   1.322366056287074e-01  -5.010000000000000e-02
  4.954627627397159e-01   1.322882637913382e-01  -5.010000000000000e-02
  4.955035348959803e-01   1.323399875868946e-01  -5.010000000000000e-02
  4.955449940243795e-01   1.323918167084650e-01  -5.010000000000000e-02
  4.955873572252347e-01   1.324435775143770e-01  -5.010000000000000e-02
  4.956303215791311e-01   1.324955056073537e-01  -5.010000000000000e-02
  4.956742721202896e-01   1.325472806022522e-01  -5.010000000000001e-02
  4.957187952268750e-01   1.325992404103533e-01  -5.010000000000000e-02
  4.957643257156446e-01   1.326510096823949e-01  -5.010000000000000e-02
  4.958104537505285e-01   1.327029348477831e-01  -5.009999999999999e-02
  4.958575651832263e-01   1.327546707474342e-01  -5.009999999999999e-02
  4.959053406688139e-01   1.328064933010514e-01  -5.010000000000000e-02
  4.959540239674595e-01   1.328581766760036e-01  -5.010000000000000e-02
  4.960034754958636e-01   1.329098368980139e-01  -5.010000000000000e-02
  4.960537210235250e-01   1.329614489815842e-01  -5.010000000000000e-02
  4.961048741370795e-01   1.330128862724622e-01  -5.010000000000000e-02
  4.961566769598700e-01   1.330644033561264e-01  -5.010000000000000e-02
  4.962095530781762e-01   1.331155575969350e-01  -5.010000000000000e-02
  4.962630008950921e-01   1.331668574772932e-01  -5.010000000000000e-02
  4.963175225004882e-01   1.332177691913918e-01  -5.010000000000001e-02
  4.963727316341752e-01   1.332686885244538e-01  -5.010000000000000e-02
  4.964287724741084e-01   1.333194574581935e-01  -5.010000000000000e-02
  4.964857445732931e-01   1.333699479063559e-01  -5.010000000000000e-02
  4.965433644881610e-01   1.334204737946987e-01  -5.010000000000000e-02
  4.966020394158706e-01   1.334705564184137e-01  -5.010000000000000e-02
  4.966614346379406e-01   1.335205688105611e-01  -5.010000000000000e-02
  4.967215956123970e-01   1.335704548607787e-01  -5.009999999999999e-02
  4.967827601163887e-01   1.336199083294459e-01  -5.010000000000000e-02
  4.968446124814799e-01   1.336693053977013e-01  -5.010000000000000e-02
  4.969073113746705e-01   1.337184409100096e-01  -5.010000000000000e-02
  4.969709211099126e-01   1.337672127110528e-01  -5.010000000000000e-02
  4.970352383871219e-01   1.338158746668720e-01  -5.010000000000000e-02
  4.971004097873219e-01   1.338642235317734e-01  -5.010000000000000e-02
  4.971664634570805e-01   1.339122007096377e-01  -5.010000000000000e-02
  4.972332357841192e-01   1.339600192366292e-01  -5.010000000000000e-02
  4.973008191952856e-01   1.340075404367768e-01  -5.010000000000000e-02
  4.973692964661021e-01   1.340546254859506e-01  -5.010000000000000e-02
  4.974384923024133e-01   1.341015136276666e-01  -5.010000000000000e-02
  4.975084138623269e-01   1.341481864679982e-01  -5.010000000000000e-02
  4.975792747333561e-01   1.341943026118437e-01  -5.010000000000000e-02
  4.976508504930584e-01   1.342401851238234e-01  -5.010000000000000e-02
  4.977231436159225e-01   1.342858205407175e-01  -5.010000000000000e-02
  4.977962386875384e-01   1.343310598348922e-01  -5.010000000000000e-02
  4.978701390823471e-01   1.343758754061890e-01  -5.010000000000000e-02
  4.979447419851382e-01   1.344204201253564e-01  -5.010000000000000e-02
  4.980200478388880e-01   1.344646812144604e-01  -5.010000000000000e-02
  4.980961542173552e-01   1.345084738540815e-01  -5.010000000000000e-02
  4.981729964888033e-01   1.345518877019626e-01  -5.010000000000000e-02
  4.982505188654784e-01   1.345950055167074e-01  -5.010000000000001e-02
  4.983287190197332e-01   1.346378173969635e-01  -5.010000000000000e-02
  4.984076768493802e-01   1.346801577635977e-01  -5.010000000000000e-02
  4.984873378200608e-01   1.347221050370992e-01  -5.010000000000000e-02
  4.985676503789624e-01   1.347637394492255e-01  -5.010000000000000e-02
  4.986486103593138e-01   1.348050533241396e-01  -5.010000000000000e-02
  4.987302496499307e-01   1.348459656360663e-01  -5.010000000000000e-02
  4.988125850433593e-01   1.348864191908194e-01  -5.010000000000000e-02
  4.988955415028870e-01   1.349265455995343e-01  -5.010000000000000e-02
  4.989791106725745e-01   1.349663449648272e-01  -5.010000000000000e-02
  4.990632829817310e-01   1.350058195426925e-01  -5.010000000000000e-02
  4.991481267415166e-01   1.350448005411212e-01  -5.009999999999999e-02
  4.992335635910498e-01   1.350834341316157e-01  -5.010000000000000e-02
  4.993195744013348e-01   1.351217433022097e-01  -5.010000000000000e-02
  4.994061520407302e-01   1.351597250220183e-01  -5.010000000000000e-02
  4.994933007034435e-01   1.351973493338276e-01  -5.010000000000000e-02
  4.995810541131039e-01   1.352345131073528e-01  -5.010000000000000e-02
  4.996693402985998e-01   1.352713622049633e-01  -5.010000000000000e-02
  4.997581508930433e-01   1.353078963934814e-01  -5.010000000000001e-02
  4.998474770289144e-01   1.353441165020240e-01  -5.010000000000000e-02
  4.999373331939117e-01   1.353799640077428e-01  -5.010000000000000e-02
  5.000277221990348e-01   1.354154058737171e-01  -5.010000000000000e-02
  5.001185930221120e-01   1.354505480769029e-01  -5.010000000000000e-02
  5.002099357553425e-01   1.354853942806362e-01  -5.010000000000000e-02
  5.003017414319325e-01   1.355199455921994e-01  -5.010000000000000e-02
  5.003940364678157e-01   1.355541066905198e-01  -5.010000000000000e-02
  5.004867917163203e-01   1.355879292212980e-01  -5.010000000000000e-02
  5.005799766231862e-01   1.356214724024383e-01  -5.010000000000000e-02
  5.006735830351514e-01   1.356547351111986e-01  -5.010000000000000e-02
  5.007676032846626e-01   1.356877147498457e-01  -5.010000000000000e-02
  5.008620625242990e-01   1.357203121091510e-01  -5.010000000000001e-02
  5.009569175114971e-01   1.357526242675193e-01  -5.010000000000000e-02
  5.010521520244075e-01   1.357846733341083e-01  -5.010000000000000e-02
  5.011477557244981e-01   1.358164644465975e-01  -5.010000000000000e-02
  5.012437286553425e-01   1.358479708301983e-01  -5.010000000000000e-02
  5.013400825727646e-01   1.358791272160203e-01  -5.009999999999999e-02
  5.014367747522049e-01   1.359100367485352e-01  -5.010000000000000e-02
  5.015337950505731e-01   1.359407041051754e-01  -5.010000000000001e-02
  5.016311333371165e-01   1.359711338350125e-01  -5.010000000000000e-02
  5.017288080898581e-01   1.360012369495820e-01  -5.010000000000000e-02
  5.018267889713546e-01   1.360310808228152e-01  -5.010000000000000e-02
  5.019250569529288e-01   1.360606987591551e-01  -5.009999999999999e-02
  5.020236028700418e-01   1.360900921190179e-01  -5.010000000000000e-02
  5.021224332655155e-01   1.361192085087625e-01  -5.009999999999999e-02
  5.022215402193025e-01   1.361480423249916e-01  -5.010000000000001e-02
  5.023208947400928e-01   1.361766616305496e-01  -5.010000000000000e-02
  5.024204879675793e-01   1.362050665540286e-01  -5.010000000000001e-02
  5.025203190495542e-01   1.362332285032928e-01  -5.010000000000000e-02
  5.026203920278788e-01   1.362610992404235e-01  -5.010000000000000e-02
  5.027206730265901e-01   1.362887668318184e-01  -5.010000000000000e-02
  5.028211530620197e-01   1.363162316452441e-01  -5.010000000000000e-02
  5.029218299356941e-01   1.363434686957509e-01  -5.010000000000000e-02
  5.030227102621856e-01   1.363704181543987e-01  -5.010000000000000e-02
  5.031237609833408e-01   1.363971685403252e-01  -5.010000000000000e-02
  5.032249728084325e-01   1.364237211874978e-01  -5.009999999999999e-02
  5.033263463897163e-01   1.364500387610897e-01  -5.010000000000000e-02
  5.034278814429938e-01   1.364760854235745e-01  -5.010000000000000e-02
  5.035295483757127e-01   1.365019401191023e-01  -5.010000000000000e-02
  5.036313379553367e-01   1.365276039075382e-01  -5.010000000000000e-02
  5.037332583275598e-01   1.365530075930609e-01  -5.010000000000000e-02
  5.038352957495896e-01   1.365781678045026e-01  -5.010000000000000e-02
  5.039374275254682e-01   1.366031393447946e-01  -5.010000000000000e-02
  5.040396440473455e-01   1.366279248241007e-01  -5.010000000000000e-02
  5.041419676238752e-01   1.366523927262023e-01  -5.010000000000000e-02
  5.042443581431051e-01   1.366766706734251e-01  -5.010000000000000e-02
  5.043468060286481e-01   1.367007612954996e-01  -5.010000000000000e-02
  5.044493170293019e-01   1.367246010630934e-01  -5.010000000000000e-02
  5.045518837440627e-01   1.367481806494693e-01  -5.010000000000000e-02
  5.046544811499024e-01   1.367715688649868e-01  -5.010000000000000e-02
  5.047571030890221e-01   1.367947535616293e-01  -5.010000000000000e-02
  5.048597653735096e-01   1.368176225265708e-01  -5.010000000000000e-02
  5.049624308174351e-01   1.368403003278566e-01  -5.010000000000001e-02
  5.050650904700250e-01   1.368627876281174e-01  -5.010000000000000e-02
  5.051677606627685e-01   1.368849673719004e-01  -5.010000000000000e-02
  5.052704144985258e-01   1.369069201858486e-01  -5.010000000000000e-02
  5.053730364469435e-01   1.369286774492932e-01  -5.010000000000000e-02
  5.054756366361901e-01   1.369501485754774e-01  -5.010000000000001e-02
  5.055781999960440e-01   1.369713606206991e-01  -5.010000000000000e-02
  5.056807045730765e-01   1.369923770258913e-01  -5.010000000000000e-02
  5.057831575034817e-01   1.370131197332776e-01  -5.010000000000000e-02
  5.058855519946652e-01   1.370335762046938e-01  -5.010000000000000e-02
  5.059878618339386e-01   1.370538336163080e-01  -5.010000000000000e-02
  5.060900937582442e-01   1.370738139487626e-01  -5.010000000000000e-02
  5.061922429092273e-01   1.370934947719409e-01  -5.010000000000000e-02
  5.062942816440692e-01   1.371129745364391e-01  -5.010000000000000e-02
  5.063962188438013e-01   1.371321617098991e-01  -5.009999999999999e-02
  5.064980462716274e-01   1.371510515775323e-01  -5.010000000000000e-02
  5.065997380110465e-01   1.371697382630288e-01  -5.010000000000000e-02
  5.067013084224336e-01   1.371880970970471e-01  -5.010000000000000e-02
  5.068027396649721e-01   1.372061769692471e-01  -5.010000000000000e-02
  5.069040099872131e-01   1.372240543485109e-01  -5.009999999999999e-02
  5.070051418991860e-01   1.372415529022312e-01  -5.010000000000000e-02
  5.071061030996489e-01   1.372588080782796e-01  -5.010000000000001e-02
  5.072068803852224e-01   1.372758519493873e-01  -5.010000000000000e-02
  5.073075007998256e-01   1.372924727412046e-01  -5.010000000000000e-02
  5.074079193671156e-01   1.373088905819963e-01  -5.010000000000000e-02
  5.075081417276295e-01   1.373250245789381e-01  -5.010000000000000e-02
  5.076081726056309e-01   1.373407918431308e-01  -5.010000000000000e-02
  5.077079781197144e-01   1.373563574950977e-01  -5.010000000000000e-02
  5.078075780302291e-01   1.373715443216018e-01  -5.010000000000001e-02
  5.079069479123668e-01   1.373864574356898e-01  -5.010000000000001e-02
  5.080060735402106e-01   1.374011442997720e-01  -5.010000000000000e-02
  5.081049787763305e-01   1.374153877644362e-01  -5.010000000000000e-02
  5.082036199965283e-01   1.374294356497576e-01  -5.010000000000000e-02
  5.083020131281979e-01   1.374431259673002e-01  -5.010000000000001e-02
  5.084001441819601e-01   1.374565011688299e-01  -5.010000000000000e-02
  5.084979923183246e-01   1.374696649968155e-01  -5.010000000000000e-02
  5.085955845398313e-01   1.374823575646590e-01  -5.010000000000000e-02
  5.086928759750171e-01   1.374948653052293e-01  -5.010000000000000e-02
  5.087898854830517e-01   1.375069892899070e-01  -5.010000000000000e-02
  5.088865948112740e-01   1.375188138265711e-01  -5.010000000000001e-02
  5.089829916466087e-01   1.375303891287615e-01  -5.009999999999999e-02
  5.090790913027723e-01   1.375415245915326e-01  -5.010000000000000e-02
  5.091748556055459e-01   1.375524921153740e-01  -5.010000000000000e-02
  5.092703120113832e-01   1.375629921482598e-01  -5.009999999999999e-02
  5.093654252395317e-01   1.375732792134592e-01  -5.010000000000000e-02
  5.094602047370651e-01   1.375832127575927e-01  -5.009999999999999e-02
  5.095546411711778e-01   1.375928136746627e-01  -5.010000000000000e-02
  5.096487198302406e-01   1.376021727544729e-01  -5.010000000000000e-02
  5.097424534563518e-01   1.376110920476956e-01  -5.010000000000000e-02
  5.098358074420289e-01   1.376198748336317e-01  -5.010000000000000e-02
  5.099288128190621e-01   1.376281199325379e-01  -5.010000000000000e-02
  5.100214270751875e-01   1.376362318076047e-01  -5.009999999999999e-02
  5.101136723354014e-01   1.376438957463780e-01  -5.010000000000000e-02
  5.102055230734862e-01   1.376513411256602e-01  -5.009999999999999e-02
  5.102969866205697e-01   1.376584182449554e-01  -5.010000000000000e-02
  5.103880507306107e-01   1.376652043500126e-01  -5.010000000000000e-02
  5.104787109130815e-01   1.376716998691399e-01  -5.010000000000000e-02
  5.105689659722010e-01   1.376778369875451e-01  -5.010000000000001e-02
  5.106588026667780e-01   1.376837467419609e-01  -5.010000000000000e-02
  5.107482273691911e-01   1.376892432782537e-01  -5.010000000000000e-02
  5.108372209089718e-01   1.376945679005017e-01  -5.010000000000000e-02
  5.109257946648220e-01   1.376994362790527e-01  -5.010000000000000e-02
  5.110139261400809e-01   1.377041776269457e-01  -5.010000000000000e-02
  5.111016293203291e-01   1.377084314358427e-01  -5.010000000000000e-02
  5.111888806502858e-01   1.377125915825059e-01  -5.010000000000000e-02
  5.112756946140452e-01   1.377162456049589e-01  -5.010000000000000e-02
  5.113620485308748e-01   1.377198271731620e-01  -5.010000000000000e-02
  5.114479558032614e-01   1.377228930967409e-01  -5.010000000000000e-02
  5.115333960251096e-01   1.377258944748894e-01  -5.010000000000000e-02
  5.116183797198606e-01   1.377283982060903e-01  -5.010000000000000e-02
  5.117028902713179e-01   1.377308330487067e-01  -5.010000000000000e-02
  5.117869350985393e-01   1.377327851624376e-01  -5.010000000000000e-02
  5.118705014663889e-01   1.377346476613110e-01  -5.010000000000000e-02
  5.119535928624307e-01   1.377360747266712e-01  -5.010000000000000e-02
  5.120362008522404e-01   1.377373793139455e-01  -5.010000000000000e-02
  5.121183255441220e-01   1.377383031608998e-01  -5.009999999999999e-02
  5.121999620709372e-01   1.377390546622110e-01  -5.010000000000000e-02
  5.122811079718943e-01   1.377394944020547e-01  -5.010000000000000e-02
  5.123617607795553e-01   1.377396936019817e-01  -5.010000000000000e-02
  5.124419169491591e-01   1.377396727159900e-01  -5.010000000000000e-02
  5.125215745439005e-01   1.377393301125030e-01  -5.010000000000000e-02
  5.126007312405302e-01   1.377388755899683e-01  -5.010000000000000e-02
  5.126793830331964e-01   1.377380019313496e-01  -5.010000000000000e-02
  5.127575316564043e-01   1.377371338619019e-01  -5.010000000000000e-02
  5.128351679806457e-01   1.377357430626712e-01  -5.010000000000000e-02
  5.129122983015997e-01   1.377343538436706e-01  -5.010000000000000e-02
  5.129889133126158e-01   1.377325925826139e-01  -5.010000000000001e-02
  5.130650169935739e-01   1.377306980294051e-01  -5.010000000000001e-02
  5.131406049855223e-01   1.377285895514999e-01  -5.010000000000000e-02
  5.132156740872769e-01   1.377261879909339e-01  -5.010000000000000e-02
  5.132902306958121e-01   1.377237591494246e-01  -5.010000000000000e-02
  5.133642587072873e-01   1.377208708890236e-01  -5.010000000000000e-02
  5.134377744730496e-01   1.377180026142872e-01  -5.010000000000000e-02
  5.135107620585064e-01   1.377147933894487e-01  -5.010000000000000e-02
  5.135832299467347e-01   1.377114540454127e-01  -5.010000000000000e-02
  5.136551771829448e-01   1.377079954908591e-01  -5.010000000000001e-02
  5.137265920680454e-01   1.377041885368796e-01  -5.010000000000000e-02
  5.137974930535491e-01   1.377004089776387e-01  -5.010000000000000e-02
  5.138678570600698e-01   1.376962535023553e-01  -5.009999999999999e-02
  5.139377015762515e-01   1.376920304746651e-01  -5.009999999999999e-02
  5.140070232484599e-01   1.376876981184462e-01  -5.010000000000000e-02
  5.140758085484467e-01   1.376830435034216e-01  -5.010000000000000e-02
  5.141440805412482e-01   1.376784236232507e-01  -5.010000000000000e-02
  5.142118145824981e-01   1.376734890922030e-01  -5.010000000000000e-02
  5.142790260049267e-01   1.376684499495150e-01  -5.010000000000000e-02
  5.143457223238330e-01   1.376634095822805e-01  -5.010000000000000e-02
  5.144118728204613e-01   1.376579707079258e-01  -5.010000000000000e-02
  5.144775126964345e-01   1.376525738166510e-01  -5.010000000000000e-02
  5.145426262915775e-01   1.376470290308449e-01  -5.009999999999999e-02
  5.146072061273226e-01   1.376412408534092e-01  -5.010000000000000e-02
  5.146712778274403e-01   1.376354982192788e-01  -5.010000000000000e-02
  5.147348144507702e-01   1.376295029709476e-01  -5.010000000000000e-02
  5.147978300695739e-01   1.376233959501046e-01  -5.010000000000000e-02
  5.148603406765998e-01   1.376173378713733e-01  -5.010000000000000e-02
  5.149223093757995e-01   1.376109512792411e-01  -5.010000000000001e-02
  5.149837682514666e-01   1.376045438867110e-01  -5.010000000000000e-02
  5.150447258490368e-01   1.375981887549080e-01  -5.010000000000000e-02
  5.151051381759404e-01   1.375914665857548e-01  -5.010000000000001e-02
  5.151650500860401e-01   1.375847807589995e-01  -5.010000000000000e-02
  5.152244650113007e-01   1.375781503037353e-01  -5.010000000000000e-02
  5.152833348903620e-01   1.375711458613883e-01  -5.010000000000000e-02
  5.153417111048483e-01   1.375642001561257e-01  -5.010000000000000e-02
  5.153995951833614e-01   1.375573130060718e-01  -5.010000000000000e-02
  5.154569393066110e-01   1.375500815187877e-01  -5.010000000000000e-02
  5.155137931361983e-01   1.375428970113819e-01  -5.009999999999999e-02
  5.155701601641114e-01   1.375357740201529e-01  -5.010000000000000e-02
  5.156259978953065e-01   1.375283722103642e-01  -5.010000000000001e-02
  5.156813446095228e-01   1.375209720491164e-01  -5.010000000000000e-02
  5.157362103121319e-01   1.375136362017761e-01  -5.010000000000000e-02
  5.157905626718805e-01   1.375061154867506e-01  -5.009999999999999e-02
  5.158444183830830e-01   1.374985172202978e-01  -5.010000000000000e-02
  5.158977992978766e-01   1.374909859407911e-01  -5.010000000000001e-02
  5.159506897981017e-01   1.374833996479629e-01  -5.010000000000000e-02
  5.160030730853347e-01   1.374756279008911e-01  -5.010000000000000e-02
  5.160549881713155e-01   1.374679256176101e-01  -5.010000000000000e-02
  5.161064371688822e-01   1.374602924846528e-01  -5.010000000000000e-02
  5.161573714675347e-01   1.374523943428707e-01  -5.010000000000000e-02
  5.162078394176506e-01   1.374445344869469e-01  -5.010000000000000e-02
  5.162578483376739e-01   1.374367461201640e-01  -5.010000000000000e-02
  5.163073794054236e-01   1.374288966509733e-01  -5.010000000000000e-02
  5.163564219209013e-01   1.374209042509400e-01  -5.010000000000000e-02
  5.164050127615367e-01   1.374129854598149e-01  -5.009999999999999e-02
  5.164531542685621e-01   1.374051398960503e-01  -5.010000000000000e-02
  5.165008080575807e-01   1.373971225463745e-01  -5.010000000000000e-02
  5.165480024383352e-01   1.373890885558655e-01  -5.010000000000000e-02
  5.165947551978981e-01   1.373811297433841e-01  -5.010000000000001e-02
  5.166410687833589e-01   1.373732456923577e-01  -5.010000000000000e-02
  5.166868931839795e-01   1.373651340830173e-01  -5.010000000000000e-02
  5.167322805151806e-01   1.373570799263719e-01  -5.010000000000000e-02
  5.167772366822333e-01   1.373491022814643e-01  -5.010000000000000e-02
  5.168217639308465e-01   1.373411990953361e-01  -5.010000000000000e-02
  5.168658100638196e-01   1.373330674634272e-01  -5.010000000000000e-02
  5.169094332320452e-01   1.373250139176840e-01  -5.010000000000000e-02
  5.169526360265859e-01   1.373170379797542e-01  -5.010000000000000e-02
  5.169954210560487e-01   1.373091391680466e-01  -5.010000000000000e-02
  5.170377408316479e-01   1.373010507081240e-01  -5.010000000000000e-02
  5.170796436618197e-01   1.372930147749525e-01  -5.010000000000000e-02
  5.171211371817382e-01   1.372850573374299e-01  -5.009999999999999e-02
  5.171622240575775e-01   1.372771778842494e-01  -5.010000000000000e-02
  5.172028729041012e-01   1.372692014557807e-01  -5.010000000000000e-02
  5.172431015497658e-01   1.372612050536333e-01  -5.009999999999999e-02
  5.172829321490000e-01   1.372532877727011e-01  -5.010000000000000e-02
  5.173223674114761e-01   1.372454490743722e-01  -5.010000000000001e-02
  5.173614010223325e-01   1.372376437587068e-01  -5.010000000000000e-02
  5.174000009265187e-01   1.372296993371063e-01  -5.010000000000000e-02
  5.174382142073528e-01   1.372218344882140e-01  -5.010000000000000e-02
  5.174760436048400e-01   1.372140486480968e-01  -5.009999999999999e-02
  5.175134918655896e-01   1.372063412514627e-01  -5.010000000000000e-02
  5.175505368662976e-01   1.371985928651414e-01  -5.010000000000000e-02
  5.175871802037733e-01   1.371907973746703e-01  -5.010000000000000e-02
  5.176234511940544e-01   1.371830810972079e-01  -5.010000000000000e-02
  5.176593525991516e-01   1.371754434451650e-01  -5.010000000000000e-02
  5.176948871841595e-01   1.371678838302962e-01  -5.010000000000000e-02
  5.177300299587005e-01   1.371602732598390e-01  -5.010000000000001e-02
  5.177647897963327e-01   1.371526393820634e-01  -5.009999999999999e-02
  5.177991916300518e-01   1.371450841283062e-01  -5.010000000000000e-02
  5.178332382269093e-01   1.371376068908738e-01  -5.010000000000000e-02
  5.178669323538878e-01   1.371302070620877e-01  -5.010000000000000e-02
  5.179002596510673e-01   1.371228072393599e-01  -5.010000000000000e-02
  5.179332095420681e-01   1.371153469914902e-01  -5.010000000000001e-02
  5.179658157543486e-01   1.371079645565771e-01  -5.010000000000000e-02
  5.179980810449019e-01   1.371006593104046e-01  -5.010000000000000e-02
  5.180300081678568e-01   1.370934306294052e-01  -5.010000000000000e-02
  5.180615998739598e-01   1.370862778907770e-01  -5.010000000000000e-02
  5.180928201569964e-01   1.370790318061131e-01  -5.010000000000000e-02
  5.181237040456630e-01   1.370718322750379e-01  -5.010000000000000e-02
  5.181542612227961e-01   1.370647089056747e-01  -5.010000000000000e-02
  5.181844944166888e-01   1.370576610620147e-01  -5.009999999999999e-02
  5.182144063498596e-01   1.370506881093950e-01  -5.010000000000001e-02
  5.182439997386118e-01   1.370437894146016e-01  -5.010000000000000e-02
  5.182732343406739e-01   1.370367826770814e-01  -5.010000000000000e-02
  5.183021557807903e-01   1.370298488097398e-01  -5.009999999999999e-02
  5.183307672445447e-01   1.370229892587171e-01  -5.010000000000000e-02
  5.183590714152189e-01   1.370162033807014e-01  -5.010000000000001e-02
  5.183870709678642e-01   1.370094905343532e-01  -5.010000000000000e-02
  5.184147685689338e-01   1.370028500803949e-01  -5.010000000000000e-02
  5.184421373963868e-01   1.369961600620319e-01  -5.010000000000000e-02
  5.184691987351389e-01   1.369894965416799e-01  -5.010000000000000e-02
  5.184959665039797e-01   1.369829053092918e-01  -5.010000000000000e-02
  5.185224433275816e-01   1.369763857185745e-01  -5.010000000000000e-02
  5.185486318203521e-01   1.369699371257623e-01  -5.010000000000000e-02
  5.185745345861289e-01   1.369635588896925e-01  -5.010000000000000e-02
  5.186001542178873e-01   1.369572503718769e-01  -5.010000000000000e-02
  5.186254554076357e-01   1.369508590472010e-01  -5.010000000000000e-02
  5.186504786144859e-01   1.369445361676168e-01  -5.009999999999999e-02
  5.186752268147090e-01   1.369382827768795e-01  -5.010000000000000e-02
  5.186997025512452e-01   1.369320982324373e-01  -5.010000000000000e-02
  5.187239083548730e-01   1.369259818948114e-01  -5.010000000000000e-02
  5.187478467439737e-01   1.369199331276559e-01  -5.010000000000000e-02
  5.187715202243057e-01   1.369139512978139e-01  -5.010000000000000e-02
  5.187949065546295e-01   1.369079390923280e-01  -5.010000000000001e-02
  5.188180226995406e-01   1.369019525037329e-01  -5.009999999999999e-02
  5.188408817641638e-01   1.368960324934503e-01  -5.009999999999999e-02
  5.188634861979827e-01   1.368901784271162e-01  -5.010000000000000e-02
  5.188858384368825e-01   1.368843896738881e-01  -5.010000000000000e-02
  5.189079409029767e-01   1.368786656064906e-01  -5.010000000000000e-02
  5.189297960044406e-01   1.368730056012574e-01  -5.010000000000000e-02
  5.189514061353535e-01   1.368674090381730e-01  -5.010000000000000e-02
  5.189727494262366e-01   1.368617827698737e-01  -5.009999999999999e-02
  5.189938447424500e-01   1.368561891444886e-01  -5.009999999999999e-02
  5.190147025445853e-01   1.368506584982389e-01  -5.010000000000000e-02
  5.190353251653701e-01   1.368451902125795e-01  -5.010000000000000e-02
  5.190557149227808e-01   1.368397836728768e-01  -5.010000000000000e-02
  5.190758741199274e-01   1.368344382684390e-01  -5.010000000000000e-02
  5.190958050449466e-01   1.368291533925448e-01  -5.010000000000000e-02
  5.191155099709005e-01   1.368239284424700e-01  -5.010000000000000e-02
  5.191349911556831e-01   1.368187628195123e-01  -5.010000000000000e-02
  5.191542213113011e-01   1.368135458345993e-01  -5.009999999999999e-02
  5.191732324684131e-01   1.368083880083342e-01  -5.010000000000000e-02
  5.191920268997105e-01   1.368032889809150e-01  -5.009999999999999e-02
  5.192106067982170e-01   1.367982481573630e-01  -5.010000000000000e-02
  5.192289743414318e-01   1.367932649469114e-01  -5.010000000000000e-02
  5.192471316912695e-01   1.367883387630212e-01  -5.009999999999999e-02
  5.192650809940083e-01   1.367834690233961e-01  -5.010000000000000e-02
  5.192828243802412e-01   1.367786551499950e-01  -5.010000000000000e-02
  5.193003639648341e-01   1.367738965690439e-01  -5.010000000000000e-02
  5.193176953503554e-01   1.367691690236072e-01  -5.010000000000000e-02
  5.193348077738405e-01   1.367644251088423e-01  -5.010000000000000e-02
  5.193517229434136e-01   1.367597358769074e-01  -5.010000000000000e-02
  5.193684429076093e-01   1.367551007599067e-01  -5.010000000000000e-02
  5.193849696991185e-01   1.367505191943368e-01  -5.010000000000000e-02
  5.194013053347736e-01   1.367459906210902e-01  -5.010000000000000e-02
  5.194174518155392e-01   1.367415144854585e-01  -5.010000000000000e-02
  5.194334111265065e-01   1.367370902371338e-01  -5.010000000000000e-02
  5.194491852368910e-01   1.367327173302091e-01  -5.010000000000000e-02
  5.194647761000348e-01   1.367283952231778e-01  -5.010000000000000e-02
  5.194801856534138e-01   1.367241233789320e-01  -5.010000000000000e-02
  5.194954103301404e-01   1.367198816753447e-01  -5.010000000000000e-02
  5.195104398897031e-01   1.367156262319248e-01  -5.010000000000000e-02
  5.195252941265797e-01   1.367114204290661e-01  -5.010000000000000e-02
  5.195399749120331e-01   1.367072637369424e-01  -5.009999999999999e-02
  5.195544841015682e-01   1.367031556301893e-01  -5.009999999999999e-02
  5.195688235349585e-01   1.366990955878966e-01  -5.010000000000000e-02
  5.195829950362760e-01   1.366950830935996e-01  -5.010000000000000e-02
  5.195970004139252e-01   1.366911176352699e-01  -5.010000000000000e-02
  5.196108414606775e-01   1.366871987053052e-01  -5.010000000000000e-02
  5.196245199537115e-01   1.366833258005182e-01  -5.010000000000000e-02
  5.196380376546534e-01   1.366794984221253e-01  -5.009999999999999e-02
  5.196513963096219e-01   1.366757160757334e-01  -5.010000000000000e-02
  5.196645976492742e-01   1.366719782713272e-01  -5.010000000000000e-02
  5.196776325909112e-01   1.366682467633141e-01  -5.010000000000000e-02
  5.196905051776480e-01   1.366645292645648e-01  -5.009999999999999e-02
  5.197032257760965e-01   1.366608556588017e-01  -5.009999999999999e-02
  5.197157960530917e-01   1.366572254646563e-01  -5.010000000000001e-02
  5.197282176602991e-01   1.366536382051410e-01  -5.009999999999999e-02
  5.197404922342749e-01   1.366500934076317e-01  -5.010000000000000e-02
  5.197526213965276e-01   1.366465906038498e-01  -5.010000000000000e-02
  5.197646067535829e-01   1.366431293298437e-01  -5.010000000000000e-02
  5.197764498970490e-01   1.366397091259700e-01  -5.010000000000000e-02
  5.197881524036843e-01   1.366363295368734e-01  -5.010000000000000e-02
  5.197997158354668e-01   1.366329901114675e-01  -5.010000000000000e-02
  5.198111417396651e-01   1.366296904029135e-01  -5.010000000000000e-02
  5.198224316489111e-01   1.366264299685999e-01  -5.010000000000000e-02
  5.198335870812734e-01   1.366232083701207e-01  -5.010000000000000e-02
  5.198446095403331e-01   1.366200251732539e-01  -5.010000000000000e-02
  5.198554890179756e-01   1.366168405926342e-01  -5.010000000000000e-02
  5.198662305840901e-01   1.366136665082328e-01  -5.010000000000000e-02
  5.198768438332381e-01   1.366105303409170e-01  -5.010000000000001e-02
  5.198873302092232e-01   1.366074316640493e-01  -5.010000000000000e-02
  5.198976911417836e-01   1.366043700551486e-01  -5.010000000000000e-02
  5.199079280466739e-01   1.366013450958657e-01  -5.009999999999999e-02
  5.199180423257487e-01   1.365983563719589e-01  -5.010000000000000e-02
  5.199280353670477e-01   1.365954034732688e-01  -5.010000000000000e-02
  5.199379085448803e-01   1.365924859936930e-01  -5.010000000000000e-02
  5.199476632199128e-01   1.365896035311608e-01  -5.010000000000000e-02
  5.199573007392543e-01   1.365867556876077e-01  -5.010000000000000e-02
  5.199668224365455e-01   1.365839420689487e-01  -5.010000000000000e-02
  5.199762296320468e-01   1.365811622850528e-01  -5.010000000000001e-02
  5.199855236327279e-01   1.365784159497164e-01  -5.010000000000000e-02
  5.199947057323571e-01   1.365757026806368e-01  -5.010000000000000e-02
  5.200037772115920e-01   1.365730220993854e-01  -5.010000000000000e-02
  5.200127393380707e-01   1.365703738313809e-01  -5.010000000000000e-02
  5.200215933665027e-01   1.365677575058622e-01  -5.010000000000000e-02
  5.200303246817140e-01   1.365651204886847e-01  -5.010000000000000e-02
  5.200389283483795e-01   1.365624420976921e-01  -5.010000000000000e-02
  5.200474280621424e-01   1.365597960680786e-01  -5.010000000000000e-02
  5.200558250216452e-01   1.365571820266970e-01  -5.010000000000000e-02
  5.200641187919728e-01   1.365545946566928e-01  -5.010000000000000e-02
  5.200722344614087e-01   1.365518013872287e-01  -5.010000000000000e-02
  5.200802518589974e-01   1.365490419411913e-01  -5.010000000000000e-02
  5.200881721231729e-01   1.365463159267517e-01  -5.009999999999999e-02
  5.200959963804497e-01   1.365436229561837e-01  -5.010000000000000e-02
  5.201036939766249e-01   1.365408747175909e-01  -5.010000000000000e-02
  5.201112459871488e-01   1.365380154002970e-01  -5.010000000000000e-02
  5.201187063142365e-01   1.365351907958829e-01  -5.010000000000000e-02
  5.201260760258393e-01   1.365324005000046e-01  -5.010000000000000e-02
  5.201333561785805e-01   1.365296441126069e-01  -5.010000000000000e-02
  5.201405047982847e-01   1.365268128436413e-01  -5.010000000000000e-02
  5.201475199834378e-01   1.365238989044408e-01  -5.010000000000000e-02
  5.201544497953601e-01   1.365210204272272e-01  -5.010000000000000e-02
  5.201612952336098e-01   1.365181769968081e-01  -5.009999999999999e-02
  5.201680572870139e-01   1.365153682024485e-01  -5.010000000000000e-02
  5.201747064363990e-01   1.365125235439273e-01  -5.010000000000000e-02
  5.201812094556124e-01   1.365095640296793e-01  -5.010000000000000e-02
  5.201876331540538e-01   1.365066406141951e-01  -5.010000000000000e-02
  5.201939784648778e-01   1.365037528727975e-01  -5.010000000000000e-02
  5.202002463111097e-01   1.365009003854191e-01  -5.010000000000000e-02
  5.202064376057345e-01   1.364980827365617e-01  -5.010000000000000e-02
  5.202124602707101e-01   1.364951046704825e-01  -5.010000000000000e-02
  5.202183973432163e-01   1.364921379160639e-01  -5.009999999999999e-02
  5.202242618132686e-01   1.364892074410828e-01  -5.010000000000000e-02
  5.202300545395580e-01   1.364863128164514e-01  -5.010000000000000e-02
  5.202357763713393e-01   1.364834536177971e-01  -5.010000000000000e-02
  5.202414086390154e-01   1.364805922130888e-01  -5.010000000000000e-02
  5.202468783535692e-01   1.364775873840029e-01  -5.010000000000000e-02
  5.202522810482252e-01   1.364746193728051e-01  -5.010000000000000e-02
  5.202576175189305e-01   1.364716877422359e-01  -5.010000000000000e-02
  5.202628885528040e-01   1.364687920598855e-01  -5.009999999999999e-02
  5.202680949282187e-01   1.364659318981487e-01  -5.010000000000000e-02
  5.202732162213926e-01   1.364630701455752e-01  -5.010000000000000e-02
  5.202781710547219e-01   1.364600641915376e-01  -5.010000000000000e-02
  5.202830650422413e-01   1.364570951508926e-01  -5.009999999999999e-02
  5.202878989099111e-01   1.364541625832210e-01  -5.010000000000000e-02
  5.202926733755562e-01   1.364512660530394e-01  -5.010000000000000e-02
  5.202973891489439e-01   1.364484051297523e-01  -5.010000000000000e-02
  5.203020469318617e-01   1.364455793876057e-01  -5.010000000000000e-02
  5.203065273182222e-01   1.364426006867919e-01  -5.010000000000000e-02
  5.203109345755942e-01   1.364396305112334e-01  -5.010000000000000e-02
  5.203152875824351e-01   1.364366968966443e-01  -5.010000000000000e-02
  5.203195869892167e-01   1.364337994046530e-01  -5.010000000000000e-02
  5.203238334390414e-01   1.364309376018548e-01  -5.010000000000000e-02
  5.203280275677145e-01   1.364281110597624e-01  -5.010000000000000e-02
  5.203321302500990e-01   1.364252636535414e-01  -5.010000000000000e-02
  5.203360677483148e-01   1.364222907752974e-01  -5.010000000000000e-02
  5.203399566872966e-01   1.364193545601025e-01  -5.010000000000000e-02
  5.203437976515400e-01   1.364164545666525e-01  -5.010000000000000e-02
  5.203475912188615e-01   1.364135903586861e-01  -5.009999999999999e-02
  5.203513379604663e-01   1.364107615049338e-01  -5.010000000000000e-02
  5.203550384410147e-01   1.364079675790673e-01  -5.010000000000000e-02
  5.203586375988012e-01   1.364051389534534e-01  -5.010000000000000e-02
  5.203620756704872e-01   1.364022001631748e-01  -5.010000000000001e-02
  5.203654712564698e-01   1.363992976887684e-01  -5.010000000000001e-02
  5.203688248702676e-01   1.363964310912896e-01  -5.010000000000000e-02
  5.203721370194782e-01   1.363935999368548e-01  -5.010000000000000e-02
  5.203754082058388e-01   1.363908037965895e-01  -5.010000000000000e-02
  5.203786389252877e-01   1.363880422465766e-01  -5.010000000000000e-02
  5.203818212165736e-01   1.363853056496230e-01  -5.010000000000000e-02
  5.203847776816200e-01   1.363823995711298e-01  -5.010000000000001e-02
  5.203876975448669e-01   1.363795294706375e-01  -5.010000000000000e-02
  5.203905812503944e-01   1.363766949116343e-01  -5.010000000000000e-02
  5.203934292371202e-01   1.363738954626833e-01  -5.010000000000000e-02
  5.203962419388535e-01   1.363711306973683e-01  -5.009999999999999e-02
  5.203990197843492e-01   1.363684001942416e-01  -5.010000000000000e-02
  5.204017631973618e-01   1.363657035367709e-01  -5.010000000000000e-02
  5.204043846926554e-01   1.363629577976264e-01  -5.010000000000000e-02
  5.204068405958808e-01   1.363601211842321e-01  -5.010000000000000e-02
  5.204092660360107e-01   1.363573197562734e-01  -5.010000000000000e-02
  5.204116613840993e-01   1.363545530851757e-01  -5.010000000000000e-02
  5.204140270068509e-01   1.363518207473890e-01  -5.010000000000000e-02
  5.204163632666666e-01   1.363491223243334e-01  -5.009999999999999e-02
  5.204186705216902e-01   1.363464574023461e-01  -5.010000000000000e-02
  5.204209491258548e-01   1.363438255726280e-01  -5.010000000000000e-02
  5.204231144562165e-01   1.363411594729103e-01  -5.010000000000000e-02
  5.204250904351155e-01   1.363383984825921e-01  -5.009999999999999e-02
  5.204270418614071e-01   1.363356717990735e-01  -5.010000000000000e-02
  5.204289690352120e-01   1.363329790030021e-01  -5.010000000000000e-02
  5.204308722531064e-01   1.363303196799789e-01  -5.010000000000000e-02
  5.204327518081600e-01   1.363276934205043e-01  -5.010000000000000e-02
  5.204346079899747e-01   1.363250998199240e-01  -5.010000000000000e-02
  5.204364410847228e-01   1.363225384783763e-01  -5.010000000000000e-02
  5.204382513751845e-01   1.363200090007386e-01  -5.010000000000000e-02
  5.204398154236026e-01   1.363173683088043e-01  -5.010000000000000e-02
  5.204413078272985e-01   1.363147271995859e-01  -5.010000000000000e-02
  5.204427816545914e-01   1.363121189650575e-01  -5.010000000000000e-02
  5.204442371333617e-01   1.363095432019389e-01  -5.010000000000000e-02
  5.204456744887779e-01   1.363069995117496e-01  -5.010000000000000e-02
  5.204470939433261e-01   1.363044875007549e-01  -5.010000000000000e-02
  5.204484957168408e-01   1.363020067799136e-01  -5.010000000000000e-02
  5.204498800265344e-01   1.362995569648247e-01  -5.010000000000000e-02
  5.204512470870257e-01   1.362971376756766e-01  -5.010000000000000e-02
  5.204523879540470e-01   1.362946467162317e-01  -5.010000000000000e-02
  5.204534226535555e-01   1.362921420444430e-01  -5.010000000000000e-02
  5.204544444537275e-01   1.362896685977630e-01  -5.010000000000001e-02
  5.204554535133033e-01   1.362872259919322e-01  -5.010000000000000e-02
  5.204564499891218e-01   1.362848138472945e-01  -5.010000000000000e-02
  5.204574340361419e-01   1.362824317887456e-01  -5.010000000000000e-02
  5.204584058074628e-01   1.362800794456811e-01  -5.009999999999999e-02
  5.204593654543464e-01   1.362777564519457e-01  -5.010000000000000e-02
  5.204603131262369e-01   1.362754624457828e-01  -5.010000000000000e-02
  5.204612489707826e-01   1.362731970697842e-01  -5.010000000000000e-02
  5.204619206799233e-01   1.362708754581899e-01  -5.010000000000000e-02
  5.204625220413014e-01   1.362685620871471e-01  -5.010000000000000e-02
  5.204631158941268e-01   1.362662776006799e-01  -5.010000000000001e-02
  5.204637023310885e-01   1.362640216422239e-01  -5.010000000000000e-02
  5.204642814437581e-01   1.362617938595139e-01  -5.010000000000000e-02
  5.204648533226022e-01   1.362595939045352e-01  -5.010000000000000e-02
  5.204654180569948e-01   1.362574214334745e-01  -5.010000000000000e-02
  5.204659757352308e-01   1.362552761066720e-01  -5.010000000000000e-02
  5.204665264445376e-01   1.362531575885729e-01  -5.010000000000000e-02
  5.204670702710879e-01   1.362510655476808e-01  -5.010000000000000e-02
  5.204676073000114e-01   1.362489996565106e-01  -5.010000000000000e-02
  5.204678814375684e-01   1.362469132634089e-01  -5.010000000000000e-02
  5.204680964865186e-01   1.362448428901831e-01  -5.010000000000000e-02
  5.204683088464075e-01   1.362427984057623e-01  -5.010000000000000e-02
  5.204685185505296e-01   1.362407794896065e-01  -5.010000000000001e-02
  5.204687256317753e-01   1.362387858250648e-01  -5.010000000000000e-02
  5.204689301226356e-01   1.362368170993302e-01  -5.010000000000000e-02
  5.204691320552073e-01   1.362348730033953e-01  -5.010000000000000e-02
  5.204693314611968e-01   1.362329532320074e-01  -5.010000000000000e-02
  5.204695283719248e-01   1.362310574836251e-01  -5.010000000000000e-02
  5.204697228183316e-01   1.362291854603751e-01  -5.010000000000000e-02
  5.204699148309807e-01   1.362273368680089e-01  -5.010000000000000e-02
  5.204701044400633e-01   1.362255114158610e-01  -5.010000000000000e-02
  5.204702322340639e-01   1.362237073826787e-01  -5.010000000000000e-02
  5.204701334009011e-01   1.362219205077418e-01  -5.010000000000000e-02
  5.204700358053143e-01   1.362201560078213e-01  -5.010000000000001e-02
  5.204699394319374e-01   1.362184136051030e-01  -5.010000000000000e-02
  5.204698442655921e-01   1.362166930251628e-01  -5.010000000000000e-02
  5.204697502912850e-01   1.362149939969272e-01  -5.010000000000000e-02
  5.204696574942057e-01   1.362133162526338e-01  -5.010000000000000e-02
  5.204695658597254e-01   1.362116595277918e-01  -5.010000000000000e-02
  5.204694753733938e-01   1.362100235611442e-01  -5.010000000000000e-02
  5.204693860209373e-01   1.362084080946289e-01  -5.009999999999999e-02
  5.204692977882568e-01   1.362068128733413e-01  -5.010000000000000e-02
  5.204692106614262e-01   1.362052376454967e-01  -5.010000000000000e-02
  5.204691246266894e-01   1.362036821623936e-01  -5.010000000000000e-02
  5.204690396704592e-01   1.362021461783770e-01  -5.010000000000000e-02
  5.204689557793147e-01   1.362006294508025e-01  -5.010000000000000e-02
  5.204688729399999e-01   1.361991317400000e-01  -5.010000000000000e-02
