888
  4.933470195400000e-01   1.264588247700000e-01  -5.010000000000000e-02
  4.933458010376652e-01   1.264596995568656e-01  -5.010000000000000e-02
  4.933445670637313e-01   1.264605854510974e-01  -5.010000000000000e-02
  4.933433174232084e-01   1.264614825926825e-01  -5.010000000000000e-02
  4.933420519186866e-01   1.264623911233453e-01  -5.010000000000000e-02
  4.933407703503069e-01   1.264633111865688e-01  -5.010000000000000e-02
  4.933394725157315e-01   1.264642429276150e-01  -5.010000000000000e-02
  4.933381582101143e-01   1.264651864935471e-01  -5.010000000000000e-02
  4.933368272260709e-01   1.264661420332504e-01  -5.010000000000000e-02
  4.933354793536481e-01   1.264671096974544e-01  -5.010000000000000e-02
  4.933341143802932e-01   1.264680896387550e-01  -5.010000000000001e-02
  4.933327320908229e-01   1.264690820116365e-01  -5.010000000000000e-02
  4.933313322673918e-01   1.264700869724943e-01  -5.010000000000000e-02
  4.933299146894610e-01   1.264711046796577e-01  -5.010000000000001e-02
  4.933286385755535e-01   1.264723112162700e-01  -5.010000000000000e-02
  4.933274573799368e-01   1.264736556369442e-01  -5.010000000000000e-02
  4.933262612076275e-01   1.264750171038849e-01  -5.010000000000000e-02
  4.933250498704165e-01   1.264763958313089e-01  -5.010000000000000e-02
  4.933238231777728e-01   1.264777920360760e-01  -5.009999999999999e-02
  4.933225809368161e-01   1.264792059377201e-01  -5.010000000000000e-02
  4.933213229522884e-01   1.264806377584811e-01  -5.010000000000000e-02
  4.933200490265262e-01   1.264820877233369e-01  -5.010000000000000e-02
  4.933187589594322e-01   1.264835560600356e-01  -5.010000000000001e-02
  4.933174525484461e-01   1.264850429991283e-01  -5.010000000000000e-02
  4.933161295885162e-01   1.264865487740022e-01  -5.010000000000000e-02
  4.933147898720694e-01   1.264880736209143e-01  -5.010000000000001e-02
  4.933134331889818e-01   1.264896177790244e-01  -5.010000000000000e-02
  4.933122751560586e-01   1.264913412408259e-01  -5.010000000000001e-02
  4.933111671196087e-01   1.264931343818470e-01  -5.010000000000000e-02
  4.933100450559717e-01   1.264949502231360e-01  -5.010000000000001e-02
  4.933089087894318e-01   1.264967890490552e-01  -5.010000000000000e-02
  4.933077581421193e-01   1.264986511474519e-01  -5.010000000000000e-02
  4.933065929339857e-01   1.265005368096990e-01  -5.010000000000000e-02
  4.933054129827790e-01   1.265024463307367e-01  -5.010000000000000e-02
  4.933042181040168e-01   1.265043800091132e-01  -5.010000000000000e-02
  4.933030081109611e-01   1.265063381470278e-01  -5.010000000000001e-02
  4.933017828145919e-01   1.265083210503722e-01  -5.010000000000000e-02
  4.933005420235810e-01   1.265103290287744e-01  -5.010000000000000e-02
  4.932992855442644e-01   1.265123623956414e-01  -5.010000000000000e-02
  4.932980859252309e-01   1.265144605097914e-01  -5.010000000000000e-02
  4.932970604929187e-01   1.265166867671894e-01  -5.010000000000000e-02
  4.932960221010379e-01   1.265189411603649e-01  -5.010000000000000e-02
  4.932949705878063e-01   1.265212240405543e-01  -5.010000000000000e-02
  4.932939057894729e-01   1.265235357632675e-01  -5.009999999999999e-02
  4.932928275402961e-01   1.265258766883370e-01  -5.010000000000000e-02
  4.932917356725202e-01   1.265282471799674e-01  -5.010000000000000e-02
  4.932906300163526e-01   1.265306476067860e-01  -5.010000000000000e-02
  4.932895103999402e-01   1.265330783418927e-01  -5.009999999999999e-02
  4.932883766493464e-01   1.265355397629119e-01  -5.010000000000000e-02
  4.932872285885268e-01   1.265380322520433e-01  -5.010000000000001e-02
  4.932860660393051e-01   1.265405561961148e-01  -5.010000000000000e-02
  4.932849191321638e-01   1.265431243120308e-01  -5.010000000000000e-02
  4.932839667983094e-01   1.265458098296921e-01  -5.010000000000000e-02
  4.932830024523529e-01   1.265485292206768e-01  -5.009999999999999e-02
  4.932820259449434e-01   1.265512829061438e-01  -5.010000000000000e-02
  4.932810371249288e-01   1.265540713123324e-01  -5.010000000000001e-02
  4.932800358393347e-01   1.265568948706200e-01  -5.010000000000000e-02
  4.932790219333442e-01   1.265597540175798e-01  -5.010000000000000e-02
  4.932779952502773e-01   1.265626491950390e-01  -5.010000000000000e-02
  4.932769556315698e-01   1.265655808501377e-01  -5.010000000000000e-02
  4.932759029167526e-01   1.265685494353889e-01  -5.010000000000000e-02
  4.932748369434295e-01   1.265715554087377e-01  -5.009999999999999e-02
  4.932737575472571e-01   1.265745992336227e-01  -5.010000000000000e-02
  4.932727498889742e-01   1.265777083727350e-01  -5.010000000000000e-02
  4.932718602492990e-01   1.265808979950958e-01  -5.010000000000000e-02
  4.932709594139680e-01   1.265841277572060e-01  -5.010000000000000e-02
  4.932700472444368e-01   1.265873981557892e-01  -5.010000000000000e-02
  4.932691236005061e-01   1.265907096935013e-01  -5.009999999999999e-02
  4.932681883403038e-01   1.265940628789954e-01  -5.010000000000000e-02
  4.932672413202670e-01   1.265974582269882e-01  -5.010000000000000e-02
  4.932662823951225e-01   1.266008962583261e-01  -5.010000000000001e-02
  4.932653114178692e-01   1.266043775000525e-01  -5.010000000000000e-02
  4.932643282397584e-01   1.266079024854752e-01  -5.010000000000000e-02
  4.932633327102751e-01   1.266114717542350e-01  -5.010000000000000e-02
  4.932623572814317e-01   1.266150939910055e-01  -5.010000000000000e-02
  4.932615384487087e-01   1.266188038585310e-01  -5.010000000000000e-02
  4.932607093363967e-01   1.266225602995655e-01  -5.010000000000000e-02
  4.932598698179244e-01   1.266263638875634e-01  -5.010000000000001e-02
  4.932590197652250e-01   1.266302152027538e-01  -5.009999999999999e-02
  4.932581590487205e-01   1.266341148322129e-01  -5.010000000000000e-02
  4.932572875373052e-01   1.266380633699378e-01  -5.010000000000000e-02
  4.932564050983301e-01   1.266420614169200e-01  -5.009999999999999e-02
  4.932555115975854e-01   1.266461095812198e-01  -5.010000000000001e-02
  4.932546068992847e-01   1.266502084780419e-01  -5.010000000000001e-02
  4.932536908660481e-01   1.266543587298102e-01  -5.010000000000000e-02
  4.932528502503982e-01   1.266585781596601e-01  -5.010000000000000e-02
  4.932520982108536e-01   1.266628700362135e-01  -5.010000000000001e-02
  4.932513367565733e-01   1.266672156424991e-01  -5.010000000000000e-02
  4.932505657723048e-01   1.266716156362607e-01  -5.010000000000000e-02
  4.932497851414512e-01   1.266760706829150e-01  -5.010000000000000e-02
  4.932489947460573e-01   1.266805814556309e-01  -5.010000000000000e-02
  4.932481944667951e-01   1.266851486354104e-01  -5.010000000000000e-02
  4.932473841829500e-01   1.266897729111695e-01  -5.010000000000000e-02
  4.932465637724067e-01   1.266944549798189e-01  -5.010000000000000e-02
  4.932457331116341e-01   1.266991955463473e-01  -5.010000000000000e-02
  4.932449518501059e-01   1.267040046821678e-01  -5.010000000000000e-02
  4.932442773786073e-01   1.267088921135433e-01  -5.010000000000000e-02
  4.932435944879061e-01   1.267138405530935e-01  -5.009999999999999e-02
  4.932429030755584e-01   1.267188507431589e-01  -5.010000000000000e-02
  4.932422030379411e-01   1.267239234346244e-01  -5.010000000000000e-02
  4.932414942702402e-01   1.267290593870054e-01  -5.010000000000000e-02
  4.932407766664388e-01   1.267342593685341e-01  -5.010000000000000e-02
  4.932400501193049e-01   1.267395241562461e-01  -5.010000000000000e-02
  4.932393145203797e-01   1.267448545360685e-01  -5.010000000000000e-02
  4.932385697599652e-01   1.267502513029073e-01  -5.010000000000000e-02
  4.932379442074367e-01   1.267557310108802e-01  -5.010000000000000e-02
  4.932373487960363e-01   1.267612835683589e-01  -5.010000000000000e-02
  4.932367459767613e-01   1.267669052085750e-01  -5.010000000000000e-02
  4.932361356600936e-01   1.267725967663369e-01  -5.010000000000000e-02
  4.932355177555005e-01   1.267783590859142e-01  -5.010000000000000e-02
  4.932348921714250e-01   1.267841930211292e-01  -5.010000000000000e-02
  4.932342588152761e-01   1.267900994354482e-01  -5.010000000000000e-02
  4.932336175934184e-01   1.267960792020741e-01  -5.010000000000000e-02
  4.932329684111629e-01   1.268021332040382e-01  -5.010000000000000e-02
  4.932324336849073e-01   1.268082738425179e-01  -5.010000000000001e-02
  4.932319318647260e-01   1.268144943691548e-01  -5.010000000000001e-02
  4.932314238219473e-01   1.268207920306577e-01  -5.010000000000000e-02
  4.932309094819043e-01   1.268271677525933e-01  -5.010000000000000e-02
  4.932303887690972e-01   1.268336224708515e-01  -5.010000000000000e-02
  4.932298616071857e-01   1.268401571317401e-01  -5.010000000000001e-02
  4.932293279189816e-01   1.268467726920809e-01  -5.010000000000000e-02
  4.932287876264405e-01   1.268534701193051e-01  -5.010000000000000e-02
  4.932282827257479e-01   1.268602533039206e-01  -5.010000000000000e-02
  4.932278854696741e-01   1.268671282416107e-01  -5.010000000000000e-02
  4.932274833038946e-01   1.268740881469634e-01  -5.010000000000000e-02
  4.932270761699082e-01   1.268811340324065e-01  -5.010000000000000e-02
  4.932266640085716e-01   1.268882669214780e-01  -5.010000000000000e-02
  4.932262467600937e-01   1.268954878489239e-01  -5.009999999999999e-02
  4.932258243640304e-01   1.269027978607954e-01  -5.010000000000000e-02
  4.932253967592785e-01   1.269101980145473e-01  -5.010000000000000e-02
  4.932250084837830e-01   1.269176914978649e-01  -5.010000000000000e-02
  4.932247258111615e-01   1.269252825426273e-01  -5.009999999999999e-02
  4.932244396577650e-01   1.269329670620215e-01  -5.010000000000000e-02
  4.932241499824410e-01   1.269407461611743e-01  -5.010000000000000e-02
  4.932238567435940e-01   1.269486209571193e-01  -5.010000000000000e-02
  4.932235598991812e-01   1.269565925788957e-01  -5.010000000000000e-02
  4.932232594067092e-01   1.269646621676469e-01  -5.010000000000000e-02
  4.932229552232298e-01   1.269728308767190e-01  -5.010000000000000e-02
  4.932227651820699e-01   1.269811031923620e-01  -5.010000000000000e-02
  4.932226051641330e-01   1.269894779242141e-01  -5.010000000000000e-02
  4.932224431837504e-01   1.269979553630305e-01  -5.010000000000000e-02
  4.932222792179216e-01   1.270065367125688e-01  -5.010000000000000e-02
  4.932221132434035e-01   1.270152231892885e-01  -5.010000000000000e-02
  4.932219452367083e-01   1.270240160224487e-01  -5.010000000000000e-02
  4.932217751741018e-01   1.270329164542066e-01  -5.010000000000000e-02
  4.932217145843202e-01   1.270419269313286e-01  -5.010000000000000e-02
  4.932216939850812e-01   1.270510479801038e-01  -5.010000000000000e-02
  4.932216731342002e-01   1.270602804523586e-01  -5.010000000000000e-02
  4.932216520287526e-01   1.270696256430470e-01  -5.010000000000000e-02
  4.932216306657837e-01   1.270790848605083e-01  -5.010000000000000e-02
  4.932216090423081e-01   1.270886594265623e-01  -5.009999999999999e-02
  4.932216036331957e-01   1.270983505852434e-01  -5.010000000000000e-02
  4.932217345577922e-01   1.271081590195965e-01  -5.010000000000000e-02
  4.932218670759667e-01   1.271180868395080e-01  -5.010000000000000e-02
  4.932220012060942e-01   1.271281354215508e-01  -5.010000000000000e-02
  4.932221369667352e-01   1.271383061562482e-01  -5.009999999999999e-02
  4.932222743766385e-01   1.271486004481670e-01  -5.010000000000000e-02
  4.932224134547409e-01   1.271590197160089e-01  -5.010000000000000e-02
  4.932226926372896e-01   1.271695625190542e-01  -5.010000000000001e-02
  4.932229932786533e-01   1.271802327681218e-01  -5.010000000000001e-02
  4.932232975625092e-01   1.271910322951446e-01  -5.010000000000000e-02
  4.932236055304360e-01   1.272019625758084e-01  -5.010000000000001e-02
  4.932239172244226e-01   1.272130251003741e-01  -5.010000000000000e-02
  4.932242392099110e-01   1.272242211443212e-01  -5.010000000000000e-02
  4.932247168966285e-01   1.272355471141497e-01  -5.010000000000000e-02
  4.932252003503432e-01   1.272470098196996e-01  -5.010000000000000e-02
  4.932256896363715e-01   1.272586108096200e-01  -5.010000000000000e-02
  4.932261848206617e-01   1.272703516475464e-01  -5.010000000000001e-02
  4.932266859697972e-01   1.272822339121806e-01  -5.010000000000000e-02
  4.932272841615283e-01   1.272942547415288e-01  -5.010000000000000e-02
  4.932279621541419e-01   1.273064165921291e-01  -5.009999999999999e-02
  4.932286482946451e-01   1.273187245998033e-01  -5.010000000000000e-02
  4.932293426743885e-01   1.273311804032001e-01  -5.010000000000000e-02
  4.932300453855830e-01   1.273437856564013e-01  -5.010000000000000e-02
  4.932307932572865e-01   1.273565398539456e-01  -5.010000000000000e-02
  4.932316019312350e-01   1.273694437604429e-01  -5.010000000000000e-02
  4.932324202839137e-01   1.273825021091962e-01  -5.010000000000000e-02
  4.932332484228497e-01   1.273957166160009e-01  -5.010000000000000e-02
  4.932340864565574e-01   1.274090890124111e-01  -5.010000000000000e-02
  4.932349344945430e-01   1.274226210457998e-01  -5.010000000000000e-02
  4.932357926473075e-01   1.274363144794171e-01  -5.010000000000001e-02
  4.932366610263502e-01   1.274501710924459e-01  -5.009999999999999e-02
  4.932375397441726e-01   1.274641926800560e-01  -5.010000000000000e-02
  4.932384289142812e-01   1.274783810534542e-01  -5.010000000000000e-02
  4.932393286511901e-01   1.274927380399334e-01  -5.010000000000000e-02
  4.932402390704250e-01   1.275072654829181e-01  -5.010000000000000e-02
  4.932411602885251e-01   1.275219652420077e-01  -5.010000000000000e-02
  4.932420924230454e-01   1.275368391930164e-01  -5.010000000000000e-02
  4.932430355925598e-01   1.275518892280106e-01  -5.009999999999999e-02
  4.932439899166627e-01   1.275671172553434e-01  -5.010000000000001e-02
  4.932449555159711e-01   1.275825251996854e-01  -5.010000000000001e-02
  4.932459325121266e-01   1.275981150020531e-01  -5.010000000000000e-02
  4.932469210277963e-01   1.276138886198327e-01  -5.010000000000000e-02
  4.932479190011068e-01   1.276298481616723e-01  -5.010000000000000e-02
  4.932489000592846e-01   1.276459972529042e-01  -5.010000000000000e-02
  4.932498926483315e-01   1.276623361525114e-01  -5.010000000000000e-02
  4.932508968911622e-01   1.276788668837755e-01  -5.010000000000000e-02
  4.932519129116898e-01   1.276955914864195e-01  -5.010000000000000e-02
  4.932529408348266e-01   1.277125120166101e-01  -5.010000000000000e-02
  4.932539807864838e-01   1.277296305469561e-01  -5.010000000000000e-02
  4.932550328935706e-01   1.277469491665026e-01  -5.010000000000000e-02
  4.932560972839951e-01   1.277644699807203e-01  -5.010000000000000e-02
  4.932571740866613e-01   1.277821951114912e-01  -5.010000000000000e-02
  4.932582634314695e-01   1.278001266970890e-01  -5.010000000000000e-02
  4.932593654493143e-01   1.278182668921549e-01  -5.010000000000000e-02
  4.932604802720830e-01   1.278366178676693e-01  -5.010000000000000e-02
  4.932616080326531e-01   1.278551818109174e-01  -5.010000000000000e-02
  4.932627488648906e-01   1.278739609254507e-01  -5.010000000000000e-02
  4.932639029036469e-01   1.278929574310425e-01  -5.010000000000000e-02
  4.932652474884580e-01   1.279121612030648e-01  -5.010000000000000e-02
  4.932667766710612e-01   1.279315749180358e-01  -5.010000000000000e-02
  4.932683234872571e-01   1.279512125000197e-01  -5.010000000000000e-02
  4.932698881167360e-01   1.279710762302717e-01  -5.010000000000001e-02
  4.932714707404403e-01   1.279911684059449e-01  -5.010000000000000e-02
  4.932730715405586e-01   1.280114913400125e-01  -5.010000000000000e-02
  4.932746907005192e-01   1.280320473611828e-01  -5.010000000000000e-02
  4.932763284049822e-01   1.280528388138086e-01  -5.010000000000000e-02
  4.932779848398327e-01   1.280738680577896e-01  -5.009999999999999e-02
  4.932796601921720e-01   1.280951374684686e-01  -5.010000000000000e-02
  4.932813546503093e-01   1.281166494365206e-01  -5.010000000000000e-02
  4.932830684037520e-01   1.281384063678352e-01  -5.010000000000000e-02
  4.932848016431962e-01   1.281604106833915e-01  -5.010000000000000e-02
  4.932869348803189e-01   1.281826303217871e-01  -5.010000000000000e-02
  4.932892406452661e-01   1.282050883841978e-01  -5.010000000000000e-02
  4.932915725077674e-01   1.282278006357879e-01  -5.010000000000001e-02
  4.932939307218910e-01   1.282507695511719e-01  -5.010000000000000e-02
  4.932963155431757e-01   1.282739976192870e-01  -5.010000000000000e-02
  4.932987272286131e-01   1.282974873432221e-01  -5.010000000000000e-02
  4.933011660366296e-01   1.283212412400395e-01  -5.010000000000000e-02
  4.933036322270667e-01   1.283452618405881e-01  -5.010000000000000e-02
  4.933061260611618e-01   1.283695516893073e-01  -5.010000000000000e-02
  4.933086478015261e-01   1.283941133440229e-01  -5.010000000000000e-02
  4.933111977121238e-01   1.284189493757342e-01  -5.010000000000000e-02
  4.933143780052828e-01   1.284439924984862e-01  -5.010000000000000e-02
  4.933176566960365e-01   1.284693070890800e-01  -5.010000000000000e-02
  4.933209718202148e-01   1.284949029801368e-01  -5.010000000000000e-02
  4.933243237162903e-01   1.285207827849864e-01  -5.010000000000000e-02
  4.933277127242816e-01   1.285469491288904e-01  -5.010000000000000e-02
  4.933311391857170e-01   1.285734046487734e-01  -5.010000000000000e-02
  4.933346034435999e-01   1.286001519929437e-01  -5.010000000000000e-02
  4.933381058423702e-01   1.286271938208041e-01  -5.010000000000000e-02
  4.933416467278662e-01   1.286545328025519e-01  -5.010000000000000e-02
  4.933456580183624e-01   1.286821096792310e-01  -5.010000000000000e-02
  4.933500436774385e-01   1.287099409749770e-01  -5.010000000000000e-02
  4.933544772446501e-01   1.287380762946936e-01  -5.010000000000000e-02
  4.933589591453835e-01   1.287665183378737e-01  -5.010000000000000e-02
  4.933634898064591e-01   1.287952698131090e-01  -5.010000000000000e-02
  4.933680696560734e-01   1.288243334377267e-01  -5.010000000000000e-02
  4.933726991237407e-01   1.288537119374133e-01  -5.010000000000001e-02
  4.933773786402311e-01   1.288834080458281e-01  -5.010000000000000e-02
  4.933824154341558e-01   1.289133717940662e-01  -5.010000000000000e-02
  4.933880349306439e-01   1.289435672750771e-01  -5.010000000000000e-02
  4.933937147817566e-01   1.289740870621757e-01  -5.009999999999999e-02
  4.933994554989681e-01   1.290049339036887e-01  -5.010000000000000e-02
  4.934052575948377e-01   1.290361105537716e-01  -5.010000000000000e-02
  4.934111215829237e-01   1.290676197719506e-01  -5.010000000000000e-02
  4.934170479776967e-01   1.290994643226520e-01  -5.010000000000000e-02
  4.934231019324685e-01   1.291316340215473e-01  -5.010000000000000e-02
  4.934300484258936e-01   1.291639784464954e-01  -5.010000000000000e-02
  4.934370683174035e-01   1.291966646293211e-01  -5.010000000000000e-02
  4.934441622005600e-01   1.292296953337793e-01  -5.010000000000000e-02
  4.934513306694263e-01   1.292630733259621e-01  -5.010000000000000e-02
  4.934585743184504e-01   1.292968013737522e-01  -5.010000000000000e-02
  4.934658937423446e-01   1.293308822462622e-01  -5.010000000000000e-02
  4.934737655014410e-01   1.293652097006391e-01  -5.009999999999999e-02
  4.934821817022883e-01   1.293997884508391e-01  -5.010000000000000e-02
  4.934906852544183e-01   1.294347260919731e-01  -5.010000000000000e-02
  4.934992768273939e-01   1.294700253750033e-01  -5.010000000000000e-02
  4.935079570903476e-01   1.295056890491233e-01  -5.010000000000001e-02
  4.935167267118256e-01   1.295417198611178e-01  -5.010000000000000e-02
  4.935261222666180e-01   1.295779824608143e-01  -5.010000000000000e-02
  4.935360581691908e-01   1.296145018139494e-01  -5.010000000000000e-02
  4.935460954907448e-01   1.296513939319702e-01  -5.010000000000000e-02
  4.935562349690323e-01   1.296886615264812e-01  -5.009999999999999e-02
  4.935664773402316e-01   1.297263073033018e-01  -5.010000000000000e-02
  4.935769172182087e-01   1.297643070876659e-01  -5.010000000000000e-02
  4.935883750474514e-01   1.298024289196002e-01  -5.010000000000001e-02
  4.935999480979605e-01   1.298409341091202e-01  -5.010000000000000e-02
  4.936116371677880e-01   1.298798253114579e-01  -5.010000000000000e-02
  4.936234430521402e-01   1.299191051723790e-01  -5.010000000000001e-02
  4.936354373178074e-01   1.299587540551251e-01  -5.010000000000000e-02
  4.936485097450730e-01   1.299984948250477e-01  -5.010000000000000e-02
  4.936617115524641e-01   1.300386289164011e-01  -5.010000000000000e-02
  4.936750435882653e-01   1.300791589080090e-01  -5.009999999999999e-02
  4.936885066963384e-01   1.301200873652498e-01  -5.010000000000000e-02
  4.937025345968191e-01   1.301612683301533e-01  -5.010000000000000e-02
  4.937173174583077e-01   1.302026393834176e-01  -5.009999999999999e-02
  4.937322441606292e-01   1.302444129870792e-01  -5.010000000000000e-02
  4.937473155903774e-01   1.302865916223432e-01  -5.010000000000000e-02
  4.937626137881244e-01   1.303291476106294e-01  -5.010000000000000e-02
  4.937790402348466e-01   1.303717489207316e-01  -5.010000000000000e-02
  4.937956242238012e-01   1.304147588100965e-01  -5.010000000000000e-02
  4.938123666737438e-01   1.304581796614795e-01  -5.010000000000000e-02
  4.938292898003582e-01   1.305020053220224e-01  -5.010000000000000e-02
  4.938474243380447e-01   1.305458265699025e-01  -5.010000000000000e-02
  4.938657301724893e-01   1.305900617482517e-01  -5.010000000000000e-02
  4.938842082429617e-01   1.306347131267713e-01  -5.010000000000000e-02
  4.939030837082229e-01   1.306796870093546e-01  -5.010000000000000e-02
  4.939229886340610e-01   1.307247155666702e-01  -5.010000000000001e-02
  4.939430785855979e-01   1.307701626857199e-01  -5.010000000000000e-02
  4.939633545096556e-01   1.308160305083876e-01  -5.010000000000000e-02
  4.939844811257097e-01   1.308620184044571e-01  -5.010000000000000e-02
  4.940062172940810e-01   1.309082388578147e-01  -5.010000000000000e-02
  4.940281521182948e-01   1.309548817390331e-01  -5.009999999999999e-02
  4.940505204160188e-01   1.310018357718135e-01  -5.010000000000000e-02
  4.940739375285544e-01   1.310488053381370e-01  -5.010000000000000e-02
  4.940975658305972e-01   1.310961985040627e-01  -5.009999999999999e-02
  4.941214062580264e-01   1.311440171467586e-01  -5.010000000000000e-02
  4.941465260918838e-01   1.311917164670534e-01  -5.009999999999999e-02
  4.941718776146969e-01   1.312398358142359e-01  -5.009999999999999e-02
  4.941974535591773e-01   1.312883811328363e-01  -5.010000000000000e-02
  4.942242471072575e-01   1.313368172963004e-01  -5.010000000000000e-02
  4.942513572107562e-01   1.313856339271687e-01  -5.009999999999999e-02
  4.942787038187909e-01   1.314348764271096e-01  -5.010000000000000e-02
  4.943073473929870e-01   1.314839429222565e-01  -5.010000000000000e-02
  4.943362408936812e-01   1.315334317159684e-01  -5.010000000000000e-02
  4.943655921606495e-01   1.315832204083192e-01  -5.010000000000000e-02
  4.943960386615940e-01   1.316329296626026e-01  -5.010000000000000e-02
  4.944267440216024e-01   1.316830615497215e-01  -5.010000000000000e-02
  4.944582486079705e-01   1.317332791812230e-01  -5.009999999999999e-02
  4.944905218699968e-01   1.317836034584412e-01  -5.010000000000000e-02
  4.945230650808876e-01   1.318343486717731e-01  -5.010000000000000e-02
  4.945568523226435e-01   1.318848777384660e-01  -5.010000000000000e-02
  4.945909774612288e-01   1.319357863950804e-01  -5.010000000000000e-02
  4.946258562397468e-01   1.319867897765006e-01  -5.010000000000000e-02
  4.946615627903196e-01   1.320378385608305e-01  -5.010000000000000e-02
  4.946976390833518e-01   1.320892454431150e-01  -5.010000000000000e-02
  4.947349288519191e-01   1.321404092689785e-01  -5.010000000000000e-02
  4.947725180516361e-01   1.321919839325541e-01  -5.010000000000000e-02
  4.948111735577523e-01   1.322434003601959e-01  -5.010000000000001e-02
  4.948503587383462e-01   1.322950586587038e-01  -5.010000000000001e-02
  4.948903793397130e-01   1.323467168213346e-01  -5.010000000000000e-02
  4.949311514959773e-01   1.323984406168909e-01  -5.010000000000000e-02
  4.949726106243765e-01   1.324502697384614e-01  -5.010000000000000e-02
  4.950149738252317e-01   1.325020305443733e-01  -5.009999999999999e-02
  4.950579381791280e-01   1.325539586373500e-01  -5.010000000000000e-02
  4.951018887202865e-01   1.326057336322485e-01  -5.009999999999999e-02
  4.951464118268717e-01   1.326576934403496e-01  -5.010000000000000e-02
  4.951919423156412e-01   1.327094627123912e-01  -5.010000000000000e-02
  4.952380703505250e-01   1.327613878777794e-01  -5.010000000000000e-02
  4.952851817832228e-01   1.328131237774304e-01  -5.010000000000000e-02
  4.953329572688103e-01   1.328649463310476e-01  -5.010000000000000e-02
  4.953816405674558e-01   1.329166297059998e-01  -5.010000000000000e-02
  4.954310920958599e-01   1.329682899280102e-01  -5.010000000000000e-02
  4.954813376235212e-01   1.330199020115804e-01  -5.010000000000000e-02
  4.955324907370756e-01   1.330713393024584e-01  -5.010000000000000e-02
  4.955842935598661e-01   1.331228563861225e-01  -5.010000000000000e-02
  4.956371696781722e-01   1.331740106269312e-01  -5.010000000000000e-02
  4.956906174950880e-01   1.332253105072894e-01  -5.010000000000000e-02
  4.957451391004841e-01   1.332762222213880e-01  -5.010000000000001e-02
  4.958003482341709e-01   1.333271415544500e-01  -5.010000000000000e-02
  4.958563890741041e-01   1.333779104881897e-01  -5.009999999999999e-02
  4.959133611732887e-01   1.334284009363521e-01  -5.010000000000000e-02
  4.959709810881565e-01   1.334789268246949e-01  -5.010000000000000e-02
  4.960296560158660e-01   1.335290094484099e-01  -5.010000000000000e-02
  4.960890512379359e-01   1.335790218405573e-01  -5.009999999999999e-02
  4.961492122123924e-01   1.336289078907749e-01  -5.010000000000000e-02
  4.962103767163839e-01   1.336783613594421e-01  -5.010000000000000e-02
  4.962722290814750e-01   1.337277584276976e-01  -5.010000000000000e-02
  4.963349279746656e-01   1.337768939400058e-01  -5.010000000000000e-02
  4.963985377099077e-01   1.338256657410490e-01  -5.010000000000000e-02
  4.964628549871168e-01   1.338743276968683e-01  -5.010000000000000e-02
  4.965280263873168e-01   1.339226765617697e-01  -5.010000000000000e-02
  4.965940800570753e-01   1.339706537396339e-01  -5.010000000000000e-02
  4.966608523841138e-01   1.340184722666254e-01  -5.010000000000001e-02
  4.967284357952802e-01   1.340659934667730e-01  -5.010000000000000e-02
  4.967969130660966e-01   1.341130785159469e-01  -5.010000000000000e-02
  4.968661089024077e-01   1.341599666576629e-01  -5.010000000000000e-02
  4.969360304623213e-01   1.342066394979945e-01  -5.010000000000000e-02
  4.970068913333504e-01   1.342527556418400e-01  -5.010000000000000e-02
  4.970784670930526e-01   1.342986381538197e-01  -5.010000000000000e-02
  4.971507602159165e-01   1.343442735707139e-01  -5.010000000000000e-02
  4.972238552875324e-01   1.343895128648886e-01  -5.010000000000000e-02
  4.972977556823411e-01   1.344343284361854e-01  -5.010000000000000e-02
  4.973723585851321e-01   1.344788731553528e-01  -5.010000000000001e-02
  4.974476644388817e-01   1.345231342444569e-01  -5.010000000000000e-02
  4.975237708173489e-01   1.345669268840780e-01  -5.010000000000000e-02
  4.976006130887969e-01   1.346103407319590e-01  -5.010000000000000e-02
  4.976781354654720e-01   1.346534585467040e-01  -5.010000000000001e-02
  4.977563356197267e-01   1.346962704269600e-01  -5.010000000000000e-02
  4.978352934493737e-01   1.347386107935942e-01  -5.010000000000000e-02
  4.979149544200541e-01   1.347805580670957e-01  -5.010000000000000e-02
  4.979952669789557e-01   1.348221924792221e-01  -5.010000000000000e-02
  4.980762269593069e-01   1.348635063541362e-01  -5.010000000000000e-02
  4.981578662499239e-01   1.349044186660628e-01  -5.010000000000000e-02
  4.982402016433524e-01   1.349448722208160e-01  -5.010000000000000e-02
  4.983231581028800e-01   1.349849986295309e-01  -5.010000000000000e-02
  4.984067272725674e-01   1.350247979948239e-01  -5.009999999999999e-02
  4.984908995817238e-01   1.350642725726892e-01  -5.010000000000000e-02
  4.985757433415093e-01   1.351032535711179e-01  -5.010000000000001e-02
  4.986611801910424e-01   1.351418871616124e-01  -5.010000000000000e-02
  4.987471910013274e-01   1.351801963322064e-01  -5.010000000000000e-02
  4.988337686407228e-01   1.352181780520151e-01  -5.010000000000001e-02
  4.989209173034359e-01   1.352558023638243e-01  -5.010000000000000e-02
  4.990086707130964e-01   1.352929661373496e-01  -5.010000000000000e-02
  4.990969568985921e-01   1.353298152349602e-01  -5.010000000000000e-02
  4.991857674930356e-01   1.353663494234783e-01  -5.010000000000000e-02
  4.992750936289066e-01   1.354025695320209e-01  -5.010000000000000e-02
  4.993649497939037e-01   1.354384170377397e-01  -5.009999999999999e-02
  4.994553387990268e-01   1.354738589037140e-01  -5.010000000000000e-02
  4.995462096221041e-01   1.355090011068998e-01  -5.010000000000000e-02
  4.996375523553344e-01   1.355438473106332e-01  -5.010000000000000e-02
  4.997293580319244e-01   1.355783986221964e-01  -5.010000000000000e-02
  4.998216530678075e-01   1.356125597205168e-01  -5.010000000000000e-02
  4.999144083163120e-01   1.356463822512950e-01  -5.009999999999999e-02
  5.000075932231779e-01   1.356799254324353e-01  -5.010000000000000e-02
  5.001011996351431e-01   1.357131881411957e-01  -5.010000000000000e-02
  5.001952198846541e-01   1.357461677798428e-01  -5.010000000000000e-02
  5.002896791242905e-01   1.357787651391481e-01  -5.010000000000000e-02
  5.003845341114885e-01   1.358110772975165e-01  -5.010000000000000e-02
  5.004797686243987e-01   1.358431263641055e-01  -5.010000000000000e-02
  5.005753723244893e-01   1.358749174765947e-01  -5.010000000000000e-02
  5.006713452553339e-01   1.359064238601955e-01  -5.010000000000000e-02
  5.007676991727559e-01   1.359375802460174e-01  -5.009999999999999e-02
  5.008643913521961e-01   1.359684897785324e-01  -5.010000000000000e-02
  5.009614116505642e-01   1.359991571351726e-01  -5.009999999999999e-02
  5.010587499371075e-01   1.360295868650098e-01  -5.010000000000000e-02
  5.011564246898491e-01   1.360596899795792e-01  -5.010000000000000e-02
  5.012544055713455e-01   1.360895338528124e-01  -5.010000000000000e-02
  5.013526735529197e-01   1.361191517891524e-01  -5.010000000000000e-02
  5.014512194700327e-01   1.361485451490152e-01  -5.010000000000000e-02
  5.015500498655063e-01   1.361776615387598e-01  -5.010000000000000e-02
  5.016491568192932e-01   1.362064953549890e-01  -5.010000000000001e-02
  5.017485113400835e-01   1.362351146605470e-01  -5.010000000000000e-02
  5.018481045675700e-01   1.362635195840260e-01  -5.010000000000001e-02
  5.019479356495448e-01   1.362916815332901e-01  -5.010000000000000e-02
  5.020480086278694e-01   1.363195522704209e-01  -5.010000000000000e-02
  5.021482896265807e-01   1.363472198618158e-01  -5.010000000000000e-02
  5.022487696620102e-01   1.363746846752415e-01  -5.010000000000001e-02
  5.023494465356846e-01   1.364019217257483e-01  -5.009999999999999e-02
  5.024503268621761e-01   1.364288711843961e-01  -5.010000000000000e-02
  5.025513775833312e-01   1.364556215703227e-01  -5.010000000000000e-02
  5.026525894084228e-01   1.364821742174953e-01  -5.010000000000000e-02
  5.027539629897067e-01   1.365084917910872e-01  -5.010000000000000e-02
  5.028554980429840e-01   1.365345384535720e-01  -5.010000000000000e-02
  5.029571649757030e-01   1.365603931490998e-01  -5.010000000000000e-02
  5.030589545553268e-01   1.365860569375357e-01  -5.010000000000000e-02
  5.031608749275499e-01   1.366114606230585e-01  -5.010000000000000e-02
  5.032629123495798e-01   1.366366208345002e-01  -5.010000000000000e-02
  5.033650441254582e-01   1.366615923747922e-01  -5.009999999999999e-02
  5.034672606473355e-01   1.366863778540984e-01  -5.010000000000000e-02
  5.035695842238652e-01   1.367108457562000e-01  -5.010000000000000e-02
  5.036719747430951e-01   1.367351237034227e-01  -5.010000000000000e-02
  5.037744226286380e-01   1.367592143254972e-01  -5.010000000000000e-02
  5.038769336292917e-01   1.367830540930911e-01  -5.010000000000000e-02
  5.039795003440525e-01   1.368066336794670e-01  -5.010000000000000e-02
  5.040820977498923e-01   1.368300218949846e-01  -5.010000000000001e-02
  5.041847196890119e-01   1.368532065916270e-01  -5.010000000000000e-02
  5.042873819734993e-01   1.368760755565686e-01  -5.010000000000001e-02
  5.043900474174249e-01   1.368987533578544e-01  -5.009999999999999e-02
  5.044927070700148e-01   1.369212406581152e-01  -5.010000000000000e-02
  5.045953772627582e-01   1.369434204018982e-01  -5.010000000000000e-02
  5.046980310985154e-01   1.369653732158464e-01  -5.010000000000000e-02
  5.048006530469331e-01   1.369871304792910e-01  -5.010000000000000e-02
  5.049032532361797e-01   1.370086016054753e-01  -5.010000000000000e-02
  5.050058165960336e-01   1.370298136506970e-01  -5.010000000000000e-02
  5.051083211730661e-01   1.370508300558892e-01  -5.010000000000000e-02
  5.052107741034713e-01   1.370715727632755e-01  -5.010000000000000e-02
  5.053131685946548e-01   1.370920292346918e-01  -5.010000000000000e-02
  5.054154784339282e-01   1.371122866463060e-01  -5.009999999999999e-02
  5.055177103582337e-01   1.371322669787606e-01  -5.010000000000000e-02
  5.056198595092167e-01   1.371519478019389e-01  -5.010000000000000e-02
  5.057218982440587e-01   1.371714275664371e-01  -5.010000000000000e-02
  5.058238354437907e-01   1.371906147398972e-01  -5.009999999999999e-02
  5.059256628716169e-01   1.372095046075304e-01  -5.010000000000000e-02
  5.060273546110361e-01   1.372281912930269e-01  -5.010000000000000e-02
  5.061289250224230e-01   1.372465501270453e-01  -5.010000000000000e-02
  5.062303562649616e-01   1.372646299992452e-01  -5.010000000000000e-02
  5.063316265872025e-01   1.372825073785091e-01  -5.010000000000000e-02
  5.064327584991755e-01   1.373000059322294e-01  -5.009999999999999e-02
  5.065337196996383e-01   1.373172611082778e-01  -5.009999999999999e-02
  5.066344969852119e-01   1.373343049793855e-01  -5.010000000000000e-02
  5.067351173998150e-01   1.373509257712028e-01  -5.010000000000000e-02
  5.068355359671051e-01   1.373673436119946e-01  -5.010000000000000e-02
  5.069357583276188e-01   1.373834776089364e-01  -5.010000000000000e-02
  5.070357892056203e-01   1.373992448731291e-01  -5.010000000000000e-02
  5.071355947197038e-01   1.374148105250961e-01  -5.010000000000000e-02
  5.072351946302185e-01   1.374299973516002e-01  -5.009999999999999e-02
  5.073345645123563e-01   1.374449104656882e-01  -5.010000000000000e-02
  5.074336901401999e-01   1.374595973297705e-01  -5.010000000000000e-02
  5.075325953763199e-01   1.374738407944347e-01  -5.010000000000000e-02
  5.076312365965178e-01   1.374878886797562e-01  -5.010000000000000e-02
  5.077296297281874e-01   1.375015789972988e-01  -5.010000000000000e-02
  5.078277607819496e-01   1.375149541988285e-01  -5.010000000000000e-02
  5.079256089183141e-01   1.375281180268141e-01  -5.010000000000000e-02
  5.080232011398208e-01   1.375408105946576e-01  -5.010000000000000e-02
  5.081204925750067e-01   1.375533183352280e-01  -5.010000000000000e-02
  5.082175020830412e-01   1.375654423199058e-01  -5.010000000000000e-02
  5.083142114112635e-01   1.375772668565699e-01  -5.010000000000001e-02
  5.084106082465982e-01   1.375888421587602e-01  -5.010000000000000e-02
  5.085067079027619e-01   1.375999776215314e-01  -5.010000000000000e-02
  5.086024722055353e-01   1.376109451453729e-01  -5.010000000000000e-02
  5.086979286113726e-01   1.376214451782587e-01  -5.010000000000001e-02
  5.087930418395212e-01   1.376317322434581e-01  -5.010000000000000e-02
  5.088878213370547e-01   1.376416657875916e-01  -5.010000000000001e-02
  5.089822577711674e-01   1.376512667046616e-01  -5.010000000000001e-02
  5.090763364302302e-01   1.376606257844719e-01  -5.010000000000000e-02
  5.091700700563415e-01   1.376695450776946e-01  -5.010000000000000e-02
  5.092634240420186e-01   1.376783278636308e-01  -5.010000000000000e-02
  5.093564294190518e-01   1.376865729625370e-01  -5.010000000000000e-02
  5.094490436751772e-01   1.376946848376038e-01  -5.010000000000000e-02
  5.095412889353910e-01   1.377023487763771e-01  -5.009999999999999e-02
  5.096331396734759e-01   1.377097941556594e-01  -5.010000000000000e-02
  5.097246032205595e-01   1.377168712749546e-01  -5.010000000000000e-02
  5.098156673306005e-01   1.377236573800119e-01  -5.010000000000000e-02
  5.099063275130714e-01   1.377301528991392e-01  -5.010000000000000e-02
  5.099965825721909e-01   1.377362900175445e-01  -5.010000000000001e-02
  5.100864192667678e-01   1.377421997719602e-01  -5.010000000000000e-02
  5.101758439691810e-01   1.377476963082531e-01  -5.010000000000000e-02
  5.102648375089617e-01   1.377530209305011e-01  -5.010000000000000e-02
  5.103534112648120e-01   1.377578893090522e-01  -5.010000000000000e-02
  5.104415427400709e-01   1.377626306569451e-01  -5.010000000000000e-02
  5.105292459203191e-01   1.377668844658422e-01  -5.010000000000000e-02
  5.106164972502758e-01   1.377710446125054e-01  -5.010000000000000e-02
  5.107033112140353e-01   1.377746986349585e-01  -5.010000000000000e-02
  5.107896651308648e-01   1.377782802031616e-01  -5.009999999999999e-02
  5.108755724032515e-01   1.377813461267405e-01  -5.010000000000000e-02
  5.109610126250999e-01   1.377843475048891e-01  -5.010000000000000e-02
  5.110459963198508e-01   1.377868512360900e-01  -5.010000000000000e-02
  5.111305068713081e-01   1.377892860787065e-01  -5.010000000000000e-02
  5.112145516985297e-01   1.377912381924374e-01  -5.010000000000000e-02
  5.112981180663793e-01   1.377931006913108e-01  -5.010000000000000e-02
  5.113812094624211e-01   1.377945277566711e-01  -5.010000000000000e-02
  5.114638174522308e-01   1.377958323439453e-01  -5.010000000000000e-02
  5.115459421441124e-01   1.377967561908997e-01  -5.010000000000000e-02
  5.116275786709278e-01   1.377975076922110e-01  -5.009999999999999e-02
  5.117087245718848e-01   1.377979474320547e-01  -5.010000000000000e-02
  5.117893773795459e-01   1.377981466319817e-01  -5.010000000000000e-02
  5.118695335491497e-01   1.377981257459900e-01  -5.009999999999999e-02
  5.119491911438910e-01   1.377977831425031e-01  -5.009999999999999e-02
  5.120283478405209e-01   1.377973286199685e-01  -5.010000000000000e-02
  5.121069996331871e-01   1.377964549613497e-01  -5.010000000000000e-02
  5.121851482563952e-01   1.377955868919021e-01  -5.010000000000000e-02
  5.122627845806365e-01   1.377941960926714e-01  -5.010000000000000e-02
  5.123399149015906e-01   1.377928068736708e-01  -5.010000000000001e-02
  5.124165299126066e-01   1.377910456126141e-01  -5.010000000000000e-02
  5.124926335935648e-01   1.377891510594054e-01  -5.010000000000000e-02
  5.125682215855132e-01   1.377870425815002e-01  -5.010000000000000e-02
  5.126432906872679e-01   1.377846410209342e-01  -5.010000000000000e-02
  5.127178472958032e-01   1.377822121794250e-01  -5.010000000000000e-02
  5.127918753072785e-01   1.377793239190240e-01  -5.010000000000000e-02
  5.128653910730407e-01   1.377764556442876e-01  -5.010000000000000e-02
  5.129383786584977e-01   1.377732464194491e-01  -5.009999999999999e-02
  5.130108465467259e-01   1.377699070754131e-01  -5.010000000000000e-02
  5.130827937829361e-01   1.377664485208596e-01  -5.010000000000000e-02
  5.131542086680367e-01   1.377626415668801e-01  -5.010000000000000e-02
  5.132251096535405e-01   1.377588620076392e-01  -5.010000000000000e-02
  5.132954736600612e-01   1.377547065323558e-01  -5.010000000000000e-02
  5.133653181762430e-01   1.377504835046657e-01  -5.010000000000000e-02
  5.134346398484514e-01   1.377461511484468e-01  -5.010000000000000e-02
  5.135034251484383e-01   1.377414965334222e-01  -5.010000000000000e-02
  5.135716971412399e-01   1.377368766532513e-01  -5.010000000000000e-02
  5.136394311824899e-01   1.377319421222037e-01  -5.010000000000000e-02
  5.137066426049184e-01   1.377269029795157e-01  -5.010000000000000e-02
  5.137733389238249e-01   1.377218626122813e-01  -5.010000000000000e-02
  5.138394894204531e-01   1.377164237379265e-01  -5.010000000000000e-02
  5.139051292964263e-01   1.377110268466517e-01  -5.009999999999999e-02
  5.139702428915695e-01   1.377054820608456e-01  -5.009999999999999e-02
  5.140348227273146e-01   1.376996938834099e-01  -5.010000000000000e-02
  5.140988944274323e-01   1.376939512492796e-01  -5.010000000000000e-02
  5.141624310507623e-01   1.376879560009484e-01  -5.010000000000000e-02
  5.142254466695662e-01   1.376818489801054e-01  -5.010000000000000e-02
  5.142879572765920e-01   1.376757909013740e-01  -5.010000000000000e-02
  5.143499259757918e-01   1.376694043092419e-01  -5.010000000000000e-02
  5.144113848514590e-01   1.376629969167117e-01  -5.010000000000001e-02
  5.144723424490292e-01   1.376566417849088e-01  -5.010000000000000e-02
  5.145327547759329e-01   1.376499196157557e-01  -5.009999999999999e-02
  5.145926666860325e-01   1.376432337890004e-01  -5.009999999999999e-02
  5.146520816112933e-01   1.376366033337362e-01  -5.010000000000000e-02
  5.147109514903546e-01   1.376295988913892e-01  -5.009999999999999e-02
  5.147693277048410e-01   1.376226531861266e-01  -5.009999999999999e-02
  5.148272117833541e-01   1.376157660360727e-01  -5.010000000000000e-02
  5.148845559066038e-01   1.376085345487887e-01  -5.010000000000000e-02
  5.149414097361911e-01   1.376013500413828e-01  -5.010000000000000e-02
  5.149977767641043e-01   1.375942270501538e-01  -5.010000000000000e-02
  5.150536144952994e-01   1.375868252403651e-01  -5.010000000000000e-02
  5.151089612095158e-01   1.375794250791174e-01  -5.010000000000000e-02
  5.151638269121248e-01   1.375720892317770e-01  -5.010000000000000e-02
  5.152181792718736e-01   1.375645685167516e-01  -5.010000000000000e-02
  5.152720349830762e-01   1.375569702502987e-01  -5.010000000000000e-02
  5.153254158978698e-01   1.375494389707921e-01  -5.010000000000000e-02
  5.153783063980948e-01   1.375418526779640e-01  -5.010000000000000e-02
  5.154306896853279e-01   1.375340809308921e-01  -5.010000000000000e-02
  5.154826047713087e-01   1.375263786476111e-01  -5.010000000000000e-02
  5.155340537688755e-01   1.375187455146538e-01  -5.010000000000000e-02
  5.155849880675281e-01   1.375108473728718e-01  -5.009999999999999e-02
  5.156354560176440e-01   1.375029875169480e-01  -5.010000000000000e-02
  5.156854649376674e-01   1.374951991501650e-01  -5.010000000000000e-02
  5.157349960054173e-01   1.374873496809744e-01  -5.010000000000000e-02
  5.157840385208949e-01   1.374793572809410e-01  -5.010000000000000e-02
  5.158326293615304e-01   1.374714384898159e-01  -5.010000000000001e-02
  5.158807708685559e-01   1.374635929260513e-01  -5.010000000000000e-02
  5.159284246575745e-01   1.374555755763755e-01  -5.010000000000000e-02
  5.159756190383290e-01   1.374475415858665e-01  -5.010000000000000e-02
  5.160223717978920e-01   1.374395827733852e-01  -5.010000000000000e-02
  5.160686853833527e-01   1.374316987223588e-01  -5.010000000000000e-02
  5.161145097839734e-01   1.374235871130184e-01  -5.010000000000000e-02
  5.161598971151746e-01   1.374155329563729e-01  -5.010000000000000e-02
  5.162048532822274e-01   1.374075553114654e-01  -5.010000000000000e-02
  5.162493805308406e-01   1.373996521253371e-01  -5.010000000000000e-02
  5.162934266638138e-01   1.373915204934283e-01  -5.010000000000001e-02
  5.163370498320394e-01   1.373834669476851e-01  -5.010000000000000e-02
  5.163802526265802e-01   1.373754910097553e-01  -5.009999999999999e-02
  5.164230376560430e-01   1.373675921980476e-01  -5.010000000000000e-02
  5.164653574316422e-01   1.373595037381251e-01  -5.010000000000001e-02
  5.165072602618140e-01   1.373514678049536e-01  -5.010000000000000e-02
  5.165487537817327e-01   1.373435103674310e-01  -5.009999999999999e-02
  5.165898406575720e-01   1.373356309142505e-01  -5.010000000000000e-02
  5.166304895040957e-01   1.373276544857818e-01  -5.010000000000000e-02
  5.166707181497605e-01   1.373196580836344e-01  -5.009999999999999e-02
  5.167105487489947e-01   1.373117408027022e-01  -5.010000000000000e-02
  5.167499840114709e-01   1.373039021043733e-01  -5.009999999999999e-02
  5.167890176223273e-01   1.372960967887079e-01  -5.010000000000000e-02
  5.168276175265135e-01   1.372881523671074e-01  -5.010000000000000e-02
  5.168658308073477e-01   1.372802875182150e-01  -5.010000000000000e-02
  5.169036602048349e-01   1.372725016780979e-01  -5.010000000000000e-02
  5.169411084655846e-01   1.372647942814638e-01  -5.010000000000001e-02
  5.169781534662927e-01   1.372570458951424e-01  -5.010000000000000e-02
  5.170147968037684e-01   1.372492504046714e-01  -5.010000000000000e-02
  5.170510677940495e-01   1.372415341272090e-01  -5.010000000000000e-02
  5.170869691991468e-01   1.372338964751660e-01  -5.010000000000000e-02
  5.171225037841547e-01   1.372263368602973e-01  -5.010000000000000e-02
  5.171576465586959e-01   1.372187262898401e-01  -5.010000000000000e-02
  5.171924063963279e-01   1.372110924120644e-01  -5.010000000000000e-02
  5.172268082300472e-01   1.372035371583072e-01  -5.010000000000000e-02
  5.172608548269047e-01   1.371960599208749e-01  -5.010000000000000e-02
  5.172945489538833e-01   1.371886600920887e-01  -5.010000000000000e-02
  5.173278762510628e-01   1.371812602693610e-01  -5.010000000000000e-02
  5.173608261420636e-01   1.371738000214912e-01  -5.010000000000000e-02
  5.173934323543442e-01   1.371664175865781e-01  -5.010000000000000e-02
  5.174256976448974e-01   1.371591123404056e-01  -5.010000000000000e-02
  5.174576247678524e-01   1.371518836594061e-01  -5.010000000000000e-02
  5.174892164739555e-01   1.371447309207779e-01  -5.010000000000000e-02
  5.175204367569922e-01   1.371374848361141e-01  -5.010000000000000e-02
  5.175513206456588e-01   1.371302853050389e-01  -5.010000000000000e-02
  5.175818778227919e-01   1.371231619356757e-01  -5.010000000000000e-02
  5.176121110166847e-01   1.371161140920157e-01  -5.010000000000000e-02
  5.176420229498555e-01   1.371091411393960e-01  -5.010000000000000e-02
  5.176716163386077e-01   1.371022424446026e-01  -5.010000000000000e-02
  5.177008509406699e-01   1.370952357070824e-01  -5.010000000000000e-02
  5.177297723807863e-01   1.370883018397407e-01  -5.010000000000000e-02
  5.177583838445408e-01   1.370814422887181e-01  -5.010000000000000e-02
  5.177866880152149e-01   1.370746564107023e-01  -5.010000000000001e-02
  5.178146875678604e-01   1.370679435643541e-01  -5.010000000000000e-02
  5.178423851689299e-01   1.370613031103959e-01  -5.010000000000000e-02
  5.178697539963830e-01   1.370546130920328e-01  -5.010000000000000e-02
  5.178968153351351e-01   1.370479495716808e-01  -5.010000000000000e-02
  5.179235831039759e-01   1.370413583392928e-01  -5.010000000000000e-02
  5.179500599275779e-01   1.370348387485754e-01  -5.010000000000000e-02
  5.179762484203484e-01   1.370283901557632e-01  -5.010000000000000e-02
  5.180021511861253e-01   1.370220119196934e-01  -5.010000000000001e-02
  5.180277708178838e-01   1.370157034018778e-01  -5.010000000000000e-02
  5.180530720076322e-01   1.370093120772019e-01  -5.010000000000000e-02
  5.180780952144825e-01   1.370029891976177e-01  -5.010000000000000e-02
  5.181028434147055e-01   1.369967358068804e-01  -5.010000000000000e-02
  5.181273191512419e-01   1.369905512624381e-01  -5.010000000000000e-02
  5.181515249548697e-01   1.369844349248123e-01  -5.010000000000001e-02
  5.181754633439704e-01   1.369783861576568e-01  -5.010000000000000e-02
  5.181991368243024e-01   1.369724043278148e-01  -5.010000000000000e-02
  5.182225231546263e-01   1.369663921223288e-01  -5.010000000000000e-02
  5.182456392995374e-01   1.369604055337337e-01  -5.010000000000000e-02
  5.182684983641606e-01   1.369544855234511e-01  -5.009999999999999e-02
  5.182911027979795e-01   1.369486314571170e-01  -5.010000000000000e-02
  5.183134550368793e-01   1.369428427038890e-01  -5.010000000000000e-02
  5.183355575029736e-01   1.369371186364914e-01  -5.010000000000000e-02
  5.183574126044375e-01   1.369314586312582e-01  -5.010000000000000e-02
  5.183790227353504e-01   1.369258620681738e-01  -5.010000000000000e-02
  5.184003660262336e-01   1.369202357998745e-01  -5.010000000000000e-02
  5.184214613424470e-01   1.369146421744894e-01  -5.010000000000000e-02
  5.184423191445822e-01   1.369091115282397e-01  -5.010000000000000e-02
  5.184629417653672e-01   1.369036432425803e-01  -5.010000000000000e-02
  5.184833315227779e-01   1.368982367028775e-01  -5.010000000000000e-02
  5.185034907199245e-01   1.368928912984398e-01  -5.010000000000000e-02
  5.185234216449437e-01   1.368876064225456e-01  -5.010000000000000e-02
  5.185431265708977e-01   1.368823814724707e-01  -5.010000000000000e-02
  5.185626077556802e-01   1.368772158495130e-01  -5.010000000000000e-02
  5.185818379112983e-01   1.368719988646001e-01  -5.010000000000000e-02
  5.186008490684103e-01   1.368668410383349e-01  -5.010000000000000e-02
  5.186196434997077e-01   1.368617420109158e-01  -5.010000000000000e-02
  5.186382233982144e-01   1.368567011873637e-01  -5.010000000000000e-02
  5.186565909414291e-01   1.368517179769121e-01  -5.010000000000000e-02
  5.186747482912668e-01   1.368467917930219e-01  -5.010000000000001e-02
  5.186926975940056e-01   1.368419220533968e-01  -5.010000000000001e-02
  5.187104409802388e-01   1.368371081799958e-01  -5.010000000000000e-02
  5.187279805648316e-01   1.368323495990446e-01  -5.010000000000000e-02
  5.187453119503530e-01   1.368276220536079e-01  -5.010000000000000e-02
  5.187624243738380e-01   1.368228781388430e-01  -5.009999999999999e-02
  5.187793395434112e-01   1.368181889069081e-01  -5.009999999999999e-02
  5.187960595076070e-01   1.368135537899074e-01  -5.010000000000000e-02
  5.188125862991162e-01   1.368089722243375e-01  -5.010000000000000e-02
  5.188289219347713e-01   1.368044436510909e-01  -5.010000000000000e-02
  5.188450684155370e-01   1.367999675154591e-01  -5.010000000000000e-02
  5.188610277265042e-01   1.367955432671344e-01  -5.010000000000001e-02
  5.188768018368887e-01   1.367911703602097e-01  -5.010000000000000e-02
  5.188923927000326e-01   1.367868482531784e-01  -5.010000000000000e-02
  5.189078022534116e-01   1.367825764089326e-01  -5.010000000000000e-02
  5.189230269301381e-01   1.367783347053453e-01  -5.010000000000000e-02
  5.189380564897009e-01   1.367740792619254e-01  -5.010000000000000e-02
  5.189529107265776e-01   1.367698734590667e-01  -5.010000000000000e-02
  5.189675915120311e-01   1.367657167669430e-01  -5.010000000000000e-02
  5.189821007015663e-01   1.367616086601899e-01  -5.010000000000000e-02
  5.189964401349564e-01   1.367575486178972e-01  -5.010000000000000e-02
  5.190106116362740e-01   1.367535361236002e-01  -5.010000000000000e-02
  5.190246170139232e-01   1.367495706652704e-01  -5.010000000000000e-02
  5.190384580606756e-01   1.367456517353057e-01  -5.010000000000000e-02
  5.190521365537095e-01   1.367417788305188e-01  -5.010000000000000e-02
  5.190656542546515e-01   1.367379514521259e-01  -5.010000000000000e-02
  5.190790129096199e-01   1.367341691057340e-01  -5.009999999999999e-02
  5.190922142492723e-01   1.367304313013277e-01  -5.010000000000000e-02
  5.191052491909094e-01   1.367266997933147e-01  -5.010000000000000e-02
  5.191181217776462e-01   1.367229822945654e-01  -5.010000000000000e-02
  5.191308423760946e-01   1.367193086888023e-01  -5.010000000000000e-02
  5.191434126530898e-01   1.367156784946569e-01  -5.010000000000000e-02
  5.191558342602973e-01   1.367120912351416e-01  -5.010000000000001e-02
  5.191681088342731e-01   1.367085464376323e-01  -5.010000000000000e-02
  5.191802379965259e-01   1.367050436338503e-01  -5.010000000000000e-02
  5.191922233535813e-01   1.367015823598443e-01  -5.010000000000000e-02
  5.192040664970473e-01   1.366981621559705e-01  -5.010000000000000e-02
  5.192157690036826e-01   1.366947825668739e-01  -5.009999999999999e-02
  5.192273324354652e-01   1.366914431414680e-01  -5.010000000000000e-02
  5.192387583396636e-01   1.366881434329140e-01  -5.010000000000000e-02
  5.192500482489095e-01   1.366848829986004e-01  -5.010000000000000e-02
  5.192612036812718e-01   1.366816614001212e-01  -5.010000000000000e-02
  5.192722261403316e-01   1.366784782032543e-01  -5.010000000000000e-02
  5.192831056179741e-01   1.366752936226347e-01  -5.010000000000000e-02
  5.192938471840887e-01   1.366721195382332e-01  -5.010000000000000e-02
  5.193044604332365e-01   1.366689833709175e-01  -5.010000000000000e-02
  5.193149468092217e-01   1.366658846940498e-01  -5.010000000000000e-02
  5.193253077417821e-01   1.366628230851490e-01  -5.010000000000000e-02
  5.193355446466723e-01   1.366597981258662e-01  -5.009999999999999e-02
  5.193456589257472e-01   1.366568094019593e-01  -5.010000000000000e-02
  5.193556519670463e-01   1.366538565032692e-01  -5.010000000000000e-02
  5.193655251448790e-01   1.366509390236934e-01  -5.010000000000000e-02
  5.193752798199114e-01   1.366480565611613e-01  -5.010000000000000e-02
  5.193849173392530e-01   1.366452087176081e-01  -5.010000000000000e-02
  5.193944390365441e-01   1.366423950989491e-01  -5.010000000000001e-02
  5.194038462320455e-01   1.366396153150532e-01  -5.010000000000000e-02
  5.194131402327267e-01   1.366368689797168e-01  -5.010000000000000e-02
  5.194223223323558e-01   1.366341557106372e-01  -5.010000000000000e-02
  5.194313938115908e-01   1.366314751293858e-01  -5.010000000000000e-02
  5.194403559380694e-01   1.366288268613812e-01  -5.010000000000000e-02
  5.194492099665015e-01   1.366262105358626e-01  -5.010000000000000e-02
  5.194579412817127e-01   1.366235735186851e-01  -5.010000000000000e-02
  5.194665449483784e-01   1.366208951276925e-01  -5.009999999999999e-02
  5.194750446621412e-01   1.366182490980790e-01  -5.010000000000000e-02
  5.194834416216440e-01   1.366156350566974e-01  -5.010000000000000e-02
  5.194917353919717e-01   1.366130476866932e-01  -5.010000000000000e-02
  5.194998510614076e-01   1.366102544172291e-01  -5.010000000000000e-02
  5.195078684589963e-01   1.366074949711917e-01  -5.010000000000000e-02
  5.195157887231718e-01   1.366047689567521e-01  -5.009999999999999e-02
  5.195236129804487e-01   1.366020759861841e-01  -5.010000000000000e-02
  5.195313105766239e-01   1.365993277475913e-01  -5.010000000000000e-02
  5.195388625871478e-01   1.365964684302974e-01  -5.010000000000000e-02
  5.195463229142354e-01   1.365936438258833e-01  -5.010000000000000e-02
  5.195536926258383e-01   1.365908535300050e-01  -5.010000000000000e-02
  5.195609727785795e-01   1.365880971426073e-01  -5.009999999999999e-02
  5.195681213982837e-01   1.365852658736417e-01  -5.010000000000001e-02
  5.195751365834368e-01   1.365823519344412e-01  -5.010000000000000e-02
  5.195820663953592e-01   1.365794734572276e-01  -5.010000000000000e-02
  5.195889118336088e-01   1.365766300268085e-01  -5.010000000000000e-02
  5.195956738870130e-01   1.365738212324489e-01  -5.010000000000000e-02
  5.196023230363981e-01   1.365709765739278e-01  -5.010000000000000e-02
  5.196088260556115e-01   1.365680170596798e-01  -5.009999999999999e-02
  5.196152497540529e-01   1.365650936441955e-01  -5.010000000000000e-02
  5.196215950648770e-01   1.365622059027979e-01  -5.010000000000000e-02
  5.196278629111090e-01   1.365593534154195e-01  -5.010000000000000e-02
  5.196340542057338e-01   1.365565357665621e-01  -5.009999999999999e-02
  5.196400768707093e-01   1.365535577004829e-01  -5.009999999999999e-02
  5.196460139432155e-01   1.365505909460643e-01  -5.009999999999999e-02
  5.196518784132679e-01   1.365476604710832e-01  -5.010000000000000e-02
  5.196576711395572e-01   1.365447658464518e-01  -5.009999999999999e-02
  5.196633929713387e-01   1.365419066477975e-01  -5.010000000000000e-02
  5.196690252390146e-01   1.365390452430891e-01  -5.010000000000000e-02
  5.196744949535684e-01   1.365360404140033e-01  -5.010000000000000e-02
  5.196798976482245e-01   1.365330724028055e-01  -5.010000000000000e-02
  5.196852341189298e-01   1.365301407722363e-01  -5.010000000000000e-02
  5.196905051528034e-01   1.365272450898859e-01  -5.010000000000000e-02
  5.196957115282180e-01   1.365243849281491e-01  -5.010000000000000e-02
  5.197008328213919e-01   1.365215231755756e-01  -5.010000000000000e-02
  5.197057876547213e-01   1.365185172215380e-01  -5.010000000000000e-02
  5.197106816422407e-01   1.365155481808930e-01  -5.009999999999999e-02
  5.197155155099105e-01   1.365126156132214e-01  -5.010000000000000e-02
  5.197202899755556e-01   1.365097190830397e-01  -5.010000000000001e-02
  5.197250057489433e-01   1.365068581597527e-01  -5.010000000000001e-02
  5.197296635318610e-01   1.365040324176061e-01  -5.010000000000000e-02
  5.197341439182217e-01   1.365010537167923e-01  -5.010000000000000e-02
  5.197385511755936e-01   1.364980835412338e-01  -5.010000000000000e-02
  5.197429041824344e-01   1.364951499266447e-01  -5.010000000000000e-02
  5.197472035892161e-01   1.364922524346534e-01  -5.010000000000000e-02
  5.197514500390409e-01   1.364893906318551e-01  -5.010000000000000e-02
  5.197556441677139e-01   1.364865640897627e-01  -5.010000000000000e-02
  5.197597468500984e-01   1.364837166835417e-01  -5.010000000000000e-02
  5.197636843483142e-01   1.364807438052978e-01  -5.010000000000000e-02
  5.197675732872962e-01   1.364778075901029e-01  -5.010000000000001e-02
  5.197714142515395e-01   1.364749075966529e-01  -5.010000000000000e-02
  5.197752078188611e-01   1.364720433886865e-01  -5.009999999999999e-02
  5.197789545604659e-01   1.364692145349342e-01  -5.010000000000000e-02
  5.197826550410143e-01   1.364664206090676e-01  -5.010000000000000e-02
  5.197862541988008e-01   1.364635919834538e-01  -5.010000000000000e-02
  5.197896922704869e-01   1.364606531931751e-01  -5.009999999999999e-02
  5.197930878564694e-01   1.364577507187688e-01  -5.010000000000001e-02
  5.197964414702673e-01   1.364548841212900e-01  -5.010000000000000e-02
  5.197997536194778e-01   1.364520529668551e-01  -5.010000000000000e-02
  5.198030248058384e-01   1.364492568265899e-01  -5.010000000000000e-02
  5.198062555252873e-01   1.364464952765769e-01  -5.010000000000000e-02
  5.198094378165733e-01   1.364437586796234e-01  -5.010000000000000e-02
  5.198123942816197e-01   1.364408526011301e-01  -5.010000000000000e-02
  5.198153141448665e-01   1.364379825006378e-01  -5.009999999999999e-02
  5.198181978503941e-01   1.364351479416346e-01  -5.010000000000000e-02
  5.198210458371199e-01   1.364323484926836e-01  -5.010000000000000e-02
  5.198238585388531e-01   1.364295837273686e-01  -5.010000000000000e-02
  5.198266363843489e-01   1.364268532242419e-01  -5.010000000000001e-02
  5.198293797973614e-01   1.364241565667712e-01  -5.010000000000000e-02
  5.198320012926551e-01   1.364214108276268e-01  -5.010000000000000e-02
  5.198344571958806e-01   1.364185742142324e-01  -5.010000000000000e-02
  5.198368826360105e-01   1.364157727862737e-01  -5.010000000000000e-02
  5.198392779840990e-01   1.364130061151761e-01  -5.010000000000000e-02
  5.198416436068507e-01   1.364102737773894e-01  -5.010000000000000e-02
  5.198439798666663e-01   1.364075753543337e-01  -5.010000000000001e-02
  5.198462871216900e-01   1.364049104323464e-01  -5.010000000000000e-02
  5.198485657258546e-01   1.364022786026282e-01  -5.010000000000000e-02
  5.198507310562163e-01   1.363996125029106e-01  -5.010000000000000e-02
  5.198527070351153e-01   1.363968515125924e-01  -5.010000000000000e-02
  5.198546584614069e-01   1.363941248290738e-01  -5.010000000000000e-02
  5.198565856352118e-01   1.363914320330024e-01  -5.010000000000000e-02
  5.198584888531062e-01   1.363887727099792e-01  -5.010000000000000e-02
  5.198603684081598e-01   1.363861464505046e-01  -5.010000000000000e-02
  5.198622245899746e-01   1.363835528499243e-01  -5.010000000000000e-02
  5.198640576847227e-01   1.363809915083765e-01  -5.010000000000000e-02
  5.198658679751843e-01   1.363784620307389e-01  -5.010000000000000e-02
  5.198674320236024e-01   1.363758213388046e-01  -5.010000000000000e-02
  5.198689244272983e-01   1.363731802295861e-01  -5.010000000000000e-02
  5.198703982545913e-01   1.363705719950577e-01  -5.009999999999999e-02
  5.198718537333616e-01   1.363679962319392e-01  -5.010000000000000e-02
  5.198732910887778e-01   1.363654525417498e-01  -5.010000000000000e-02
  5.198747105433259e-01   1.363629405307552e-01  -5.010000000000000e-02
  5.198761123168407e-01   1.363604598099138e-01  -5.010000000000000e-02
  5.198774966265343e-01   1.363580099948250e-01  -5.010000000000000e-02
  5.198788636870256e-01   1.363555907056769e-01  -5.010000000000000e-02
  5.198800045540470e-01   1.363530997462320e-01  -5.010000000000000e-02
  5.198810392535556e-01   1.363505950744432e-01  -5.010000000000000e-02
  5.198820610537274e-01   1.363481216277633e-01  -5.010000000000001e-02
  5.198830701133032e-01   1.363456790219324e-01  -5.010000000000000e-02
  5.198840665891218e-01   1.363432668772948e-01  -5.010000000000000e-02
  5.198850506361418e-01   1.363408848187458e-01  -5.010000000000000e-02
  5.198860224074627e-01   1.363385324756813e-01  -5.010000000000001e-02
  5.198869820543463e-01   1.363362094819459e-01  -5.010000000000000e-02
  5.198879297262369e-01   1.363339154757829e-01  -5.010000000000000e-02
  5.198888655707825e-01   1.363316500997843e-01  -5.010000000000000e-02
  5.198895372799233e-01   1.363293284881900e-01  -5.010000000000000e-02
  5.198901386413013e-01   1.363270151171472e-01  -5.010000000000000e-02
  5.198907324941267e-01   1.363247306306801e-01  -5.010000000000000e-02
  5.198913189310885e-01   1.363224746722240e-01  -5.010000000000000e-02
  5.198918980437581e-01   1.363202468895140e-01  -5.010000000000000e-02
  5.198924699226021e-01   1.363180469345353e-01  -5.010000000000000e-02
  5.198930346569948e-01   1.363158744634747e-01  -5.010000000000000e-02
  5.198935923352307e-01   1.363137291366721e-01  -5.010000000000000e-02
  5.198941430445375e-01   1.363116106185730e-01  -5.010000000000000e-02
  5.198946868710879e-01   1.363095185776810e-01  -5.010000000000001e-02
  5.198952239000114e-01   1.363074526865107e-01  -5.010000000000000e-02
  5.198954980375684e-01   1.363053662934090e-01  -5.010000000000000e-02
  5.198957130865185e-01   1.363032959201832e-01  -5.010000000000000e-02
  5.198959254464075e-01   1.363012514357624e-01  -5.010000000000000e-02
  5.198961351505296e-01   1.362992325196066e-01  -5.010000000000000e-02
  5.198963422317753e-01   1.362972388550649e-01  -5.010000000000000e-02
  5.198965467226356e-01   1.362952701293304e-01  -5.010000000000000e-02
  5.198967486552073e-01   1.362933260333954e-01  -5.010000000000000e-02
  5.198969480611967e-01   1.362914062620075e-01  -5.010000000000000e-02
  5.198971449719249e-01   1.362895105136252e-01  -5.010000000000000e-02
  5.198973394183317e-01   1.362876384903752e-01  -5.010000000000000e-02
  5.198975314309807e-01   1.362857898980090e-01  -5.010000000000000e-02
  5.198977210400633e-01   1.362839644458611e-01  -5.010000000000000e-02
  5.198978488340640e-01   1.362821604126787e-01  -5.010000000000000e-02
  5.198977500009011e-01   1.362803735377418e-01  -5.010000000000000e-02
  5.198976524053143e-01   1.362786090378214e-01  -5.010000000000000e-02
  5.198975560319374e-01   1.362768666351031e-01  -5.010000000000000e-02
  5.198974608655921e-01   1.362751460551629e-01  -5.010000000000000e-02
  5.198973668912849e-01   1.362734470269273e-01  -5.009999999999999e-02
  5.198972740942057e-01   1.362717692826338e-01  -5.010000000000000e-02
  5.198971824597255e-01   1.362701125577919e-01  -5.010000000000000e-02
  5.198970919733938e-01   1.362684765911443e-01  -5.010000000000000e-02
  5.198970026209373e-01   1.362668611246290e-01  -5.010000000000000e-02
  5.198969143882569e-01   1.362652659033413e-01  -5.010000000000000e-02
  5.198968272614262e-01   1.362636906754967e-01  -5.010000000000000e-02
  5.198967412266894e-01   1.362621351923936e-01  -5.010000000000000e-02
  5.198966562704592e-01   1.362605992083771e-01  -5.010000000000000e-02
  5.198965723793148e-01   1.362590824808025e-01  -5.010000000000000e-02
  5.198964895399999e-01   1.362575847700000e-01  -5.010000000000000e-02
