686
  4.932986453000000e-01   1.265333291010000e-01  -5.010000000000000e-02
  4.932974502900712e-01   1.265342357162824e-01  -5.009999999999999e-02
  4.932962345236968e-01   1.265351580788072e-01  -5.010000000000000e-02
  4.932949976423648e-01   1.265360964605655e-01  -5.010000000000000e-02
  4.932937392814421e-01   1.265370511381928e-01  -5.010000000000000e-02
  4.932924590700716e-01   1.265380223930463e-01  -5.010000000000000e-02
  4.932911566310692e-01   1.265390105112834e-01  -5.010000000000000e-02
  4.932898315808177e-01   1.265400157839418e-01  -5.010000000000000e-02
  4.932884835291611e-01   1.265410385070205e-01  -5.010000000000000e-02
  4.932871120792944e-01   1.265420789815624e-01  -5.010000000000000e-02
  4.932857168276548e-01   1.265431375137377e-01  -5.010000000000000e-02
  4.932842973638085e-01   1.265442144149291e-01  -5.010000000000000e-02
  4.932830945586867e-01   1.265455557876401e-01  -5.010000000000000e-02
  4.932819530251994e-01   1.265470041029556e-01  -5.010000000000000e-02
  4.932807916890843e-01   1.265484775427630e-01  -5.010000000000000e-02
  4.932796102091810e-01   1.265499765399084e-01  -5.010000000000001e-02
  4.932784082385342e-01   1.265515015345894e-01  -5.010000000000000e-02
  4.932771854242988e-01   1.265530529744768e-01  -5.010000000000000e-02
  4.932759414076426e-01   1.265546313148371e-01  -5.010000000000000e-02
  4.932746758236480e-01   1.265562370186582e-01  -5.010000000000000e-02
  4.932733883012117e-01   1.265578705567753e-01  -5.010000000000000e-02
  4.932720784629434e-01   1.265595324080005e-01  -5.010000000000000e-02
  4.932707459250632e-01   1.265612230592531e-01  -5.010000000000000e-02
  4.932696397586922e-01   1.265631069584449e-01  -5.010000000000000e-02
  4.932685806766933e-01   1.265650670376092e-01  -5.010000000000000e-02
  4.932675032482587e-01   1.265670610711476e-01  -5.010000000000000e-02
  4.932664071582227e-01   1.265690896423481e-01  -5.009999999999999e-02
  4.932652920860982e-01   1.265711533443468e-01  -5.010000000000000e-02
  4.932641577059905e-01   1.265732527802882e-01  -5.010000000000000e-02
  4.932630036865095e-01   1.265753885634876e-01  -5.010000000000000e-02
  4.932618296906799e-01   1.265775613175964e-01  -5.010000000000001e-02
  4.932606353758513e-01   1.265797716767693e-01  -5.010000000000000e-02
  4.932594203936062e-01   1.265820202858347e-01  -5.010000000000000e-02
  4.932581890923140e-01   1.265843099935626e-01  -5.010000000000000e-02
  4.932572144873201e-01   1.265867689562980e-01  -5.009999999999999e-02
  4.932562230251978e-01   1.265892704501618e-01  -5.010000000000000e-02
  4.932552144172740e-01   1.265918152034874e-01  -5.010000000000000e-02
  4.932541883700331e-01   1.265944039568243e-01  -5.010000000000000e-02
  4.932531445850399e-01   1.265970374631349e-01  -5.010000000000000e-02
  4.932520827588611e-01   1.265997164879926e-01  -5.010000000000000e-02
  4.932510025829846e-01   1.266024418097839e-01  -5.010000000000000e-02
  4.932499037437393e-01   1.266052142199123e-01  -5.010000000000000e-02
  4.932487859222123e-01   1.266080345230063e-01  -5.010000000000000e-02
  4.932476487941657e-01   1.266109035371293e-01  -5.010000000000001e-02
  4.932466301852662e-01   1.266138702568023e-01  -5.010000000000000e-02
  4.932457061776084e-01   1.266169273063318e-01  -5.010000000000000e-02
  4.932447662203385e-01   1.266200371246379e-01  -5.010000000000001e-02
  4.932438100414571e-01   1.266232006116224e-01  -5.010000000000001e-02
  4.932428373644421e-01   1.266264186821501e-01  -5.010000000000000e-02
  4.932418479081774e-01   1.266296922662840e-01  -5.010000000000000e-02
  4.932408413868812e-01   1.266330223095239e-01  -5.010000000000000e-02
  4.932398175100329e-01   1.266364097730482e-01  -5.010000000000000e-02
  4.932387759822987e-01   1.266398556339591e-01  -5.010000000000001e-02
  4.932377165034568e-01   1.266433608855306e-01  -5.010000000000000e-02
  4.932367588151410e-01   1.266469587721581e-01  -5.010000000000000e-02
  4.932358907880655e-01   1.266506471465914e-01  -5.010000000000000e-02
  4.932350078107508e-01   1.266543990467854e-01  -5.010000000000000e-02
  4.932341096293965e-01   1.266582155511750e-01  -5.009999999999999e-02
  4.932331959860228e-01   1.266620977559543e-01  -5.010000000000000e-02
  4.932322666184059e-01   1.266660467753501e-01  -5.010000000000000e-02
  4.932313212600134e-01   1.266700637418984e-01  -5.010000000000000e-02
  4.932303596399378e-01   1.266741498067249e-01  -5.010000000000000e-02
  4.932293814828299e-01   1.266783061398283e-01  -5.010000000000000e-02
  4.932283944061189e-01   1.266825355913706e-01  -5.010000000000000e-02
  4.932275883738220e-01   1.266868793840986e-01  -5.010000000000000e-02
  4.932267684915360e-01   1.266912978158737e-01  -5.009999999999999e-02
  4.932259345252734e-01   1.266957921476779e-01  -5.009999999999999e-02
  4.932250862372335e-01   1.267003636610451e-01  -5.010000000000000e-02
  4.932242233857445e-01   1.267050136583689e-01  -5.010000000000000e-02
  4.932233457252063e-01   1.267097434632149e-01  -5.010000000000000e-02
  4.932224530060312e-01   1.267145544206371e-01  -5.010000000000000e-02
  4.932215449745849e-01   1.267194478974972e-01  -5.010000000000000e-02
  4.932206407809153e-01   1.267244285017910e-01  -5.010000000000000e-02
  4.932198954594432e-01   1.267295234026376e-01  -5.010000000000000e-02
  4.932191373662003e-01   1.267347056093082e-01  -5.010000000000000e-02
  4.932183662866366e-01   1.267399765884344e-01  -5.010000000000001e-02
  4.932175820027477e-01   1.267453378302586e-01  -5.010000000000000e-02
  4.932167842930254e-01   1.267507908489783e-01  -5.010000000000000e-02
  4.932159729324057e-01   1.267563371830940e-01  -5.010000000000000e-02
  4.932151476922183e-01   1.267619783957604e-01  -5.010000000000000e-02
  4.932143083401342e-01   1.267677160751424e-01  -5.010000000000000e-02
  4.932135854255288e-01   1.267735689169077e-01  -5.010000000000000e-02
  4.932129001033140e-01   1.267795282935340e-01  -5.010000000000000e-02
  4.932122030750000e-01   1.267855894632329e-01  -5.010000000000001e-02
  4.932114941452447e-01   1.267917541246462e-01  -5.010000000000000e-02
  4.932107731156069e-01   1.267980240033647e-01  -5.010000000000000e-02
  4.932100397845028e-01   1.268044008523068e-01  -5.010000000000000e-02
  4.932092939471621e-01   1.268108864521012e-01  -5.010000000000000e-02
  4.932085353955831e-01   1.268174826114721e-01  -5.010000000000000e-02
  4.932079210942423e-01   1.268242071668384e-01  -5.009999999999999e-02
  4.932073148485976e-01   1.268310481426377e-01  -5.009999999999999e-02
  4.932066982816441e-01   1.268380055857882e-01  -5.010000000000000e-02
  4.932060712223316e-01   1.268450814264464e-01  -5.010000000000000e-02
  4.932054334969379e-01   1.268522776249241e-01  -5.010000000000000e-02
  4.932047849290320e-01   1.268595961720962e-01  -5.010000000000001e-02
  4.932041253394383e-01   1.268670390898105e-01  -5.010000000000000e-02
  4.932035519161562e-01   1.268746159786477e-01  -5.010000000000000e-02
  4.932030397238829e-01   1.268823270051798e-01  -5.010000000000000e-02
  4.932025188401358e-01   1.268901688813724e-01  -5.010000000000000e-02
  4.932019891218666e-01   1.268981437608081e-01  -5.010000000000000e-02
  4.932014504238271e-01   1.269062538301946e-01  -5.009999999999999e-02
  4.932009025985399e-01   1.269145013097938e-01  -5.010000000000000e-02
  4.932003454962703e-01   1.269228884538527e-01  -5.010000000000000e-02
  4.931999010927227e-01   1.269314244975119e-01  -5.010000000000000e-02
  4.931994900116328e-01   1.269401072582447e-01  -5.010000000000000e-02
  4.931990719806449e-01   1.269489368131322e-01  -5.010000000000000e-02
  4.931986468862679e-01   1.269579155593105e-01  -5.010000000000000e-02
  4.931982146132959e-01   1.269670459301295e-01  -5.010000000000001e-02
  4.931977750447875e-01   1.269763303955977e-01  -5.010000000000000e-02
  4.931973880617417e-01   1.269857737931475e-01  -5.010000000000000e-02
  4.931970966107969e-01   1.269953803401221e-01  -5.010000000000000e-02
  4.931968002499512e-01   1.270051487228874e-01  -5.010000000000000e-02
  4.931964988996304e-01   1.270150815642935e-01  -5.010000000000000e-02
  4.931961924790794e-01   1.270251815261201e-01  -5.010000000000000e-02
  4.931958809063483e-01   1.270354513095296e-01  -5.010000000000000e-02
  4.931956301293896e-01   1.270458951544534e-01  -5.010000000000000e-02
  4.931954701218498e-01   1.270565165245092e-01  -5.010000000000000e-02
  4.931953074293675e-01   1.270673161222204e-01  -5.010000000000000e-02
  4.931951420087941e-01   1.270782968118097e-01  -5.010000000000000e-02
  4.931949738163531e-01   1.270894614991664e-01  -5.009999999999999e-02
  4.931948028076339e-01   1.271008131322999e-01  -5.010000000000000e-02
  4.931947628526722e-01   1.271123557962093e-01  -5.010000000000000e-02
  4.931947478187426e-01   1.271240916575101e-01  -5.010000000000000e-02
  4.931947325336435e-01   1.271360235879464e-01  -5.010000000000000e-02
  4.931947169933765e-01   1.271481547088793e-01  -5.010000000000000e-02
  4.931947011938862e-01   1.271604881860474e-01  -5.010000000000000e-02
  4.931947878156927e-01   1.271730266973917e-01  -5.010000000000000e-02
  4.931949363869373e-01   1.271857737086446e-01  -5.009999999999999e-02
  4.931950874304036e-01   1.271987328298244e-01  -5.010000000000000e-02
  4.931952409851073e-01   1.272119074083839e-01  -5.010000000000000e-02
  4.931953970906070e-01   1.272253008383496e-01  -5.010000000000000e-02
  4.931956800740870e-01   1.272389143647542e-01  -5.010000000000000e-02
  4.931960078181763e-01   1.272527529276852e-01  -5.010000000000000e-02
  4.931963409921208e-01   1.272668207591031e-01  -5.010000000000000e-02
  4.931966796807971e-01   1.272811214428183e-01  -5.010000000000000e-02
  4.931970577273442e-01   1.272956576151459e-01  -5.010000000000000e-02
  4.931975797476165e-01   1.273104298730265e-01  -5.010000000000000e-02
  4.931981103837421e-01   1.273254459444384e-01  -5.010000000000000e-02
  4.931986497692827e-01   1.273407096089487e-01  -5.010000000000000e-02
  4.931991980395751e-01   1.273562246963474e-01  -5.010000000000000e-02
  4.931999194520766e-01   1.273719883706475e-01  -5.010000000000000e-02
  4.932006646757688e-01   1.273880106800318e-01  -5.010000000000000e-02
  4.932014221365390e-01   1.274042960865885e-01  -5.010000000000000e-02
  4.932021920219452e-01   1.274208486228229e-01  -5.010000000000000e-02
  4.932030626487037e-01   1.274376680293866e-01  -5.010000000000000e-02
  4.932039527686963e-01   1.274547624573533e-01  -5.010000000000001e-02
  4.932048574405941e-01   1.274721363493221e-01  -5.010000000000000e-02
  4.932057768852400e-01   1.274897939464988e-01  -5.010000000000000e-02
  4.932067113262475e-01   1.275077395432984e-01  -5.010000000000000e-02
  4.932076609900152e-01   1.275259774876239e-01  -5.010000000000000e-02
  4.932086261057406e-01   1.275445121811298e-01  -5.010000000000000e-02
  4.932096069054330e-01   1.275633480794719e-01  -5.010000000000000e-02
  4.932106036239262e-01   1.275824896925407e-01  -5.010000000000001e-02
  4.932116164988888e-01   1.276019415846794e-01  -5.010000000000001e-02
  4.932126457708356e-01   1.276217083748848e-01  -5.010000000000000e-02
  4.932136916831366e-01   1.276417947369901e-01  -5.010000000000000e-02
  4.932147544820258e-01   1.276622053998293e-01  -5.010000000000000e-02
  4.932157310987947e-01   1.276829500980916e-01  -5.010000000000000e-02
  4.932166537637812e-01   1.277040321387118e-01  -5.010000000000000e-02
  4.932175912632044e-01   1.277254531324785e-01  -5.010000000000000e-02
  4.932185438137932e-01   1.277472180314384e-01  -5.010000000000000e-02
  4.932195116347063e-01   1.277693318431747e-01  -5.010000000000000e-02
  4.932204949475353e-01   1.277917996308418e-01  -5.010000000000000e-02
  4.932214939763038e-01   1.278146265131750e-01  -5.010000000000000e-02
  4.932225089474673e-01   1.278378176644742e-01  -5.010000000000001e-02
  4.932235400899114e-01   1.278613783145614e-01  -5.010000000000001e-02
  4.932245876349485e-01   1.278853137487091e-01  -5.010000000000000e-02
  4.932256518163133e-01   1.279096293075409e-01  -5.010000000000000e-02
  4.932270102974500e-01   1.279343159861698e-01  -5.010000000000000e-02
  4.932285159972100e-01   1.279593868825897e-01  -5.010000000000000e-02
  4.932300454883942e-01   1.279848539219533e-01  -5.009999999999999e-02
  4.932315991046665e-01   1.280107226599813e-01  -5.010000000000000e-02
  4.932331771829535e-01   1.280369987067265e-01  -5.010000000000000e-02
  4.932347800634271e-01   1.280636877262759e-01  -5.010000000000000e-02
  4.932364080894843e-01   1.280907954364166e-01  -5.009999999999999e-02
  4.932380616077250e-01   1.281183276082641e-01  -5.010000000000001e-02
  4.932397409679269e-01   1.281462900658497e-01  -5.010000000000000e-02
  4.932418603003151e-01   1.281746590995876e-01  -5.010000000000000e-02
  4.932442491979816e-01   1.282034528479081e-01  -5.010000000000000e-02
  4.932466752096713e-01   1.282326939372152e-01  -5.010000000000000e-02
  4.932491388349150e-01   1.282623883884332e-01  -5.010000000000000e-02
  4.932516405774037e-01   1.282925422726257e-01  -5.010000000000000e-02
  4.932541809449323e-01   1.283231617103201e-01  -5.010000000000000e-02
  4.932567604493392e-01   1.283542528707846e-01  -5.010000000000000e-02
  4.932593796064426e-01   1.283858219712552e-01  -5.010000000000000e-02
  4.932628062947557e-01   1.284178017258996e-01  -5.010000000000000e-02
  4.932663371906727e-01   1.284502659080795e-01  -5.009999999999999e-02
  4.932699219954371e-01   1.284832257453792e-01  -5.010000000000000e-02
  4.932735614034626e-01   1.285166876224622e-01  -5.010000000000000e-02
  4.932772561138615e-01   1.285506579671882e-01  -5.010000000000000e-02
  4.932810068303246e-01   1.285851432495138e-01  -5.010000000000001e-02
  4.932850514769764e-01   1.286201210075383e-01  -5.010000000000000e-02
  4.932898528434651e-01   1.286555413552560e-01  -5.010000000000000e-02
  4.932947264422062e-01   1.286914945703356e-01  -5.010000000000000e-02
  4.932996731685052e-01   1.287279872575708e-01  -5.010000000000000e-02
  4.933046939224873e-01   1.287650260573102e-01  -5.010000000000000e-02
  4.933097896088973e-01   1.288026176439809e-01  -5.010000000000000e-02
  4.933153339010489e-01   1.288407131434778e-01  -5.010000000000000e-02
  4.933216086998179e-01   1.288792773969869e-01  -5.010000000000000e-02
  4.933279763627999e-01   1.289184123841855e-01  -5.010000000000000e-02
  4.933344379911744e-01   1.289581248728075e-01  -5.010000000000001e-02
  4.933409946902775e-01   1.289984216561314e-01  -5.009999999999999e-02
  4.933477660041636e-01   1.290392886737110e-01  -5.010000000000000e-02
  4.933556079267678e-01   1.290805820680529e-01  -5.010000000000000e-02
  4.933635641741703e-01   1.291224774651454e-01  -5.010000000000000e-02
  4.933716360460589e-01   1.291649817087853e-01  -5.010000000000000e-02
  4.933798248450082e-01   1.292081016579694e-01  -5.010000000000000e-02
  4.933885495222161e-01   1.292517592275945e-01  -5.010000000000000e-02
  4.933981274868431e-01   1.292958969990593e-01  -5.010000000000001e-02
  4.934078428116142e-01   1.293406677620715e-01  -5.010000000000000e-02
  4.934176969851023e-01   1.293860783763648e-01  -5.010000000000001e-02
  4.934277497213365e-01   1.294321222890724e-01  -5.010000000000000e-02
  4.934390754808056e-01   1.294785591406832e-01  -5.010000000000000e-02
  4.934505613731843e-01   1.295256525547250e-01  -5.010000000000000e-02
  4.934622090605619e-01   1.295734093459446e-01  -5.009999999999999e-02
  4.934741304468563e-01   1.296218079626734e-01  -5.010000000000000e-02
  4.934873350064460e-01   1.296705959585168e-01  -5.010000000000001e-02
  4.935007234359771e-01   1.297200633140828e-01  -5.010000000000000e-02
  4.935142975540834e-01   1.297702167488298e-01  -5.009999999999999e-02
  4.935286024514025e-01   1.298209087695380e-01  -5.010000000000000e-02
  4.935438094920694e-01   1.298720979271546e-01  -5.010000000000000e-02
  4.935592248465981e-01   1.299239883001706e-01  -5.010000000000000e-02
  4.935749081804935e-01   1.299765685546643e-01  -5.010000000000000e-02
  4.935920241163543e-01   1.300294845436197e-01  -5.010000000000001e-02
  4.936093714701278e-01   1.300831159890838e-01  -5.010000000000001e-02
  4.936269523141107e-01   1.301374692978127e-01  -5.010000000000000e-02
  4.936459040402572e-01   1.301921688518091e-01  -5.010000000000000e-02
  4.936652608100619e-01   1.302475466021923e-01  -5.009999999999999e-02
  4.936848744838713e-01   1.303036593288132e-01  -5.010000000000000e-02
  4.937059449774072e-01   1.303600789898074e-01  -5.009999999999999e-02
  4.937273987119986e-01   1.304172016217063e-01  -5.010000000000000e-02
  4.937493043615954e-01   1.304750046719158e-01  -5.010000000000000e-02
  4.937726325298111e-01   1.305331178816584e-01  -5.010000000000000e-02
  4.937962626219903e-01   1.305919832194920e-01  -5.010000000000001e-02
  4.938208514223580e-01   1.306513352766207e-01  -5.010000000000000e-02
  4.938464119403735e-01   1.307111752182178e-01  -5.010000000000000e-02
  4.938723101455084e-01   1.307717718169500e-01  -5.010000000000000e-02
  4.938998409866940e-01   1.308325617580581e-01  -5.010000000000000e-02
  4.939277184718630e-01   1.308941171122964e-01  -5.010000000000000e-02
  4.939567844399150e-01   1.309560521504157e-01  -5.010000000000000e-02
  4.939866811090845e-01   1.310185395621195e-01  -5.010000000000000e-02
  4.940174525258713e-01   1.310815519308573e-01  -5.010000000000000e-02
  4.940493985872124e-01   1.311449478670737e-01  -5.010000000000001e-02
  4.940820442220053e-01   1.312089585243230e-01  -5.010000000000000e-02
  4.941160826896067e-01   1.312732313594925e-01  -5.010000000000000e-02
  4.941507609293790e-01   1.313381550987704e-01  -5.010000000000000e-02
  4.941869123662191e-01   1.314032831862418e-01  -5.010000000000000e-02
  4.942237531133075e-01   1.314690393113246e-01  -5.010000000000000e-02
  4.942620442137428e-01   1.315349964806213e-01  -5.010000000000000e-02
  4.943011726014621e-01   1.316014977401269e-01  -5.010000000000000e-02
  4.943416388156636e-01   1.316682508682950e-01  -5.010000000000000e-02
  4.943831703723648e-01   1.317354067781241e-01  -5.010000000000000e-02
  4.944258307326974e-01   1.318029305735001e-01  -5.009999999999999e-02
  4.944698657174638e-01   1.318706514594553e-01  -5.010000000000000e-02
  4.945147684541487e-01   1.319388996964065e-01  -5.010000000000000e-02
  4.945613733222521e-01   1.320071107918012e-01  -5.010000000000000e-02
  4.946089371115995e-01   1.320757751231017e-01  -5.010000000000000e-02
  4.946577915794456e-01   1.321446650600645e-01  -5.010000000000001e-02
  4.947080929486251e-01   1.322136512165998e-01  -5.010000000000000e-02
  4.947594696892355e-01   1.322829980734301e-01  -5.010000000000000e-02
  4.948123121981564e-01   1.323524090004862e-01  -5.010000000000000e-02
  4.948665324539139e-01   1.324219308287578e-01  -5.010000000000000e-02
  4.949219330550785e-01   1.324917111625147e-01  -5.010000000000000e-02
  4.949787682611865e-01   1.325615394718780e-01  -5.010000000000000e-02
  4.950371005669330e-01   1.326313429901352e-01  -5.010000000000000e-02
  4.950966943166327e-01   1.327013055669726e-01  -5.010000000000001e-02
  4.951575868650975e-01   1.327713888943221e-01  -5.010000000000000e-02
  4.952201044189120e-01   1.328412892308373e-01  -5.010000000000000e-02
  4.952840038428208e-01   1.329112001639326e-01  -5.010000000000000e-02
  4.953492561928016e-01   1.329811357669414e-01  -5.010000000000001e-02
  4.954158883800361e-01   1.330510583110219e-01  -5.010000000000000e-02
  4.954840337145282e-01   1.331208217883262e-01  -5.010000000000000e-02
  4.955537031288969e-01   1.331903897997721e-01  -5.010000000000001e-02
  4.956247805119646e-01   1.332598573954141e-01  -5.010000000000000e-02
  4.956972764067025e-01   1.333291963480144e-01  -5.010000000000000e-02
  4.957712016116747e-01   1.333983760969697e-01  -5.010000000000000e-02
  4.958465726683818e-01   1.334673583185669e-01  -5.010000000000000e-02
  4.959234619380964e-01   1.335360388002335e-01  -5.010000000000000e-02
  4.960018522832340e-01   1.336044080211093e-01  -5.010000000000001e-02
  4.960816812548937e-01   1.336725115299468e-01  -5.010000000000000e-02
  4.961629548407419e-01   1.337403176882114e-01  -5.010000000000000e-02
  4.962456705454238e-01   1.338078036954440e-01  -5.010000000000000e-02
  4.963298218449648e-01   1.338749506871911e-01  -5.010000000000000e-02
  4.964154078357582e-01   1.339417317333802e-01  -5.010000000000000e-02
  4.965024280052353e-01   1.340081184933523e-01  -5.010000000000000e-02
  4.965908702094263e-01   1.340740965183251e-01  -5.009999999999999e-02
  4.966807335466837e-01   1.341396359058050e-01  -5.010000000000000e-02
  4.967719979659406e-01   1.342047319005899e-01  -5.010000000000000e-02
  4.968646619266787e-01   1.342693536849940e-01  -5.010000000000000e-02
  4.969587095522106e-01   1.343334898747047e-01  -5.010000000000000e-02
  4.970541323112288e-01   1.343971179284947e-01  -5.010000000000000e-02
  4.971509123650857e-01   1.344602285302648e-01  -5.010000000000000e-02
  4.972490406698508e-01   1.345227984256521e-01  -5.010000000000000e-02
  4.973484955109573e-01   1.345848237670892e-01  -5.010000000000000e-02
  4.974492541885571e-01   1.346463027276093e-01  -5.010000000000000e-02
  4.975513028416715e-01   1.347072189710468e-01  -5.010000000000000e-02
  4.976546257624772e-01   1.347675586482136e-01  -5.010000000000000e-02
  4.977592050215894e-01   1.348273112578634e-01  -5.010000000000000e-02
  4.978650150172204e-01   1.348864796875705e-01  -5.010000000000000e-02
  4.979720455215371e-01   1.349450392009040e-01  -5.010000000000000e-02
  4.980802725605367e-01   1.350029892909160e-01  -5.010000000000000e-02
  4.981896767010207e-01   1.350603210428406e-01  -5.010000000000000e-02
  4.983002330738556e-01   1.351170359204349e-01  -5.010000000000000e-02
  4.984119167910941e-01   1.351731357056148e-01  -5.010000000000000e-02
  4.985247114338528e-01   1.352286052902254e-01  -5.010000000000000e-02
  4.986385916261190e-01   1.352834473407261e-01  -5.010000000000000e-02
  4.987535284542479e-01   1.353376722057569e-01  -5.010000000000000e-02
  4.988695062422661e-01   1.353912624586802e-01  -5.010000000000000e-02
  4.989864975761938e-01   1.354442254592842e-01  -5.010000000000000e-02
  4.991044781616216e-01   1.354965620392929e-01  -5.010000000000000e-02
  4.992234241199409e-01   1.355482720891046e-01  -5.010000000000000e-02
  4.993433118428616e-01   1.355993549143150e-01  -5.010000000000000e-02
  4.994641137300264e-01   1.356498191036807e-01  -5.010000000000000e-02
  4.995858089895012e-01   1.356996572320342e-01  -5.010000000000000e-02
  4.997083702232960e-01   1.357488777022597e-01  -5.010000000000000e-02
  4.998317700764127e-01   1.357974891593948e-01  -5.010000000000000e-02
  4.999559843113441e-01   1.358454925041611e-01  -5.009999999999999e-02
  5.000809903961915e-01   1.358928841502529e-01  -5.010000000000000e-02
  5.002067610458479e-01   1.359396728413522e-01  -5.010000000000001e-02
  5.003332701420922e-01   1.359858643880226e-01  -5.010000000000000e-02
  5.004604923284731e-01   1.360314627337718e-01  -5.010000000000000e-02
  5.005884011077717e-01   1.360764748924170e-01  -5.010000000000001e-02
  5.007169740106117e-01   1.361208965876521e-01  -5.010000000000000e-02
  5.008461826565450e-01   1.361647404936813e-01  -5.009999999999999e-02
  5.009759996484525e-01   1.362080166008928e-01  -5.010000000000000e-02
  5.011064032938206e-01   1.362507180709809e-01  -5.010000000000001e-02
  5.012373667303073e-01   1.362928534030712e-01  -5.010000000000001e-02
  5.013688645443892e-01   1.363344268262668e-01  -5.009999999999999e-02
  5.015008702577919e-01   1.363754459886958e-01  -5.010000000000000e-02
  5.016333583177136e-01   1.364159157305523e-01  -5.009999999999999e-02
  5.017663034467547e-01   1.364558400655612e-01  -5.010000000000000e-02
  5.018996800706481e-01   1.364952240461443e-01  -5.010000000000000e-02
  5.020334632499826e-01   1.365340706647082e-01  -5.010000000000000e-02
  5.021676279448341e-01   1.365723833021598e-01  -5.010000000000000e-02
  5.023021483198302e-01   1.366101682275422e-01  -5.010000000000000e-02
  5.024370023218653e-01   1.366474182423638e-01  -5.010000000000000e-02
  5.025721664036118e-01   1.366841309721373e-01  -5.009999999999999e-02
  5.027076131583740e-01   1.367203183936110e-01  -5.010000000000000e-02
  5.028433182243852e-01   1.367559817801125e-01  -5.010000000000000e-02
  5.029792525563099e-01   1.367911406940064e-01  -5.010000000000000e-02
  5.031153929066013e-01   1.368257928312862e-01  -5.010000000000001e-02
  5.032517161768183e-01   1.368599353819493e-01  -5.010000000000000e-02
  5.033881984049498e-01   1.368935690761798e-01  -5.010000000000000e-02
  5.035248138062262e-01   1.369267024489504e-01  -5.010000000000000e-02
  5.036615376650071e-01   1.369593400814170e-01  -5.010000000000000e-02
  5.037983467509608e-01   1.369914808706128e-01  -5.010000000000000e-02
  5.039352173212955e-01   1.370231261792057e-01  -5.010000000000000e-02
  5.040721261089266e-01   1.370542757854366e-01  -5.010000000000000e-02
  5.042090489970994e-01   1.370849336491992e-01  -5.010000000000000e-02
  5.043459750969159e-01   1.371150437372787e-01  -5.010000000000000e-02
  5.044828685803763e-01   1.371446629810890e-01  -5.009999999999999e-02
  5.046197059834576e-01   1.371737943723784e-01  -5.009999999999999e-02
  5.047564643727707e-01   1.372024391831379e-01  -5.010000000000000e-02
  5.048931207331411e-01   1.372305999129782e-01  -5.010000000000000e-02
  5.050296529361076e-01   1.372582755460101e-01  -5.010000000000000e-02
  5.051660391230293e-01   1.372854646943883e-01  -5.010000000000001e-02
  5.053022552906817e-01   1.373121776170729e-01  -5.010000000000000e-02
  5.054382936566052e-01   1.373383411492929e-01  -5.010000000000000e-02
  5.055741225835491e-01   1.373640051108174e-01  -5.009999999999999e-02
  5.057097172112710e-01   1.373891876749380e-01  -5.010000000000000e-02
  5.058450552801049e-01   1.374138950945455e-01  -5.010000000000000e-02
  5.059801158335835e-01   1.374381278702166e-01  -5.010000000000000e-02
  5.061148789085463e-01   1.374618824539321e-01  -5.010000000000000e-02
  5.062493316434183e-01   1.374851148517559e-01  -5.010000000000000e-02
  5.063834549090601e-01   1.375078158989926e-01  -5.010000000000000e-02
  5.065172183127336e-01   1.375300461372990e-01  -5.010000000000000e-02
  5.066506025703526e-01   1.375518039384838e-01  -5.010000000000000e-02
  5.067835880865979e-01   1.375730914895203e-01  -5.010000000000001e-02
  5.069161550416313e-01   1.375939142407450e-01  -5.010000000000000e-02
  5.070483042298198e-01   1.376141437311921e-01  -5.010000000000000e-02
  5.071799965165958e-01   1.376339109733560e-01  -5.010000000000000e-02
  5.073112132774771e-01   1.376532201713279e-01  -5.010000000000000e-02
  5.074419364735985e-01   1.376720739494417e-01  -5.010000000000000e-02
  5.075721538806678e-01   1.376904358435587e-01  -5.010000000000000e-02
  5.077018579300610e-01   1.377082327331690e-01  -5.010000000000000e-02
  5.078310150227068e-01   1.377255836205933e-01  -5.010000000000000e-02
  5.079596087416705e-01   1.377424895918639e-01  -5.010000000000000e-02
  5.080876231084365e-01   1.377589515174159e-01  -5.010000000000000e-02
  5.082150611931359e-01   1.377748172122522e-01  -5.010000000000000e-02
  5.083418875455701e-01   1.377902413527671e-01  -5.010000000000000e-02
  5.084680855069699e-01   1.378052392732378e-01  -5.010000000000001e-02
  5.085936401624442e-01   1.378198158120784e-01  -5.010000000000000e-02
  5.087185580395834e-01   1.378337842184124e-01  -5.010000000000000e-02
  5.088428023264286e-01   1.378473416199900e-01  -5.010000000000000e-02
  5.089663591724187e-01   1.378604943683730e-01  -5.010000000000000e-02
  5.090892230087500e-01   1.378731715357283e-01  -5.010000000000000e-02
  5.092113856773752e-01   1.378853194672536e-01  -5.010000000000000e-02
  5.093328204357147e-01   1.378970791559251e-01  -5.010000000000000e-02
  5.094535148837293e-01   1.379084601439460e-01  -5.010000000000000e-02
  5.095734764640240e-01   1.379192513322969e-01  -5.010000000000000e-02
  5.096926740082997e-01   1.379296638130224e-01  -5.010000000000000e-02
  5.098110952907633e-01   1.379397199827408e-01  -5.010000000000000e-02
  5.099287441349272e-01   1.379492467822538e-01  -5.010000000000000e-02
  5.100456000957313e-01   1.379583602179503e-01  -5.010000000000000e-02
  5.101616475990758e-01   1.379671411333067e-01  -5.010000000000000e-02
  5.102768895883513e-01   1.379754242962412e-01  -5.010000000000000e-02
  5.103913092859547e-01   1.379833059919797e-01  -5.010000000000000e-02
  5.105048919445199e-01   1.379908831493876e-01  -5.010000000000000e-02
  5.106176430850782e-01   1.379979446321191e-01  -5.010000000000000e-02
  5.107295437015855e-01   1.380046543925054e-01  -5.009999999999999e-02
  5.108405825771482e-01   1.380110889432145e-01  -5.010000000000000e-02
  5.109507684175396e-01   1.380169607510265e-01  -5.010000000000000e-02
  5.110600772735492e-01   1.380225772599839e-01  -5.009999999999999e-02
  5.111685083206685e-01   1.380278463669334e-01  -5.010000000000000e-02
  5.112760595190997e-01   1.380326695628241e-01  -5.010000000000000e-02
  5.113827153532983e-01   1.380372707481370e-01  -5.010000000000000e-02
  5.114884808231301e-01   1.380414099201077e-01  -5.009999999999999e-02
  5.115933431430364e-01   1.380452679266089e-01  -5.010000000000000e-02
  5.116972989083288e-01   1.380488348914579e-01  -5.010000000000000e-02
  5.118003474367527e-01   1.380519862584298e-01  -5.010000000000000e-02
  5.119024774181522e-01   1.380549733536716e-01  -5.010000000000000e-02
  5.120036941994306e-01   1.380574805372913e-01  -5.010000000000000e-02
  5.121039863992645e-01   1.380598092147678e-01  -5.010000000000000e-02
  5.122033554451650e-01   1.380618010971149e-01  -5.010000000000000e-02
  5.123017970127306e-01   1.380635129566808e-01  -5.010000000000000e-02
  5.123993086926051e-01   1.380649967581225e-01  -5.010000000000000e-02
  5.124958898925904e-01   1.380661262382650e-01  -5.010000000000000e-02
  5.125915368379406e-01   1.380671263334942e-01  -5.010000000000000e-02
  5.126862506874976e-01   1.380677084627998e-01  -5.010000000000000e-02
  5.127800282207390e-01   1.380682305301125e-01  -5.010000000000000e-02
  5.128728704314710e-01   1.380683143510905e-01  -5.010000000000000e-02
  5.129647760833188e-01   1.380683541662269e-01  -5.010000000000000e-02
  5.130557452031648e-01   1.380680053503845e-01  -5.010000000000000e-02
  5.131457787840270e-01   1.380675989723481e-01  -5.010000000000000e-02
  5.132348759912230e-01   1.380668308064121e-01  -5.010000000000000e-02
  5.133230398001507e-01   1.380660119791869e-01  -5.010000000000000e-02
  5.134102686000240e-01   1.380648526619165e-01  -5.010000000000000e-02
  5.134965674429282e-01   1.380636659094880e-01  -5.010000000000000e-02
  5.135819333980242e-01   1.380621331949230e-01  -5.010000000000000e-02
  5.136663743429771e-01   1.380606139707527e-01  -5.010000000000000e-02
  5.137498850141413e-01   1.380587253968436e-01  -5.010000000000000e-02
  5.138324760468074e-01   1.380568576203398e-01  -5.010000000000000e-02
  5.139141422771791e-01   1.380546855935239e-01  -5.010000000000000e-02
  5.139948937880913e-01   1.380524879028311e-01  -5.010000000000000e-02
  5.140747279343608e-01   1.380500695219405e-01  -5.010000000000001e-02
  5.141536520378398e-01   1.380475586432620e-01  -5.010000000000000e-02
  5.142316685234250e-01   1.380449330613849e-01  -5.009999999999999e-02
  5.143087794624942e-01   1.380421387158768e-01  -5.010000000000000e-02
  5.143849944464392e-01   1.380393419177171e-01  -5.010000000000000e-02
  5.144603074384070e-01   1.380362750833442e-01  -5.010000000000000e-02
  5.145347346419872e-01   1.380332443193251e-01  -5.010000000000001e-02
  5.146082707191715e-01   1.380300183423479e-01  -5.010000000000000e-02
  5.146809266445358e-01   1.380267425024788e-01  -5.010000000000000e-02
  5.147527072494043e-01   1.380234237738304e-01  -5.010000000000000e-02
  5.148236111038000e-01   1.380199253462125e-01  -5.010000000000000e-02
  5.148936538636593e-01   1.380164694053808e-01  -5.010000000000000e-02
  5.149628296024624e-01   1.380128378658661e-01  -5.010000000000000e-02
  5.150311512305726e-01   1.380091762038848e-01  -5.010000000000000e-02
  5.150986261170496e-01   1.380055229083981e-01  -5.010000000000000e-02
  5.151652487052076e-01   1.380016764940338e-01  -5.010000000000000e-02
  5.152310381903283e-01   1.379978781783637e-01  -5.010000000000000e-02
  5.152959936951584e-01   1.379940149722588e-01  -5.009999999999999e-02
  5.153601192614314e-01   1.379900545611708e-01  -5.010000000000000e-02
  5.154234297707021e-01   1.379861444882080e-01  -5.010000000000000e-02
  5.154859214805047e-01   1.379821293944733e-01  -5.010000000000000e-02
  5.155476050278037e-01   1.379780782764763e-01  -5.010000000000000e-02
  5.156084923597738e-01   1.379740794505797e-01  -5.010000000000000e-02
  5.156685785651080e-01   1.379699655920296e-01  -5.010000000000000e-02
  5.157278774704428e-01   1.379658456265886e-01  -5.010000000000000e-02
  5.157863996663044e-01   1.379617796253172e-01  -5.010000000000000e-02
  5.158441407143034e-01   1.379576129731009e-01  -5.010000000000001e-02
  5.159011140664815e-01   1.379534409967654e-01  -5.010000000000000e-02
  5.159573307587435e-01   1.379493244282151e-01  -5.010000000000000e-02
  5.160127891959405e-01   1.379451519488140e-01  -5.010000000000000e-02
  5.160674983814207e-01   1.379409529873898e-01  -5.010000000000000e-02
  5.161214713747288e-01   1.379368105291380e-01  -5.010000000000001e-02
  5.161747109726156e-01   1.379326725971690e-01  -5.010000000000000e-02
  5.162272181473420e-01   1.379284635462212e-01  -5.010000000000000e-02
  5.162790099137081e-01   1.379243118434406e-01  -5.010000000000000e-02
  5.163300931891637e-01   1.379202169343144e-01  -5.010000000000000e-02
  5.163804635266855e-01   1.379160390830909e-01  -5.010000000000000e-02
  5.164301373593893e-01   1.379118935648252e-01  -5.010000000000000e-02
  5.164791237531440e-01   1.379078054166187e-01  -5.010000000000001e-02
  5.165274266998581e-01   1.379037389034784e-01  -5.009999999999999e-02
  5.165750463214615e-01   1.378996126880878e-01  -5.010000000000001e-02
  5.166219996514899e-01   1.378955442065149e-01  -5.010000000000000e-02
  5.166682936863626e-01   1.378915328525236e-01  -5.010000000000000e-02
  5.167139305638508e-01   1.378875228728334e-01  -5.010000000000000e-02
  5.167589155902201e-01   1.378834945135093e-01  -5.010000000000000e-02
  5.168032624600992e-01   1.378795233003926e-01  -5.010000000000000e-02
  5.168469781510402e-01   1.378756086086513e-01  -5.010000000000000e-02
  5.168900653706446e-01   1.378717029835205e-01  -5.010000000000000e-02
  5.169325288575298e-01   1.378677814465977e-01  -5.010000000000000e-02
  5.169743821786765e-01   1.378639162589682e-01  -5.010000000000000e-02
  5.170156322530428e-01   1.378601067816605e-01  -5.010000000000000e-02
  5.170562848545534e-01   1.378563403636790e-01  -5.010000000000000e-02
  5.170963393544164e-01   1.378525362298040e-01  -5.010000000000000e-02
  5.171358113793076e-01   1.378487874158750e-01  -5.010000000000000e-02
  5.171747077552462e-01   1.378450932735981e-01  -5.010000000000000e-02
  5.172130352806462e-01   1.378414531573010e-01  -5.010000000000000e-02
  5.172507960019483e-01   1.378378173188281e-01  -5.010000000000001e-02
  5.172879975988347e-01   1.378341949099879e-01  -5.010000000000000e-02
  5.173246506828810e-01   1.378306259111604e-01  -5.010000000000000e-02
  5.173607619236221e-01   1.378271096729169e-01  -5.010000000000001e-02
  5.173963379548822e-01   1.378236455493060e-01  -5.010000000000000e-02
  5.174313803984627e-01   1.378201823877350e-01  -5.010000000000000e-02
  5.174658982158243e-01   1.378167439497682e-01  -5.010000000000001e-02
  5.174999006097703e-01   1.378133568548926e-01  -5.010000000000000e-02
  5.175333940563607e-01   1.378100204580055e-01  -5.009999999999999e-02
  5.175663849895200e-01   1.378067341182017e-01  -5.010000000000000e-02
  5.175988774432810e-01   1.378034737773075e-01  -5.010000000000000e-02
  5.176308760661394e-01   1.378002219284635e-01  -5.009999999999999e-02
  5.176623913106511e-01   1.377970192027747e-01  -5.010000000000000e-02
  5.176934294305081e-01   1.377938649647119e-01  -5.010000000000000e-02
  5.177239966323403e-01   1.377907585835286e-01  -5.010000000000000e-02
  5.177540990748912e-01   1.377876994333444e-01  -5.010000000000000e-02
  5.177837394891021e-01   1.377846539398264e-01  -5.010000000000000e-02
  5.178129252524608e-01   1.377816343283025e-01  -5.010000000000000e-02
  5.178416645212298e-01   1.377786609119113e-01  -5.010000000000000e-02
  5.178699632542715e-01   1.377757330741380e-01  -5.010000000000000e-02
  5.178978273591982e-01   1.377728502037706e-01  -5.010000000000000e-02
  5.179252626918355e-01   1.377700116949547e-01  -5.010000000000000e-02
  5.179522737866020e-01   1.377672047696146e-01  -5.010000000000000e-02
  5.179788647859299e-01   1.377644133998666e-01  -5.010000000000001e-02
  5.180050443291704e-01   1.377616652224057e-01  -5.010000000000000e-02
  5.180308180596083e-01   1.377589596448323e-01  -5.010000000000000e-02
  5.180561915666923e-01   1.377562960803983e-01  -5.010000000000000e-02
  5.180811703857388e-01   1.377536739480382e-01  -5.009999999999999e-02
  5.181057599976719e-01   1.377510926723961e-01  -5.010000000000000e-02
  5.181299648065951e-01   1.377485420078774e-01  -5.010000000000000e-02
  5.181537888967129e-01   1.377460092053768e-01  -5.010000000000000e-02
  5.181772399462091e-01   1.377435160618186e-01  -5.010000000000000e-02
  5.182003232157700e-01   1.377410620179254e-01  -5.010000000000000e-02
  5.182230439108890e-01   1.377386465202871e-01  -5.010000000000000e-02
  5.182454071817964e-01   1.377362690213692e-01  -5.010000000000000e-02
  5.182674181234155e-01   1.377339289795166e-01  -5.010000000000000e-02
  5.182890817753478e-01   1.377316258589561e-01  -5.010000000000000e-02
  5.183104020856196e-01   1.377293494310267e-01  -5.010000000000000e-02
  5.183313836967597e-01   1.377270964904254e-01  -5.009999999999999e-02
  5.183520328426827e-01   1.377248792489123e-01  -5.010000000000000e-02
  5.183723543414991e-01   1.377226971891334e-01  -5.010000000000000e-02
  5.183923529562898e-01   1.377205497996441e-01  -5.010000000000000e-02
  5.184120333952312e-01   1.377184365748947e-01  -5.010000000000000e-02
  5.184314003117387e-01   1.377163570152159e-01  -5.009999999999999e-02
  5.184504583046312e-01   1.377143106268008e-01  -5.010000000000000e-02
  5.184692119183123e-01   1.377122969216854e-01  -5.010000000000000e-02
  5.184876649363617e-01   1.377103088625408e-01  -5.010000000000000e-02
  5.185058215943212e-01   1.377083441116067e-01  -5.010000000000000e-02
  5.185236872077454e-01   1.377064108549059e-01  -5.010000000000000e-02
  5.185412661051585e-01   1.377045086240444e-01  -5.010000000000000e-02
  5.185585625618356e-01   1.377026369563900e-01  -5.010000000000000e-02
  5.185755808000793e-01   1.377007953950432e-01  -5.010000000000000e-02
  5.185923249895096e-01   1.376989834888048e-01  -5.009999999999999e-02
  5.186087992473668e-01   1.376972007921442e-01  -5.010000000000000e-02
  5.186250076388258e-01   1.376954468651643e-01  -5.010000000000000e-02
  5.186409541773217e-01   1.376937212735672e-01  -5.010000000000000e-02
  5.186566428248867e-01   1.376920235886173e-01  -5.010000000000000e-02
  5.186720767455746e-01   1.376903465006942e-01  -5.010000000000000e-02
  5.186872604729629e-01   1.376886957997386e-01  -5.010000000000001e-02
  5.187021979039190e-01   1.376870718749327e-01  -5.010000000000000e-02
  5.187168927982164e-01   1.376854743175320e-01  -5.010000000000000e-02
  5.187313488660496e-01   1.376839027241824e-01  -5.010000000000000e-02
  5.187455697684230e-01   1.376823566968772e-01  -5.010000000000000e-02
  5.187595591175468e-01   1.376808358429145e-01  -5.010000000000000e-02
  5.187733204772376e-01   1.376793397748536e-01  -5.010000000000000e-02
  5.187868573633273e-01   1.376778681104703e-01  -5.010000000000000e-02
  5.188001732440752e-01   1.376764204727122e-01  -5.010000000000000e-02
  5.188132715405873e-01   1.376749964896536e-01  -5.010000000000000e-02
  5.188261556272381e-01   1.376735957944486e-01  -5.010000000000000e-02
  5.188388287585622e-01   1.376722173499179e-01  -5.010000000000000e-02
  5.188512939130512e-01   1.376708580099498e-01  -5.010000000000000e-02
  5.188635547120969e-01   1.376695209551866e-01  -5.010000000000000e-02
  5.188756143473425e-01   1.376682058375758e-01  -5.010000000000000e-02
  5.188874759658719e-01   1.376669123139241e-01  -5.010000000000001e-02
  5.188991426706525e-01   1.376656400458493e-01  -5.010000000000000e-02
  5.189106175209806e-01   1.376643886997314e-01  -5.010000000000000e-02
  5.189219035329277e-01   1.376631579466643e-01  -5.010000000000000e-02
  5.189330036797885e-01   1.376619474624065e-01  -5.010000000000000e-02
  5.189439208925308e-01   1.376607569273326e-01  -5.010000000000000e-02
  5.189546580602457e-01   1.376595860263838e-01  -5.010000000000001e-02
  5.189652180305983e-01   1.376584344490187e-01  -5.009999999999999e-02
  5.189756036102796e-01   1.376573018891643e-01  -5.009999999999999e-02
  5.189858175654584e-01   1.376561880451667e-01  -5.010000000000000e-02
  5.189958626222323e-01   1.376550926197417e-01  -5.010000000000000e-02
  5.190057414670799e-01   1.376540153199255e-01  -5.010000000000000e-02
  5.190154567475643e-01   1.376529558593505e-01  -5.010000000000000e-02
  5.190250110917121e-01   1.376519141317781e-01  -5.010000000000000e-02
  5.190344070498275e-01   1.376508896733238e-01  -5.010000000000000e-02
  5.190436471544184e-01   1.376498822078636e-01  -5.010000000000000e-02
  5.190527339006194e-01   1.376488914633484e-01  -5.010000000000000e-02
  5.190616697466373e-01   1.376479171717555e-01  -5.010000000000000e-02
  5.190704571141955e-01   1.376469590690398e-01  -5.010000000000000e-02
  5.190790983889769e-01   1.376460168950862e-01  -5.010000000000001e-02
  5.190875959210634e-01   1.376450903936609e-01  -5.010000000000000e-02
  5.190959520253753e-01   1.376441793123637e-01  -5.010000000000000e-02
  5.191041689821081e-01   1.376432834025810e-01  -5.010000000000000e-02
  5.191122490371656e-01   1.376424024194377e-01  -5.010000000000000e-02
  5.191201944025931e-01   1.376415361217505e-01  -5.010000000000000e-02
  5.191280072570055e-01   1.376406842719809e-01  -5.010000000000001e-02
  5.191356897460152e-01   1.376398466361891e-01  -5.009999999999999e-02
  5.191432439826554e-01   1.376390229839871e-01  -5.010000000000000e-02
  5.191506720478021e-01   1.376382130884931e-01  -5.010000000000000e-02
  5.191579759905918e-01   1.376374167262862e-01  -5.009999999999999e-02
  5.191651578288375e-01   1.376366336773605e-01  -5.010000000000000e-02
  5.191722195494415e-01   1.376358637250804e-01  -5.010000000000000e-02
  5.191791631088035e-01   1.376351066561361e-01  -5.010000000000000e-02
  5.191859904332286e-01   1.376343622604990e-01  -5.010000000000000e-02
  5.191927034193283e-01   1.376336303313780e-01  -5.010000000000000e-02
  5.191992869917239e-01   1.376327716574873e-01  -5.009999999999999e-02
  5.192057568408134e-01   1.376318996879978e-01  -5.010000000000000e-02
  5.192120980410260e-01   1.376309162508163e-01  -5.010000000000000e-02
  5.192183036793793e-01   1.376297667659272e-01  -5.010000000000000e-02
  5.192244051784704e-01   1.376286365709969e-01  -5.010000000000000e-02
  5.192303493628586e-01   1.376272659182962e-01  -5.010000000000000e-02
  5.192361848094761e-01   1.376258761704462e-01  -5.009999999999999e-02
  5.192419079157741e-01   1.376244559416056e-01  -5.010000000000000e-02
  5.192474718376066e-01   1.376228224635822e-01  -5.010000000000000e-02
  5.192529422140825e-01   1.376212164489719e-01  -5.009999999999999e-02
  5.192582864788915e-01   1.376195317051344e-01  -5.010000000000001e-02
  5.192634848693090e-01   1.376177018168794e-01  -5.010000000000000e-02
  5.192685957683463e-01   1.376159027265129e-01  -5.010000000000000e-02
  5.192735752484449e-01   1.376140156585678e-01  -5.010000000000000e-02
  5.192784109922832e-01   1.376120043025891e-01  -5.010000000000000e-02
  5.192831652672362e-01   1.376100268323859e-01  -5.010000000000000e-02
  5.192877989200443e-01   1.376079928307070e-01  -5.010000000000000e-02
  5.192922745221644e-01   1.376058157632874e-01  -5.010000000000000e-02
  5.192966746515315e-01   1.376036754080838e-01  -5.010000000000000e-02
  5.193009896726637e-01   1.376015504123798e-01  -5.010000000000000e-02
  5.193051084971957e-01   1.375992261335073e-01  -5.010000000000000e-02
  5.193091578030543e-01   1.375969410844643e-01  -5.010000000000000e-02
  5.193131387438597e-01   1.375946946142555e-01  -5.009999999999999e-02
  5.193169537040538e-01   1.375923236126383e-01  -5.010000000000000e-02
  5.193206527177007e-01   1.375899079302567e-01  -5.010000000000000e-02
  5.193242892280535e-01   1.375875330663528e-01  -5.010000000000001e-02
  5.193278576179924e-01   1.375851888856969e-01  -5.010000000000000e-02
  5.193312038788982e-01   1.375826544869741e-01  -5.010000000000000e-02
  5.193344935521393e-01   1.375801629467461e-01  -5.010000000000000e-02
  5.193377275804236e-01   1.375777135510223e-01  -5.010000000000000e-02
  5.193408694395461e-01   1.375752597035433e-01  -5.010000000000000e-02
  5.193438152998130e-01   1.375726723607387e-01  -5.009999999999999e-02
  5.193467112937851e-01   1.375701288153946e-01  -5.010000000000000e-02
  5.193495582538784e-01   1.375676283364021e-01  -5.010000000000000e-02
  5.193523317548043e-01   1.375651436364034e-01  -5.010000000000000e-02
  5.193548856055819e-01   1.375625193021637e-01  -5.010000000000000e-02
  5.193573961856037e-01   1.375599394329049e-01  -5.010000000000000e-02
  5.193598642185477e-01   1.375574032849762e-01  -5.010000000000000e-02
  5.193622904163097e-01   1.375549101268345e-01  -5.010000000000000e-02
  5.193645192663061e-01   1.375523191236587e-01  -5.010000000000000e-02
  5.193666604260017e-01   1.375497273069879e-01  -5.010000000000000e-02
  5.193687652682575e-01   1.375471794516088e-01  -5.010000000000000e-02
  5.193708344017833e-01   1.375446748206943e-01  -5.009999999999999e-02
  5.193728615879002e-01   1.375422075215771e-01  -5.010000000000000e-02
  5.193746445139003e-01   1.375396234835568e-01  -5.010000000000000e-02
  5.193763971745861e-01   1.375370833097925e-01  -5.010000000000000e-02
  5.193781200780445e-01   1.375345862639016e-01  -5.010000000000000e-02
  5.193798137240250e-01   1.375321316215854e-01  -5.010000000000000e-02
  5.193814786040691e-01   1.375297186704403e-01  -5.010000000000000e-02
  5.193829222658107e-01   1.375272260803238e-01  -5.010000000000000e-02
  5.193843139832014e-01   1.375247587000725e-01  -5.010000000000000e-02
  5.193856820501868e-01   1.375223332497012e-01  -5.010000000000000e-02
  5.193870268646812e-01   1.375199490237456e-01  -5.010000000000001e-02
  5.193883488180402e-01   1.375176053283713e-01  -5.010000000000000e-02
  5.193896128631889e-01   1.375152835823854e-01  -5.010000000000000e-02
  5.193906777491820e-01   1.375129115691579e-01  -5.010000000000000e-02
  5.193917245238187e-01   1.375105798986313e-01  -5.010000000000000e-02
  5.193927534923291e-01   1.375082878909114e-01  -5.010000000000000e-02
  5.193937649548940e-01   1.375060348773506e-01  -5.010000000000000e-02
  5.193947592067260e-01   1.375038202003692e-01  -5.010000000000000e-02
  5.193957365381478e-01   1.375016432132786e-01  -5.010000000000000e-02
  5.193965429735260e-01   1.374994426869833e-01  -5.010000000000000e-02
  5.193972826969555e-01   1.374972588088433e-01  -5.010000000000000e-02
  5.193980098261423e-01   1.374951121125608e-01  -5.010000000000000e-02
  5.193987245737839e-01   1.374930019701913e-01  -5.010000000000000e-02
  5.193994271490441e-01   1.374909277642226e-01  -5.010000000000001e-02
  5.194001177576099e-01   1.374888888874071e-01  -5.010000000000000e-02
  5.194007966017473e-01   1.374868847425968e-01  -5.010000000000000e-02
  5.194013962709297e-01   1.374848953535923e-01  -5.010000000000000e-02
  5.194018663067561e-01   1.374829056164413e-01  -5.010000000000000e-02
  5.194023283325082e-01   1.374809497872211e-01  -5.010000000000000e-02
  5.194027824837160e-01   1.374790272922124e-01  -5.010000000000000e-02
  5.194032288936490e-01   1.374771375672629e-01  -5.010000000000000e-02
  5.194036676933533e-01   1.374752800576335e-01  -5.010000000000000e-02
  5.194040990116877e-01   1.374734542178451e-01  -5.010000000000000e-02
  5.194045229753584e-01   1.374716595115288e-01  -5.010000000000000e-02
  5.194049397089551e-01   1.374698954112782e-01  -5.010000000000000e-02
  5.194052439229334e-01   1.374681416423815e-01  -5.010000000000000e-02
  5.194054858142368e-01   1.374664070801597e-01  -5.010000000000000e-02
  5.194057235790861e-01   1.374647021080527e-01  -5.010000000000000e-02
  5.194059572874461e-01   1.374630262243553e-01  -5.010000000000001e-02
  5.194061870081096e-01   1.374613789357639e-01  -5.010000000000000e-02
  5.194064128087171e-01   1.374597597572403e-01  -5.010000000000000e-02
  5.194066347557755e-01   1.374581682118760e-01  -5.010000000000000e-02
  5.194068529146761e-01   1.374566038307594e-01  -5.010000000000001e-02
  5.194070673497135e-01   1.374550661528450e-01  -5.010000000000000e-02
  5.194072781241035e-01   1.374535547248245e-01  -5.010000000000000e-02
  5.194074852999999e-01   1.374520691010000e-01  -5.010000000000000e-02
