686
  4.934637082400000e-01   1.266366187000000e-01  -5.010000000000000e-02
  4.934625132300712e-01   1.266375253152824e-01  -5.009999999999999e-02
  4.934612974636967e-01   1.266384476778072e-01  -5.010000000000000e-02
  4.934600605823648e-01   1.266393860595655e-01  -5.010000000000000e-02
  4.934588022214421e-01   1.266403407371928e-01  -5.010000000000000e-02
  4.934575220100716e-01   1.266413119920463e-01  -5.010000000000000e-02
  4.934562195710691e-01   1.266423001102834e-01  -5.010000000000000e-02
  4.934548945208178e-01   1.266433053829418e-01  -5.010000000000000e-02
  4.934535464691611e-01   1.266443281060206e-01  -5.009999999999999e-02
  4.934521750192945e-01   1.266453685805624e-01  -5.010000000000000e-02
  4.934507797676548e-01   1.266464271127377e-01  -5.010000000000000e-02
  4.934493603038085e-01   1.266475040139291e-01  -5.010000000000000e-02
  4.934481574986868e-01   1.266488453866401e-01  -5.010000000000000e-02
  4.934470159651994e-01   1.266502937019556e-01  -5.010000000000000e-02
  4.934458546290843e-01   1.266517671417630e-01  -5.010000000000000e-02
  4.934446731491810e-01   1.266532661389084e-01  -5.009999999999999e-02
  4.934434711785342e-01   1.266547911335895e-01  -5.010000000000000e-02
  4.934422483642988e-01   1.266563425734768e-01  -5.010000000000000e-02
  4.934410043476427e-01   1.266579209138371e-01  -5.010000000000000e-02
  4.934397387636480e-01   1.266595266176581e-01  -5.010000000000000e-02
  4.934384512412117e-01   1.266611601557753e-01  -5.010000000000001e-02
  4.934371414029434e-01   1.266628220070005e-01  -5.010000000000000e-02
  4.934358088650632e-01   1.266645126582531e-01  -5.010000000000000e-02
  4.934347026986922e-01   1.266663965574449e-01  -5.010000000000000e-02
  4.934336436166933e-01   1.266683566366092e-01  -5.010000000000000e-02
  4.934325661882587e-01   1.266703506701476e-01  -5.010000000000000e-02
  4.934314700982226e-01   1.266723792413481e-01  -5.010000000000000e-02
  4.934303550260982e-01   1.266744429433468e-01  -5.010000000000000e-02
  4.934292206459906e-01   1.266765423792882e-01  -5.010000000000000e-02
  4.934280666265095e-01   1.266786781624876e-01  -5.010000000000000e-02
  4.934268926306799e-01   1.266808509165964e-01  -5.010000000000000e-02
  4.934256983158514e-01   1.266830612757694e-01  -5.010000000000001e-02
  4.934244833336062e-01   1.266853098848348e-01  -5.010000000000000e-02
  4.934232520323140e-01   1.266875995925626e-01  -5.010000000000000e-02
  4.934222774273201e-01   1.266900585552980e-01  -5.010000000000000e-02
  4.934212859651979e-01   1.266925600491619e-01  -5.009999999999999e-02
  4.934202773572740e-01   1.266951048024874e-01  -5.009999999999999e-02
  4.934192513100331e-01   1.266976935558243e-01  -5.010000000000001e-02
  4.934182075250400e-01   1.267003270621349e-01  -5.010000000000000e-02
  4.934171456988611e-01   1.267030060869926e-01  -5.010000000000000e-02
  4.934160655229847e-01   1.267057314087839e-01  -5.010000000000000e-02
  4.934149666837393e-01   1.267085038189124e-01  -5.010000000000000e-02
  4.934138488622123e-01   1.267113241220064e-01  -5.010000000000000e-02
  4.934127117341657e-01   1.267141931361294e-01  -5.010000000000000e-02
  4.934116931252663e-01   1.267171598558023e-01  -5.010000000000000e-02
  4.934107691176084e-01   1.267202169053318e-01  -5.010000000000000e-02
  4.934098291603385e-01   1.267233267236379e-01  -5.009999999999999e-02
  4.934088729814572e-01   1.267264902106224e-01  -5.010000000000000e-02
  4.934079003044421e-01   1.267297082811501e-01  -5.010000000000000e-02
  4.934069108481773e-01   1.267329818652840e-01  -5.010000000000000e-02
  4.934059043268812e-01   1.267363119085239e-01  -5.010000000000001e-02
  4.934048804500329e-01   1.267396993720483e-01  -5.010000000000000e-02
  4.934038389222987e-01   1.267431452329592e-01  -5.010000000000001e-02
  4.934027794434569e-01   1.267466504845307e-01  -5.010000000000000e-02
  4.934018217551410e-01   1.267502483711581e-01  -5.010000000000000e-02
  4.934009537280656e-01   1.267539367455915e-01  -5.010000000000000e-02
  4.934000707507509e-01   1.267576886457855e-01  -5.010000000000000e-02
  4.933991725693965e-01   1.267615051501750e-01  -5.010000000000001e-02
  4.933982589260227e-01   1.267653873549543e-01  -5.010000000000000e-02
  4.933973295584059e-01   1.267693363743501e-01  -5.010000000000000e-02
  4.933963842000134e-01   1.267733533408985e-01  -5.010000000000000e-02
  4.933954225799378e-01   1.267774394057249e-01  -5.010000000000001e-02
  4.933944444228299e-01   1.267815957388283e-01  -5.010000000000000e-02
  4.933934573461190e-01   1.267858251903706e-01  -5.010000000000000e-02
  4.933926513138220e-01   1.267901689830987e-01  -5.010000000000000e-02
  4.933918314315360e-01   1.267945874148737e-01  -5.010000000000001e-02
  4.933909974652735e-01   1.267990817466780e-01  -5.010000000000001e-02
  4.933901491772335e-01   1.268036532600452e-01  -5.010000000000000e-02
  4.933892863257445e-01   1.268083032573689e-01  -5.010000000000000e-02
  4.933884086652063e-01   1.268130330622150e-01  -5.010000000000000e-02
  4.933875159460312e-01   1.268178440196372e-01  -5.010000000000000e-02
  4.933866079145849e-01   1.268227374964973e-01  -5.010000000000000e-02
  4.933857037209153e-01   1.268277181007911e-01  -5.010000000000000e-02
  4.933849583994432e-01   1.268328130016376e-01  -5.010000000000000e-02
  4.933842003062003e-01   1.268379952083082e-01  -5.010000000000000e-02
  4.933834292266366e-01   1.268432661874345e-01  -5.010000000000000e-02
  4.933826449427478e-01   1.268486274292587e-01  -5.010000000000000e-02
  4.933818472330254e-01   1.268540804479784e-01  -5.010000000000000e-02
  4.933810358724057e-01   1.268596267820940e-01  -5.010000000000000e-02
  4.933802106322183e-01   1.268652679947605e-01  -5.010000000000001e-02
  4.933793712801342e-01   1.268710056741424e-01  -5.010000000000000e-02
  4.933786483655289e-01   1.268768585159077e-01  -5.010000000000000e-02
  4.933779630433141e-01   1.268828178925340e-01  -5.010000000000001e-02
  4.933772660150000e-01   1.268888790622330e-01  -5.010000000000000e-02
  4.933765570852446e-01   1.268950437236463e-01  -5.010000000000000e-02
  4.933758360556069e-01   1.269013136023648e-01  -5.010000000000000e-02
  4.933751027245028e-01   1.269076904513069e-01  -5.010000000000000e-02
  4.933743568871621e-01   1.269141760511013e-01  -5.010000000000000e-02
  4.933735983355831e-01   1.269207722104722e-01  -5.010000000000000e-02
  4.933729840342423e-01   1.269274967658385e-01  -5.010000000000000e-02
  4.933723777885977e-01   1.269343377416378e-01  -5.010000000000000e-02
  4.933717612216441e-01   1.269412951847883e-01  -5.010000000000000e-02
  4.933711341623316e-01   1.269483710254464e-01  -5.010000000000000e-02
  4.933704964369379e-01   1.269555672239242e-01  -5.009999999999999e-02
  4.933698478690320e-01   1.269628857710963e-01  -5.010000000000000e-02
  4.933691882794383e-01   1.269703286888106e-01  -5.010000000000000e-02
  4.933686148561562e-01   1.269779055776478e-01  -5.010000000000000e-02
  4.933681026638829e-01   1.269856166041798e-01  -5.010000000000000e-02
  4.933675817801358e-01   1.269934584803725e-01  -5.010000000000001e-02
  4.933670520618667e-01   1.270014333598082e-01  -5.010000000000000e-02
  4.933665133638271e-01   1.270095434291947e-01  -5.010000000000000e-02
  4.933659655385399e-01   1.270177909087940e-01  -5.010000000000000e-02
  4.933654084362703e-01   1.270261780528528e-01  -5.010000000000000e-02
  4.933649640327227e-01   1.270347140965120e-01  -5.010000000000001e-02
  4.933645529516328e-01   1.270433968572448e-01  -5.010000000000000e-02
  4.933641349206450e-01   1.270522264121323e-01  -5.010000000000000e-02
  4.933637098262679e-01   1.270612051583106e-01  -5.010000000000000e-02
  4.933632775532959e-01   1.270703355291296e-01  -5.009999999999999e-02
  4.933628379847875e-01   1.270796199945978e-01  -5.010000000000000e-02
  4.933624510017416e-01   1.270890633921476e-01  -5.010000000000000e-02
  4.933621595507969e-01   1.270986699391222e-01  -5.009999999999999e-02
  4.933618631899511e-01   1.271084383218875e-01  -5.010000000000000e-02
  4.933615618396304e-01   1.271183711632936e-01  -5.010000000000000e-02
  4.933612554190794e-01   1.271284711251202e-01  -5.010000000000000e-02
  4.933609438463483e-01   1.271387409085297e-01  -5.010000000000000e-02
  4.933606930693896e-01   1.271491847534536e-01  -5.010000000000000e-02
  4.933605330618499e-01   1.271598061235093e-01  -5.010000000000000e-02
  4.933603703693675e-01   1.271706057212205e-01  -5.010000000000000e-02
  4.933602049487941e-01   1.271815864108098e-01  -5.010000000000000e-02
  4.933600367563531e-01   1.271927510981665e-01  -5.009999999999999e-02
  4.933598657476339e-01   1.272041027313000e-01  -5.010000000000000e-02
  4.933598257926722e-01   1.272156453952094e-01  -5.010000000000000e-02
  4.933598107587426e-01   1.272273812565103e-01  -5.010000000000000e-02
  4.933597954736436e-01   1.272393131869466e-01  -5.010000000000000e-02
  4.933597799333765e-01   1.272514443078794e-01  -5.010000000000000e-02
  4.933597641338862e-01   1.272637777850476e-01  -5.010000000000000e-02
  4.933598507556927e-01   1.272763162963919e-01  -5.010000000000000e-02
  4.933599993269374e-01   1.272890633076448e-01  -5.010000000000000e-02
  4.933601503704037e-01   1.273020224288246e-01  -5.010000000000000e-02
  4.933603039251073e-01   1.273151970073841e-01  -5.010000000000000e-02
  4.933604600306070e-01   1.273285904373497e-01  -5.010000000000001e-02
  4.933607430140870e-01   1.273422039637543e-01  -5.010000000000000e-02
  4.933610707581764e-01   1.273560425266853e-01  -5.010000000000000e-02
  4.933614039321208e-01   1.273701103581033e-01  -5.010000000000000e-02
  4.933617426207972e-01   1.273844110418185e-01  -5.010000000000000e-02
  4.933621206673443e-01   1.273989472141461e-01  -5.010000000000000e-02
  4.933626426876165e-01   1.274137194720267e-01  -5.009999999999999e-02
  4.933631733237420e-01   1.274287355434386e-01  -5.010000000000000e-02
  4.933637127092827e-01   1.274439992079489e-01  -5.009999999999999e-02
  4.933642609795751e-01   1.274595142953476e-01  -5.010000000000000e-02
  4.933649823920766e-01   1.274752779696476e-01  -5.010000000000000e-02
  4.933657276157689e-01   1.274913002790320e-01  -5.010000000000000e-02
  4.933664850765390e-01   1.275075856855888e-01  -5.010000000000000e-02
  4.933672549619453e-01   1.275241382218231e-01  -5.010000000000000e-02
  4.933681255887037e-01   1.275409576283868e-01  -5.010000000000000e-02
  4.933690157086963e-01   1.275580520563535e-01  -5.010000000000000e-02
  4.933699203805941e-01   1.275754259483224e-01  -5.010000000000000e-02
  4.933708398252401e-01   1.275930835454990e-01  -5.010000000000000e-02
  4.933717742662476e-01   1.276110291422986e-01  -5.010000000000000e-02
  4.933727239300152e-01   1.276292670866241e-01  -5.010000000000000e-02
  4.933736890457405e-01   1.276478017801301e-01  -5.010000000000000e-02
  4.933746698454331e-01   1.276666376784721e-01  -5.010000000000000e-02
  4.933756665639262e-01   1.276857792915409e-01  -5.010000000000000e-02
  4.933766794388889e-01   1.277052311836796e-01  -5.010000000000000e-02
  4.933777087108356e-01   1.277249979738850e-01  -5.010000000000000e-02
  4.933787546231366e-01   1.277450843359903e-01  -5.010000000000000e-02
  4.933798174220259e-01   1.277654949988296e-01  -5.010000000000000e-02
  4.933807940387948e-01   1.277862396970919e-01  -5.010000000000000e-02
  4.933817167037812e-01   1.278073217377121e-01  -5.010000000000001e-02
  4.933826542032044e-01   1.278287427314787e-01  -5.010000000000000e-02
  4.933836067537931e-01   1.278505076304387e-01  -5.009999999999999e-02
  4.933845745747063e-01   1.278726214421750e-01  -5.010000000000000e-02
  4.933855578875354e-01   1.278950892298421e-01  -5.010000000000000e-02
  4.933865569163038e-01   1.279179161121753e-01  -5.010000000000000e-02
  4.933875718874673e-01   1.279411072634745e-01  -5.010000000000000e-02
  4.933886030299115e-01   1.279646679135617e-01  -5.009999999999999e-02
  4.933896505749486e-01   1.279886033477094e-01  -5.010000000000000e-02
  4.933907147563133e-01   1.280129189065412e-01  -5.010000000000000e-02
  4.933920732374501e-01   1.280376055851701e-01  -5.010000000000001e-02
  4.933935789372100e-01   1.280626764815900e-01  -5.010000000000000e-02
  4.933951084283943e-01   1.280881435209536e-01  -5.010000000000000e-02
  4.933966620446665e-01   1.281140122589816e-01  -5.010000000000000e-02
  4.933982401229535e-01   1.281402883057269e-01  -5.010000000000000e-02
  4.933998430034272e-01   1.281669773252762e-01  -5.010000000000000e-02
  4.934014710294844e-01   1.281940850354169e-01  -5.010000000000000e-02
  4.934031245477251e-01   1.282216172072644e-01  -5.010000000000000e-02
  4.934048039079270e-01   1.282495796648500e-01  -5.010000000000000e-02
  4.934069232403152e-01   1.282779486985880e-01  -5.010000000000001e-02
  4.934093121379817e-01   1.283067424469085e-01  -5.010000000000000e-02
  4.934117381496713e-01   1.283359835362155e-01  -5.009999999999999e-02
  4.934142017749150e-01   1.283656779874336e-01  -5.010000000000000e-02
  4.934167035174037e-01   1.283958318716261e-01  -5.010000000000000e-02
  4.934192438849324e-01   1.284264513093205e-01  -5.009999999999999e-02
  4.934218233893392e-01   1.284575424697850e-01  -5.010000000000000e-02
  4.934244425464427e-01   1.284891115702556e-01  -5.010000000000000e-02
  4.934278692347558e-01   1.285210913249000e-01  -5.010000000000000e-02
  4.934314001306728e-01   1.285535555070799e-01  -5.010000000000000e-02
  4.934349849354371e-01   1.285865153443797e-01  -5.010000000000000e-02
  4.934386243434626e-01   1.286199772214626e-01  -5.010000000000000e-02
  4.934423190538616e-01   1.286539475661887e-01  -5.010000000000000e-02
  4.934460697703246e-01   1.286884328485142e-01  -5.010000000000000e-02
  4.934501144169765e-01   1.287234106065387e-01  -5.010000000000000e-02
  4.934549157834652e-01   1.287588309542564e-01  -5.010000000000000e-02
  4.934597893822063e-01   1.287947841693360e-01  -5.010000000000001e-02
  4.934647361085053e-01   1.288312768565713e-01  -5.010000000000000e-02
  4.934697568624874e-01   1.288683156563107e-01  -5.010000000000000e-02
  4.934748525488973e-01   1.289059072429814e-01  -5.010000000000000e-02
  4.934803968410491e-01   1.289440027424783e-01  -5.010000000000000e-02
  4.934866716398180e-01   1.289825669959874e-01  -5.010000000000000e-02
  4.934930393028000e-01   1.290217019831860e-01  -5.010000000000000e-02
  4.934995009311745e-01   1.290614144718080e-01  -5.010000000000001e-02
  4.935060576302776e-01   1.291017112551319e-01  -5.010000000000000e-02
  4.935128289441638e-01   1.291425782727114e-01  -5.010000000000000e-02
  4.935206708667680e-01   1.291838716670534e-01  -5.009999999999999e-02
  4.935286271141705e-01   1.292257670641459e-01  -5.010000000000000e-02
  4.935366989860590e-01   1.292682713077858e-01  -5.010000000000000e-02
  4.935448877850083e-01   1.293113912569699e-01  -5.010000000000000e-02
  4.935536124622162e-01   1.293550488265950e-01  -5.010000000000000e-02
  4.935631904268433e-01   1.293991865980598e-01  -5.010000000000000e-02
  4.935729057516144e-01   1.294439573610721e-01  -5.010000000000000e-02
  4.935827599251024e-01   1.294893679753653e-01  -5.010000000000000e-02
  4.935928126613366e-01   1.295354118880729e-01  -5.010000000000000e-02
  4.936041384208057e-01   1.295818487396838e-01  -5.010000000000000e-02
  4.936156243131845e-01   1.296289421537256e-01  -5.010000000000000e-02
  4.936272720005621e-01   1.296766989449452e-01  -5.010000000000000e-02
  4.936391933868565e-01   1.297250975616740e-01  -5.010000000000000e-02
  4.936523979464462e-01   1.297738855575174e-01  -5.010000000000000e-02
  4.936657863759774e-01   1.298233529130834e-01  -5.010000000000000e-02
  4.936793604940835e-01   1.298735063478304e-01  -5.010000000000000e-02
  4.936936653914026e-01   1.299241983685386e-01  -5.010000000000000e-02
  4.937088724320696e-01   1.299753875261552e-01  -5.010000000000000e-02
  4.937242877865983e-01   1.300272778991712e-01  -5.010000000000000e-02
  4.937399711204937e-01   1.300798581536649e-01  -5.010000000000000e-02
  4.937570870563545e-01   1.301327741426204e-01  -5.010000000000001e-02
  4.937744344101280e-01   1.301864055880844e-01  -5.010000000000000e-02
  4.937920152541109e-01   1.302407588968133e-01  -5.010000000000000e-02
  4.938109669802575e-01   1.302954584508098e-01  -5.010000000000000e-02
  4.938303237500622e-01   1.303508362011929e-01  -5.010000000000000e-02
  4.938499374238716e-01   1.304069489278139e-01  -5.010000000000000e-02
  4.938710079174075e-01   1.304633685888081e-01  -5.010000000000000e-02
  4.938924616519988e-01   1.305204912207069e-01  -5.010000000000000e-02
  4.939143673015957e-01   1.305782942709164e-01  -5.010000000000000e-02
  4.939376954698114e-01   1.306364074806591e-01  -5.010000000000000e-02
  4.939613255619906e-01   1.306952728184927e-01  -5.010000000000000e-02
  4.939859143623583e-01   1.307546248756214e-01  -5.009999999999999e-02
  4.940114748803738e-01   1.308144648172185e-01  -5.010000000000000e-02
  4.940373730855087e-01   1.308750614159507e-01  -5.010000000000000e-02
  4.940649039266944e-01   1.309358513570588e-01  -5.010000000000000e-02
  4.940927814118633e-01   1.309974067112971e-01  -5.010000000000000e-02
  4.941218473799154e-01   1.310593417494164e-01  -5.010000000000000e-02
  4.941517440490848e-01   1.311218291611202e-01  -5.010000000000001e-02
  4.941825154658717e-01   1.311848415298580e-01  -5.010000000000001e-02
  4.942144615272128e-01   1.312482374660744e-01  -5.010000000000001e-02
  4.942471071620057e-01   1.313122481233237e-01  -5.010000000000000e-02
  4.942811456296071e-01   1.313765209584932e-01  -5.010000000000000e-02
  4.943158238693794e-01   1.314414446977711e-01  -5.010000000000000e-02
  4.943519753062196e-01   1.315065727852425e-01  -5.010000000000000e-02
  4.943888160533079e-01   1.315723289103254e-01  -5.010000000000000e-02
  4.944271071537433e-01   1.316382860796220e-01  -5.010000000000000e-02
  4.944662355414626e-01   1.317047873391276e-01  -5.010000000000000e-02
  4.945067017556641e-01   1.317715404672958e-01  -5.010000000000000e-02
  4.945482333123653e-01   1.318386963771248e-01  -5.010000000000000e-02
  4.945908936726979e-01   1.319062201725008e-01  -5.010000000000001e-02
  4.946349286574643e-01   1.319739410584561e-01  -5.010000000000000e-02
  4.946798313941492e-01   1.320421892954073e-01  -5.010000000000000e-02
  4.947264362622527e-01   1.321104003908019e-01  -5.010000000000000e-02
  4.947740000516001e-01   1.321790647221024e-01  -5.010000000000000e-02
  4.948228545194461e-01   1.322479546590652e-01  -5.010000000000000e-02
  4.948731558886257e-01   1.323169408156006e-01  -5.010000000000000e-02
  4.949245326292361e-01   1.323862876724309e-01  -5.010000000000000e-02
  4.949773751381569e-01   1.324556985994870e-01  -5.010000000000000e-02
  4.950315953939145e-01   1.325252204277585e-01  -5.010000000000000e-02
  4.950869959950791e-01   1.325950007615155e-01  -5.010000000000001e-02
  4.951438312011872e-01   1.326648290708788e-01  -5.010000000000000e-02
  4.952021635069336e-01   1.327346325891360e-01  -5.010000000000000e-02
  4.952617572566334e-01   1.328045951659733e-01  -5.009999999999999e-02
  4.953226498050982e-01   1.328746784933229e-01  -5.010000000000000e-02
  4.953851673589126e-01   1.329445788298381e-01  -5.010000000000000e-02
  4.954490667828215e-01   1.330144897629334e-01  -5.010000000000000e-02
  4.955143191328023e-01   1.330844253659421e-01  -5.010000000000000e-02
  4.955809513200369e-01   1.331543479100226e-01  -5.010000000000000e-02
  4.956490966545290e-01   1.332241113873269e-01  -5.010000000000000e-02
  4.957187660688977e-01   1.332936793987729e-01  -5.009999999999999e-02
  4.957898434519653e-01   1.333631469944149e-01  -5.010000000000000e-02
  4.958623393467033e-01   1.334324859470151e-01  -5.010000000000000e-02
  4.959362645516755e-01   1.335016656959704e-01  -5.010000000000000e-02
  4.960116356083826e-01   1.335706479175676e-01  -5.010000000000000e-02
  4.960885248780972e-01   1.336393283992342e-01  -5.010000000000000e-02
  4.961669152232349e-01   1.337076976201100e-01  -5.010000000000001e-02
  4.962467441948946e-01   1.337758011289475e-01  -5.009999999999999e-02
  4.963280177807428e-01   1.338436072872122e-01  -5.010000000000000e-02
  4.964107334854246e-01   1.339110932944447e-01  -5.010000000000000e-02
  4.964948847849657e-01   1.339782402861918e-01  -5.010000000000000e-02
  4.965804707757591e-01   1.340450213323809e-01  -5.010000000000000e-02
  4.966674909452362e-01   1.341114080923530e-01  -5.010000000000000e-02
  4.967559331494272e-01   1.341773861173257e-01  -5.010000000000000e-02
  4.968457964866847e-01   1.342429255048057e-01  -5.010000000000000e-02
  4.969370609059416e-01   1.343080214995905e-01  -5.010000000000000e-02
  4.970297248666797e-01   1.343726432839946e-01  -5.010000000000000e-02
  4.971237724922115e-01   1.344367794737053e-01  -5.010000000000000e-02
  4.972191952512298e-01   1.345004075274953e-01  -5.010000000000000e-02
  4.973159753050867e-01   1.345635181292654e-01  -5.010000000000000e-02
  4.974141036098519e-01   1.346260880246528e-01  -5.010000000000000e-02
  4.975135584509583e-01   1.346881133660898e-01  -5.010000000000000e-02
  4.976143171285582e-01   1.347495923266100e-01  -5.010000000000000e-02
  4.977163657816726e-01   1.348105085700474e-01  -5.010000000000000e-02
  4.978196887024783e-01   1.348708482472142e-01  -5.010000000000000e-02
  4.979242679615905e-01   1.349306008568639e-01  -5.010000000000000e-02
  4.980300779572215e-01   1.349897692865711e-01  -5.010000000000000e-02
  4.981371084615381e-01   1.350483287999046e-01  -5.010000000000000e-02
  4.982453355005378e-01   1.351062788899166e-01  -5.010000000000000e-02
  4.983547396410217e-01   1.351636106418411e-01  -5.010000000000000e-02
  4.984652960138568e-01   1.352203255194354e-01  -5.010000000000000e-02
  4.985769797310952e-01   1.352764253046153e-01  -5.010000000000000e-02
  4.986897743738539e-01   1.353318948892260e-01  -5.010000000000000e-02
  4.988036545661201e-01   1.353867369397266e-01  -5.010000000000000e-02
  4.989185913942491e-01   1.354409618047574e-01  -5.010000000000000e-02
  4.990345691822673e-01   1.354945520576807e-01  -5.010000000000000e-02
  4.991515605161950e-01   1.355475150582847e-01  -5.009999999999999e-02
  4.992695411016228e-01   1.355998516382934e-01  -5.010000000000000e-02
  4.993884870599421e-01   1.356515616881051e-01  -5.010000000000000e-02
  4.995083747828628e-01   1.357026445133155e-01  -5.010000000000001e-02
  4.996291766700275e-01   1.357531087026811e-01  -5.010000000000000e-02
  4.997508719295024e-01   1.358029468310347e-01  -5.010000000000000e-02
  4.998734331632971e-01   1.358521673012602e-01  -5.009999999999999e-02
  4.999968330164138e-01   1.359007787583952e-01  -5.010000000000000e-02
  5.001210472513453e-01   1.359487821031615e-01  -5.009999999999999e-02
  5.002460533361928e-01   1.359961737492533e-01  -5.010000000000000e-02
  5.003718239858492e-01   1.360429624403526e-01  -5.010000000000001e-02
  5.004983330820934e-01   1.360891539870230e-01  -5.009999999999999e-02
  5.006255552684744e-01   1.361347523327722e-01  -5.010000000000001e-02
  5.007534640477729e-01   1.361797644914174e-01  -5.010000000000000e-02
  5.008820369506128e-01   1.362241861866525e-01  -5.010000000000000e-02
  5.010112455965463e-01   1.362680300926817e-01  -5.010000000000001e-02
  5.011410625884537e-01   1.363113061998932e-01  -5.010000000000000e-02
  5.012714662338218e-01   1.363540076699812e-01  -5.010000000000001e-02
  5.014024296703086e-01   1.363961430020715e-01  -5.010000000000000e-02
  5.015339274843904e-01   1.364377164252671e-01  -5.010000000000000e-02
  5.016659331977932e-01   1.364787355876962e-01  -5.010000000000000e-02
  5.017984212577149e-01   1.365192053295526e-01  -5.010000000000001e-02
  5.019313663867558e-01   1.365591296645615e-01  -5.010000000000000e-02
  5.020647430106493e-01   1.365985136451446e-01  -5.009999999999999e-02
  5.021985261899837e-01   1.366373602637085e-01  -5.009999999999999e-02
  5.023326908848352e-01   1.366756729011601e-01  -5.010000000000000e-02
  5.024672112598315e-01   1.367134578265425e-01  -5.010000000000000e-02
  5.026020652618666e-01   1.367507078413641e-01  -5.010000000000000e-02
  5.027372293436130e-01   1.367874205711376e-01  -5.010000000000000e-02
  5.028726760983752e-01   1.368236079926113e-01  -5.010000000000000e-02
  5.030083811643864e-01   1.368592713791128e-01  -5.010000000000000e-02
  5.031443154963111e-01   1.368944302930067e-01  -5.010000000000000e-02
  5.032804558466026e-01   1.369290824302865e-01  -5.010000000000000e-02
  5.034167791168195e-01   1.369632249809496e-01  -5.010000000000000e-02
  5.035532613449509e-01   1.369968586751801e-01  -5.010000000000000e-02
  5.036898767462275e-01   1.370299920479506e-01  -5.010000000000000e-02
  5.038266006050083e-01   1.370626296804173e-01  -5.010000000000000e-02
  5.039634096909620e-01   1.370947704696130e-01  -5.010000000000000e-02
  5.041002802612968e-01   1.371264157782059e-01  -5.010000000000000e-02
  5.042371890489278e-01   1.371575653844368e-01  -5.010000000000000e-02
  5.043741119371006e-01   1.371882232481995e-01  -5.010000000000000e-02
  5.045110380369171e-01   1.372183333362789e-01  -5.010000000000000e-02
  5.046479315203775e-01   1.372479525800893e-01  -5.010000000000000e-02
  5.047847689234589e-01   1.372770839713786e-01  -5.010000000000000e-02
  5.049215273127719e-01   1.373057287821382e-01  -5.010000000000000e-02
  5.050581836731423e-01   1.373338895119784e-01  -5.010000000000000e-02
  5.051947158761088e-01   1.373615651450103e-01  -5.010000000000000e-02
  5.053311020630305e-01   1.373887542933885e-01  -5.010000000000000e-02
  5.054673182306829e-01   1.374154672160731e-01  -5.010000000000000e-02
  5.056033565966064e-01   1.374416307482931e-01  -5.010000000000000e-02
  5.057391855235502e-01   1.374672947098176e-01  -5.009999999999999e-02
  5.058747801512722e-01   1.374924772739382e-01  -5.010000000000000e-02
  5.060101182201060e-01   1.375171846935457e-01  -5.010000000000000e-02
  5.061451787735846e-01   1.375414174692168e-01  -5.010000000000000e-02
  5.062799418485474e-01   1.375651720529323e-01  -5.009999999999999e-02
  5.064143945834194e-01   1.375884044507561e-01  -5.010000000000000e-02
  5.065485178490613e-01   1.376111054979928e-01  -5.010000000000000e-02
  5.066822812527347e-01   1.376333357362991e-01  -5.010000000000000e-02
  5.068156655103536e-01   1.376550935374840e-01  -5.010000000000000e-02
  5.069486510265990e-01   1.376763810885205e-01  -5.010000000000000e-02
  5.070812179816324e-01   1.376972038397452e-01  -5.010000000000000e-02
  5.072133671698209e-01   1.377174333301922e-01  -5.009999999999999e-02
  5.073450594565969e-01   1.377372005723562e-01  -5.010000000000000e-02
  5.074762762174782e-01   1.377565097703280e-01  -5.010000000000000e-02
  5.076069994135996e-01   1.377753635484418e-01  -5.010000000000000e-02
  5.077372168206689e-01   1.377937254425589e-01  -5.010000000000000e-02
  5.078669208700621e-01   1.378115223321692e-01  -5.010000000000000e-02
  5.079960779627077e-01   1.378288732195934e-01  -5.010000000000000e-02
  5.081246716816715e-01   1.378457791908640e-01  -5.010000000000000e-02
  5.082526860484374e-01   1.378622411164160e-01  -5.010000000000000e-02
  5.083801241331369e-01   1.378781068112523e-01  -5.010000000000000e-02
  5.085069504855710e-01   1.378935309517672e-01  -5.010000000000000e-02
  5.086331484469709e-01   1.379085288722379e-01  -5.010000000000001e-02
  5.087587031024453e-01   1.379231054110785e-01  -5.010000000000000e-02
  5.088836209795844e-01   1.379370738174125e-01  -5.009999999999999e-02
  5.090078652664296e-01   1.379506312189900e-01  -5.010000000000000e-02
  5.091314221124197e-01   1.379637839673731e-01  -5.010000000000001e-02
  5.092542859487510e-01   1.379764611347285e-01  -5.010000000000000e-02
  5.093764486173762e-01   1.379886090662537e-01  -5.010000000000000e-02
  5.094978833757156e-01   1.380003687549252e-01  -5.010000000000001e-02
  5.096185778237301e-01   1.380117497429461e-01  -5.010000000000000e-02
  5.097385394040248e-01   1.380225409312970e-01  -5.009999999999999e-02
  5.098577369483006e-01   1.380329534120225e-01  -5.010000000000000e-02
  5.099761582307641e-01   1.380430095817409e-01  -5.010000000000000e-02
  5.100938070749281e-01   1.380525363812539e-01  -5.010000000000000e-02
  5.102106630357323e-01   1.380616498169504e-01  -5.010000000000000e-02
  5.103267105390767e-01   1.380704307323067e-01  -5.010000000000000e-02
  5.104419525283521e-01   1.380787138952412e-01  -5.010000000000000e-02
  5.105563722259555e-01   1.380865955909797e-01  -5.010000000000000e-02
  5.106699548845206e-01   1.380941727483876e-01  -5.010000000000000e-02
  5.107827060250790e-01   1.381012342311191e-01  -5.010000000000000e-02
  5.108946066415865e-01   1.381079439915055e-01  -5.010000000000000e-02
  5.110056455171489e-01   1.381143785422145e-01  -5.010000000000000e-02
  5.111158313575405e-01   1.381202503500266e-01  -5.010000000000001e-02
  5.112251402135500e-01   1.381258668589839e-01  -5.009999999999999e-02
  5.113335712606694e-01   1.381311359659334e-01  -5.010000000000000e-02
  5.114411224591005e-01   1.381359591618241e-01  -5.010000000000000e-02
  5.115477782932990e-01   1.381405603471371e-01  -5.010000000000000e-02
  5.116535437631309e-01   1.381446995191077e-01  -5.010000000000000e-02
  5.117584060830371e-01   1.381485575256090e-01  -5.010000000000000e-02
  5.118623618483296e-01   1.381521244904580e-01  -5.010000000000000e-02
  5.119654103767535e-01   1.381552758574298e-01  -5.010000000000000e-02
  5.120675403581529e-01   1.381582629526716e-01  -5.010000000000000e-02
  5.121687571394313e-01   1.381607701362913e-01  -5.010000000000000e-02
  5.122690493392652e-01   1.381630988137678e-01  -5.010000000000001e-02
  5.123684183851658e-01   1.381650906961149e-01  -5.010000000000000e-02
  5.124668599527313e-01   1.381668025556808e-01  -5.010000000000000e-02
  5.125643716326058e-01   1.381682863571225e-01  -5.010000000000001e-02
  5.126609528325912e-01   1.381694158372650e-01  -5.010000000000000e-02
  5.127565997779413e-01   1.381704159324942e-01  -5.010000000000000e-02
  5.128513136274983e-01   1.381709980617998e-01  -5.010000000000000e-02
  5.129450911607395e-01   1.381715201291125e-01  -5.010000000000000e-02
  5.130379333714716e-01   1.381716039500905e-01  -5.010000000000000e-02
  5.131298390233193e-01   1.381716437652269e-01  -5.010000000000001e-02
  5.132208081431654e-01   1.381712949493845e-01  -5.010000000000000e-02
  5.133108417240276e-01   1.381708885713481e-01  -5.010000000000000e-02
  5.133999389312236e-01   1.381701204054121e-01  -5.010000000000000e-02
  5.134881027401513e-01   1.381693015781869e-01  -5.010000000000000e-02
  5.135753315400247e-01   1.381681422609165e-01  -5.010000000000000e-02
  5.136616303829287e-01   1.381669555084880e-01  -5.010000000000000e-02
  5.137469963380247e-01   1.381654227939230e-01  -5.010000000000000e-02
  5.138314372829778e-01   1.381639035697526e-01  -5.010000000000000e-02
  5.139149479541419e-01   1.381620149958436e-01  -5.010000000000000e-02
  5.139975389868080e-01   1.381601472193398e-01  -5.010000000000000e-02
  5.140792052171798e-01   1.381579751925239e-01  -5.010000000000000e-02
  5.141599567280918e-01   1.381557775018311e-01  -5.010000000000000e-02
  5.142397908743615e-01   1.381533591209405e-01  -5.010000000000000e-02
  5.143187149778403e-01   1.381508482422620e-01  -5.010000000000000e-02
  5.143967314634255e-01   1.381482226603849e-01  -5.010000000000000e-02
  5.144738424024947e-01   1.381454283148768e-01  -5.010000000000000e-02
  5.145500573864397e-01   1.381426315167171e-01  -5.010000000000000e-02
  5.146253703784075e-01   1.381395646823441e-01  -5.010000000000000e-02
  5.146997975819877e-01   1.381365339183250e-01  -5.010000000000000e-02
  5.147733336591719e-01   1.381333079413478e-01  -5.010000000000000e-02
  5.148459895845363e-01   1.381300321014788e-01  -5.010000000000000e-02
  5.149177701894047e-01   1.381267133728304e-01  -5.010000000000001e-02
  5.149886740438006e-01   1.381232149452124e-01  -5.010000000000000e-02
  5.150587168036598e-01   1.381197590043808e-01  -5.010000000000001e-02
  5.151278925424629e-01   1.381161274648660e-01  -5.009999999999999e-02
  5.151962141705732e-01   1.381124658028847e-01  -5.010000000000000e-02
  5.152636890570500e-01   1.381088125073981e-01  -5.010000000000000e-02
  5.153303116452082e-01   1.381049660930338e-01  -5.010000000000000e-02
  5.153961011303287e-01   1.381011677773636e-01  -5.010000000000000e-02
  5.154610566351588e-01   1.380973045712588e-01  -5.010000000000000e-02
  5.155251822014320e-01   1.380933441601707e-01  -5.010000000000000e-02
  5.155884927107025e-01   1.380894340872080e-01  -5.010000000000000e-02
  5.156509844205051e-01   1.380854189934733e-01  -5.009999999999999e-02
  5.157126679678041e-01   1.380813678754763e-01  -5.010000000000000e-02
  5.157735552997742e-01   1.380773690495796e-01  -5.010000000000000e-02
  5.158336415051084e-01   1.380732551910296e-01  -5.010000000000000e-02
  5.158929404104432e-01   1.380691352255886e-01  -5.010000000000000e-02
  5.159514626063046e-01   1.380650692243172e-01  -5.010000000000001e-02
  5.160092036543038e-01   1.380609025721009e-01  -5.009999999999999e-02
  5.160661770064818e-01   1.380567305957653e-01  -5.010000000000000e-02
  5.161223936987439e-01   1.380526140272151e-01  -5.010000000000000e-02
  5.161778521359409e-01   1.380484415478140e-01  -5.010000000000000e-02
  5.162325613214210e-01   1.380442425863898e-01  -5.010000000000000e-02
  5.162865343147292e-01   1.380401001281379e-01  -5.009999999999999e-02
  5.163397739126159e-01   1.380359621961690e-01  -5.010000000000000e-02
  5.163922810873424e-01   1.380317531452212e-01  -5.010000000000000e-02
  5.164440728537085e-01   1.380276014424405e-01  -5.009999999999999e-02
  5.164951561291640e-01   1.380235065333144e-01  -5.010000000000000e-02
  5.165455264666859e-01   1.380193286820908e-01  -5.010000000000001e-02
  5.165952002993896e-01   1.380151831638252e-01  -5.010000000000000e-02
  5.166441866931443e-01   1.380110950156187e-01  -5.010000000000000e-02
  5.166924896398584e-01   1.380070285024784e-01  -5.010000000000000e-02
  5.167401092614616e-01   1.380029022870878e-01  -5.009999999999999e-02
  5.167870625914902e-01   1.379988338055149e-01  -5.010000000000000e-02
  5.168333566263628e-01   1.379948224515236e-01  -5.010000000000000e-02
  5.168789935038511e-01   1.379908124718333e-01  -5.010000000000001e-02
  5.169239785302204e-01   1.379867841125093e-01  -5.010000000000001e-02
  5.169683254000994e-01   1.379828128993926e-01  -5.010000000000000e-02
  5.170120410910405e-01   1.379788982076513e-01  -5.010000000000000e-02
  5.170551283106449e-01   1.379749925825204e-01  -5.010000000000000e-02
  5.170975917975300e-01   1.379710710455977e-01  -5.010000000000000e-02
  5.171394451186767e-01   1.379672058579681e-01  -5.010000000000000e-02
  5.171806951930431e-01   1.379633963806604e-01  -5.010000000000000e-02
  5.172213477945535e-01   1.379596299626790e-01  -5.010000000000000e-02
  5.172614022944165e-01   1.379558258288040e-01  -5.010000000000000e-02
  5.173008743193079e-01   1.379520770148749e-01  -5.010000000000000e-02
  5.173397706952465e-01   1.379483828725981e-01  -5.010000000000000e-02
  5.173780982206464e-01   1.379447427563010e-01  -5.010000000000000e-02
  5.174158589419486e-01   1.379411069178281e-01  -5.010000000000000e-02
  5.174530605388349e-01   1.379374845089879e-01  -5.009999999999999e-02
  5.174897136228812e-01   1.379339155101604e-01  -5.010000000000000e-02
  5.175258248636223e-01   1.379303992719169e-01  -5.010000000000000e-02
  5.175614008948825e-01   1.379269351483060e-01  -5.010000000000000e-02
  5.175964433384629e-01   1.379234719867350e-01  -5.010000000000000e-02
  5.176309611558245e-01   1.379200335487682e-01  -5.010000000000000e-02
  5.176649635497703e-01   1.379166464538926e-01  -5.010000000000000e-02
  5.176984569963609e-01   1.379133100570055e-01  -5.010000000000000e-02
  5.177314479295202e-01   1.379100237172017e-01  -5.010000000000000e-02
  5.177639403832813e-01   1.379067633763074e-01  -5.010000000000000e-02
  5.177959390061396e-01   1.379035115274634e-01  -5.010000000000000e-02
  5.178274542506512e-01   1.379003088017747e-01  -5.010000000000000e-02
  5.178584923705083e-01   1.378971545637119e-01  -5.010000000000000e-02
  5.178890595723404e-01   1.378940481825285e-01  -5.010000000000000e-02
  5.179191620148914e-01   1.378909890323444e-01  -5.010000000000000e-02
  5.179488024291022e-01   1.378879435388264e-01  -5.010000000000000e-02
  5.179779881924610e-01   1.378849239273025e-01  -5.010000000000000e-02
  5.180067274612299e-01   1.378819505109113e-01  -5.010000000000000e-02
  5.180350261942717e-01   1.378790226731380e-01  -5.010000000000000e-02
  5.180628902991984e-01   1.378761398027706e-01  -5.010000000000001e-02
  5.180903256318357e-01   1.378733012939547e-01  -5.010000000000000e-02
  5.181173367266022e-01   1.378704943686146e-01  -5.010000000000000e-02
  5.181439277259301e-01   1.378677029988666e-01  -5.010000000000001e-02
  5.181701072691706e-01   1.378649548214057e-01  -5.009999999999999e-02
  5.181958809996086e-01   1.378622492438323e-01  -5.010000000000000e-02
  5.182212545066923e-01   1.378595856793983e-01  -5.010000000000000e-02
  5.182462333257388e-01   1.378569635470382e-01  -5.010000000000000e-02
  5.182708229376721e-01   1.378543822713961e-01  -5.009999999999999e-02
  5.182950277465953e-01   1.378518316068774e-01  -5.010000000000000e-02
  5.183188518367131e-01   1.378492988043768e-01  -5.010000000000000e-02
  5.183423028862093e-01   1.378468056608186e-01  -5.010000000000000e-02
  5.183653861557702e-01   1.378443516169254e-01  -5.010000000000000e-02
  5.183881068508892e-01   1.378419361192871e-01  -5.010000000000000e-02
  5.184104701217965e-01   1.378395586203692e-01  -5.010000000000000e-02
  5.184324810634157e-01   1.378372185785166e-01  -5.010000000000000e-02
  5.184541447153480e-01   1.378349154579561e-01  -5.010000000000000e-02
  5.184754650256197e-01   1.378326390300267e-01  -5.010000000000000e-02
  5.184964466367599e-01   1.378303860894254e-01  -5.010000000000000e-02
  5.185170957826829e-01   1.378281688479122e-01  -5.010000000000000e-02
  5.185374172814992e-01   1.378259867881335e-01  -5.010000000000000e-02
  5.185574158962900e-01   1.378238393986441e-01  -5.010000000000000e-02
  5.185770963352314e-01   1.378217261738947e-01  -5.010000000000000e-02
  5.185964632517389e-01   1.378196466142159e-01  -5.010000000000000e-02
  5.186155212446313e-01   1.378176002258008e-01  -5.010000000000000e-02
  5.186342748583124e-01   1.378155865206854e-01  -5.010000000000000e-02
  5.186527278763619e-01   1.378135984615408e-01  -5.010000000000000e-02
  5.186708845343214e-01   1.378116337106067e-01  -5.010000000000000e-02
  5.186887501477455e-01   1.378097004539059e-01  -5.010000000000000e-02
  5.187063290451587e-01   1.378077982230443e-01  -5.010000000000000e-02
  5.187236255018357e-01   1.378059265553900e-01  -5.010000000000000e-02
  5.187406437400794e-01   1.378040849940432e-01  -5.010000000000000e-02
  5.187573879295098e-01   1.378022730878049e-01  -5.010000000000000e-02
  5.187738621873670e-01   1.378004903911441e-01  -5.010000000000000e-02
  5.187900705788259e-01   1.377987364641643e-01  -5.010000000000001e-02
  5.188060171173218e-01   1.377970108725672e-01  -5.010000000000000e-02
  5.188217057648867e-01   1.377953131876173e-01  -5.010000000000000e-02
  5.188371396855748e-01   1.377936360996942e-01  -5.010000000000000e-02
  5.188523234129630e-01   1.377919853987386e-01  -5.010000000000000e-02
  5.188672608439192e-01   1.377903614739326e-01  -5.010000000000000e-02
  5.188819557382165e-01   1.377887639165320e-01  -5.010000000000000e-02
  5.188964118060496e-01   1.377871923231824e-01  -5.010000000000000e-02
  5.189106327084232e-01   1.377856462958772e-01  -5.010000000000000e-02
  5.189246220575469e-01   1.377841254419145e-01  -5.010000000000000e-02
  5.189383834172376e-01   1.377826293738536e-01  -5.010000000000000e-02
  5.189519203033274e-01   1.377811577094703e-01  -5.010000000000000e-02
  5.189652361840753e-01   1.377797100717122e-01  -5.010000000000000e-02
  5.189783344805874e-01   1.377782860886535e-01  -5.010000000000000e-02
  5.189912185672382e-01   1.377768853934486e-01  -5.010000000000000e-02
  5.190038916985623e-01   1.377755069489179e-01  -5.010000000000000e-02
  5.190163568530513e-01   1.377741476089498e-01  -5.010000000000000e-02
  5.190286176520971e-01   1.377728105541866e-01  -5.010000000000000e-02
  5.190406772873427e-01   1.377714954365758e-01  -5.010000000000000e-02
  5.190525389058720e-01   1.377702019129241e-01  -5.010000000000000e-02
  5.190642056106526e-01   1.377689296448493e-01  -5.009999999999999e-02
  5.190756804609807e-01   1.377676782987314e-01  -5.010000000000000e-02
  5.190869664729277e-01   1.377664475456643e-01  -5.010000000000000e-02
  5.190980666197885e-01   1.377652370614065e-01  -5.010000000000000e-02
  5.191089838325309e-01   1.377640465263326e-01  -5.010000000000000e-02
  5.191197210002457e-01   1.377628756253838e-01  -5.009999999999999e-02
  5.191302809705983e-01   1.377617240480187e-01  -5.010000000000001e-02
  5.191406665502797e-01   1.377605914881643e-01  -5.010000000000000e-02
  5.191508805054586e-01   1.377594776441667e-01  -5.010000000000000e-02
  5.191609255622325e-01   1.377583822187417e-01  -5.010000000000000e-02
  5.191708044070800e-01   1.377573049189255e-01  -5.010000000000001e-02
  5.191805196875643e-01   1.377562454583505e-01  -5.010000000000000e-02
  5.191900740317121e-01   1.377552037307781e-01  -5.010000000000000e-02
  5.191994699898276e-01   1.377541792723238e-01  -5.010000000000001e-02
  5.192087100944185e-01   1.377531718068636e-01  -5.010000000000000e-02
  5.192177968406194e-01   1.377521810623484e-01  -5.010000000000000e-02
  5.192267326866373e-01   1.377512067707555e-01  -5.010000000000000e-02
  5.192355200541956e-01   1.377502486680399e-01  -5.010000000000001e-02
  5.192441613289770e-01   1.377493064940862e-01  -5.010000000000000e-02
  5.192526588610634e-01   1.377483799926608e-01  -5.010000000000000e-02
  5.192610149653754e-01   1.377474689113637e-01  -5.010000000000000e-02
  5.192692319221082e-01   1.377465730015810e-01  -5.010000000000000e-02
  5.192773119771657e-01   1.377456920184377e-01  -5.010000000000000e-02
  5.192852573425931e-01   1.377448257207505e-01  -5.010000000000000e-02
  5.192930701970056e-01   1.377439738709809e-01  -5.009999999999999e-02
  5.193007526860152e-01   1.377431362351891e-01  -5.010000000000001e-02
  5.193083069226555e-01   1.377423125829871e-01  -5.010000000000001e-02
  5.193157349878022e-01   1.377415026874931e-01  -5.009999999999999e-02
  5.193230389305918e-01   1.377407063252862e-01  -5.010000000000000e-02
  5.193302207688376e-01   1.377399232763605e-01  -5.009999999999999e-02
  5.193372824894416e-01   1.377391533240804e-01  -5.010000000000000e-02
  5.193442260488036e-01   1.377383962551361e-01  -5.010000000000000e-02
  5.193510533732286e-01   1.377376518594990e-01  -5.010000000000000e-02
  5.193577663593285e-01   1.377369199303780e-01  -5.010000000000000e-02
  5.193643499317240e-01   1.377360612564873e-01  -5.010000000000000e-02
  5.193708197808135e-01   1.377351892869978e-01  -5.010000000000000e-02
  5.193771609810260e-01   1.377342058498163e-01  -5.010000000000000e-02
  5.193833666193795e-01   1.377330563649272e-01  -5.010000000000000e-02
  5.193894681184704e-01   1.377319261699969e-01  -5.010000000000000e-02
  5.193954123028587e-01   1.377305555172962e-01  -5.010000000000001e-02
  5.194012477494762e-01   1.377291657694462e-01  -5.010000000000001e-02
  5.194069708557741e-01   1.377277455406056e-01  -5.010000000000000e-02
  5.194125347776067e-01   1.377261120625821e-01  -5.010000000000000e-02
  5.194180051540825e-01   1.377245060479719e-01  -5.010000000000001e-02
  5.194233494188916e-01   1.377228213041345e-01  -5.010000000000000e-02
  5.194285478093090e-01   1.377209914158794e-01  -5.010000000000000e-02
  5.194336587083464e-01   1.377191923255129e-01  -5.010000000000000e-02
  5.194386381884449e-01   1.377173052575678e-01  -5.010000000000000e-02
  5.194434739322833e-01   1.377152939015891e-01  -5.010000000000000e-02
  5.194482282072362e-01   1.377133164313859e-01  -5.009999999999999e-02
  5.194528618600445e-01   1.377112824297070e-01  -5.010000000000000e-02
  5.194573374621645e-01   1.377091053622874e-01  -5.010000000000000e-02
  5.194617375915316e-01   1.377069650070838e-01  -5.010000000000000e-02
  5.194660526126638e-01   1.377048400113798e-01  -5.010000000000000e-02
  5.194701714371959e-01   1.377025157325073e-01  -5.010000000000000e-02
  5.194742207430544e-01   1.377002306834643e-01  -5.010000000000000e-02
  5.194782016838597e-01   1.376979842132555e-01  -5.010000000000000e-02
  5.194820166440539e-01   1.376956132116383e-01  -5.010000000000000e-02
  5.194857156577007e-01   1.376931975292567e-01  -5.010000000000000e-02
  5.194893521680536e-01   1.376908226653528e-01  -5.010000000000000e-02
  5.194929205579925e-01   1.376884784846968e-01  -5.010000000000000e-02
  5.194962668188983e-01   1.376859440859741e-01  -5.010000000000001e-02
  5.194995564921393e-01   1.376834525457460e-01  -5.010000000000000e-02
  5.195027905204237e-01   1.376810031500223e-01  -5.009999999999999e-02
  5.195059323795461e-01   1.376785493025433e-01  -5.010000000000000e-02
  5.195088782398130e-01   1.376759619597387e-01  -5.010000000000000e-02
  5.195117742337851e-01   1.376734184143946e-01  -5.010000000000000e-02
  5.195146211938784e-01   1.376709179354021e-01  -5.010000000000000e-02
  5.195173946948044e-01   1.376684332354034e-01  -5.010000000000000e-02
  5.195199485455820e-01   1.376658089011637e-01  -5.010000000000000e-02
  5.195224591256038e-01   1.376632290319049e-01  -5.010000000000000e-02
  5.195249271585478e-01   1.376606928839761e-01  -5.010000000000000e-02
  5.195273533563097e-01   1.376581997258345e-01  -5.010000000000000e-02
  5.195295822063061e-01   1.376556087226587e-01  -5.010000000000000e-02
  5.195317233660017e-01   1.376530169059879e-01  -5.010000000000000e-02
  5.195338282082574e-01   1.376504690506088e-01  -5.010000000000000e-02
  5.195358973417834e-01   1.376479644196943e-01  -5.009999999999999e-02
  5.195379245279003e-01   1.376454971205771e-01  -5.010000000000000e-02
  5.195397074539002e-01   1.376429130825568e-01  -5.010000000000000e-02
  5.195414601145861e-01   1.376403729087925e-01  -5.010000000000000e-02
  5.195431830180446e-01   1.376378758629016e-01  -5.010000000000000e-02
  5.195448766640251e-01   1.376354212205854e-01  -5.010000000000000e-02
  5.195465415440692e-01   1.376330082694403e-01  -5.010000000000000e-02
  5.195479852058109e-01   1.376305156793238e-01  -5.010000000000001e-02
  5.195493769232015e-01   1.376280482990725e-01  -5.010000000000000e-02
  5.195507449901868e-01   1.376256228487012e-01  -5.010000000000000e-02
  5.195520898046814e-01   1.376232386227456e-01  -5.010000000000000e-02
  5.195534117580403e-01   1.376208949273713e-01  -5.010000000000000e-02
  5.195546758031888e-01   1.376185731813854e-01  -5.010000000000000e-02
  5.195557406891821e-01   1.376162011681579e-01  -5.010000000000000e-02
  5.195567874638187e-01   1.376138694976312e-01  -5.010000000000000e-02
  5.195578164323291e-01   1.376115774899114e-01  -5.010000000000000e-02
  5.195588278948941e-01   1.376093244763506e-01  -5.010000000000000e-02
  5.195598221467260e-01   1.376071097993691e-01  -5.010000000000000e-02
  5.195607994781478e-01   1.376049328122785e-01  -5.010000000000000e-02
  5.195616059135261e-01   1.376027322859833e-01  -5.010000000000000e-02
  5.195623456369555e-01   1.376005484078433e-01  -5.010000000000000e-02
  5.195630727661423e-01   1.375984017115607e-01  -5.010000000000000e-02
  5.195637875137840e-01   1.375962915691913e-01  -5.010000000000000e-02
  5.195644900890442e-01   1.375942173632226e-01  -5.009999999999999e-02
  5.195651806976099e-01   1.375921784864071e-01  -5.010000000000000e-02
  5.195658595417474e-01   1.375901743415968e-01  -5.010000000000000e-02
  5.195664592109298e-01   1.375881849525923e-01  -5.010000000000000e-02
  5.195669292467562e-01   1.375861952154413e-01  -5.010000000000000e-02
  5.195673912725083e-01   1.375842393862211e-01  -5.010000000000000e-02
  5.195678454237160e-01   1.375823168912124e-01  -5.010000000000000e-02
  5.195682918336491e-01   1.375804271662629e-01  -5.010000000000000e-02
  5.195687306333534e-01   1.375785696566335e-01  -5.010000000000000e-02
  5.195691619516878e-01   1.375767438168451e-01  -5.010000000000000e-02
  5.195695859153586e-01   1.375749491105288e-01  -5.010000000000000e-02
  5.195700026489551e-01   1.375731850102782e-01  -5.010000000000000e-02
  5.195703068629335e-01   1.375714312413815e-01  -5.010000000000000e-02
  5.195705487542369e-01   1.375696966791597e-01  -5.010000000000000e-02
  5.195707865190863e-01   1.375679917070527e-01  -5.010000000000000e-02
  5.195710202274462e-01   1.375663158233553e-01  -5.010000000000001e-02
  5.195712499481096e-01   1.375646685347639e-01  -5.010000000000000e-02
  5.195714757487172e-01   1.375630493562403e-01  -5.010000000000000e-02
  5.195716976957756e-01   1.375614578108760e-01  -5.010000000000000e-02
  5.195719158546762e-01   1.375598934297594e-01  -5.010000000000001e-02
  5.195721302897136e-01   1.375583557518450e-01  -5.010000000000000e-02
  5.195723410641036e-01   1.375568443238245e-01  -5.010000000000000e-02
  5.195725482400000e-01   1.375553587000000e-01  -5.010000000000000e-02
