660
  4.766263811800402e-01   1.104155937122767e-01  -5.009999999999999e-02
  4.766250158623250e-01   1.104162149268423e-01  -5.009999999999999e-02
  4.766236387287346e-01   1.104168756054296e-01  -5.009999999999999e-02
  4.766222453503984e-01   1.104175676152551e-01  -5.009999999999999e-02
  4.766208263148647e-01   1.104182723675155e-01  -5.009999999999999e-02
  4.766194601385692e-01   1.104191291575820e-01  -5.009999999999999e-02
  4.766180785667723e-01   1.104200188976079e-01  -5.009999999999999e-02
  4.766166815285584e-01   1.104209399280570e-01  -5.009999999999999e-02
  4.766152819581374e-01   1.104219125102863e-01  -5.009999999999999e-02
  4.766138719362206e-01   1.104229246905359e-01  -5.009999999999999e-02
  4.766124531524173e-01   1.104239789582284e-01  -5.009999999999999e-02
  4.766110347840901e-01   1.104250871562961e-01  -5.009999999999999e-02
  4.766096053454151e-01   1.104262350460720e-01  -5.009999999999999e-02
  4.766081728790316e-01   1.104274317169283e-01  -5.009999999999998e-02
  4.766067514456827e-01   1.104286945370891e-01  -5.009999999999999e-02
  4.766053120645239e-01   1.104299894119491e-01  -5.009999999999999e-02
  4.766038975714075e-01   1.104313633710732e-01  -5.009999999999999e-02
  4.766024693194628e-01   1.104327750888090e-01  -5.009999999999999e-02
  4.766010586712790e-01   1.104342558437187e-01  -5.009999999999999e-02
  4.765996557803365e-01   1.104357951994659e-01  -5.009999999999999e-02
  4.765982536192673e-01   1.104373866145817e-01  -5.009999999999998e-02
  4.765968841599845e-01   1.104390569409459e-01  -5.009999999999998e-02
  4.765954992521499e-01   1.104407658398998e-01  -5.009999999999998e-02
  4.765941739949041e-01   1.104425718827861e-01  -5.009999999999998e-02
  4.765928334354410e-01   1.104444174400911e-01  -5.009999999999998e-02
  4.765915451514000e-01   1.104463506845174e-01  -5.009999999999998e-02
  4.765902505961930e-01   1.104483308248082e-01  -5.009999999999998e-02
  4.765890007031216e-01   1.104503905476701e-01  -5.009999999999998e-02
  4.765877422457194e-01   1.104524967531626e-01  -5.009999999999998e-02
  4.765865170811265e-01   1.104546741989134e-01  -5.009999999999998e-02
  4.765853012756858e-01   1.104569093155561e-01  -5.009999999999998e-02
  4.765841031140009e-01   1.104592065879778e-01  -5.009999999999998e-02
  4.765829113213696e-01   1.104615608002338e-01  -5.009999999999998e-02
  4.765817147366593e-01   1.104639665255622e-01  -5.009999999999998e-02
  4.765805915616763e-01   1.104664618007798e-01  -5.009999999999998e-02
  4.765794519359082e-01   1.104690047087318e-01  -5.009999999999998e-02
  4.765783525155971e-01   1.104716199957990e-01  -5.009999999999998e-02
  4.765772954551583e-01   1.104743094421657e-01  -5.009999999999998e-02
  4.765762379377593e-01   1.104770555704812e-01  -5.009999999999998e-02
  4.765752359548913e-01   1.104798794156883e-01  -5.009999999999998e-02
  4.765742525915346e-01   1.104827681262387e-01  -5.009999999999998e-02
  4.765732784988598e-01   1.104857189934046e-01  -5.009999999999998e-02
  4.765723254721778e-01   1.104887364551216e-01  -5.009999999999998e-02
  4.765713923029880e-01   1.104918204797037e-01  -5.009999999999998e-02
  4.765704904248795e-01   1.104949754949602e-01  -5.009999999999998e-02
  4.765696163713443e-01   1.104982005769671e-01  -5.009999999999998e-02
  4.765687516572960e-01   1.105014913774532e-01  -5.009999999999998e-02
  4.765679123420324e-01   1.105048530970452e-01  -5.009999999999998e-02
  4.765671170360037e-01   1.105082904051491e-01  -5.009999999999998e-02
  4.765663380863666e-01   1.105117977155442e-01  -5.009999999999998e-02
  4.765656229779814e-01   1.105153857236346e-01  -5.009999999999998e-02
  4.765649217675834e-01   1.105190444832292e-01  -5.009999999999998e-02
  4.765642433161004e-01   1.105227769125341e-01  -5.009999999999998e-02
  4.765635970702847e-01   1.105265853073272e-01  -5.009999999999998e-02
  4.765629555176683e-01   1.105304661551144e-01  -5.009999999999998e-02
  4.765623678365552e-01   1.105344281942338e-01  -5.009999999999998e-02
  4.765617856781783e-01   1.105384648764611e-01  -5.009999999999998e-02
  4.765612441015821e-01   1.105425824381813e-01  -5.009999999999998e-02
  4.765607266784003e-01   1.105467793369095e-01  -5.009999999999998e-02
  4.765602423849337e-01   1.105510580457094e-01  -5.009999999999998e-02
  4.765598000529966e-01   1.105554200961735e-01  -5.009999999999998e-02
  4.765593812977181e-01   1.105598650022884e-01  -5.009999999999998e-02
  4.765590134073077e-01   1.105643959828951e-01  -5.009999999999998e-02
  4.765586576242730e-01   1.105690111864071e-01  -5.009999999999998e-02
  4.765583517718051e-01   1.105737144708111e-01  -5.009999999999998e-02
  4.765580490729970e-01   1.105785040725330e-01  -5.009999999999998e-02
  4.765578045376446e-01   1.105833845106652e-01  -5.009999999999998e-02
  4.765575592789253e-01   1.105883540405620e-01  -5.009999999999998e-02
  4.765573811295742e-01   1.105934170696446e-01  -5.009999999999998e-02
  4.765572012650177e-01   1.105985722988634e-01  -5.009999999999998e-02
  4.765571082164187e-01   1.106038237074811e-01  -5.009999999999998e-02
  4.765570135163483e-01   1.106091706374378e-01  -5.009999999999998e-02
  4.765569950205318e-01   1.106146156173289e-01  -5.009999999999998e-02
  4.765569761885018e-01   1.106201595750792e-01  -5.009999999999998e-02
  4.765570396113381e-01   1.106258039285516e-01  -5.009999999999998e-02
  4.765571075406207e-01   1.106315508011287e-01  -5.009999999999998e-02
  4.765572238094503e-01   1.106374012645762e-01  -5.009999999999998e-02
  4.765573478104655e-01   1.106433578397057e-01  -5.009999999999998e-02
  4.765575324597449e-01   1.106494209390332e-01  -5.009999999999998e-02
  4.765577351940326e-01   1.106555936269837e-01  -5.009999999999998e-02
  4.765580168734814e-01   1.106618751100683e-01  -5.009999999999998e-02
  4.765583395716142e-01   1.106682689573821e-01  -5.009999999999998e-02
  4.765587053245005e-01   1.106747765794180e-01  -5.009999999999998e-02
  4.765591107390180e-01   1.106814002243657e-01  -5.009999999999998e-02
  4.765595498074671e-01   1.106881420372498e-01  -5.009999999999998e-02
  4.765600441228685e-01   1.106950027095845e-01  -5.009999999999998e-02
  4.765605601639703e-01   1.107019864995262e-01  -5.009999999999998e-02
  4.765611521049759e-01   1.107090914029814e-01  -5.009999999999998e-02
  4.765617547451728e-01   1.107163247258568e-01  -5.009999999999998e-02
  4.765624497010790e-01   1.107236814659704e-01  -5.009999999999998e-02
  4.765631623653538e-01   1.107311705997033e-01  -5.009999999999998e-02
  4.765639476302673e-01   1.107387888935683e-01  -5.009999999999998e-02
  4.765647733949189e-01   1.107465419836525e-01  -5.009999999999998e-02
  4.765656484526955e-01   1.107544310507104e-01  -5.009999999999998e-02
  4.765665856726585e-01   1.107624571404376e-01  -5.009999999999998e-02
  4.765675515354239e-01   1.107706263959363e-01  -5.009999999999998e-02
  4.765686091044808e-01   1.107789336892538e-01  -5.009999999999998e-02
  4.765696857079173e-01   1.107873904992131e-01  -5.009999999999998e-02
  4.765708563304999e-01   1.107959895362832e-01  -5.009999999999998e-02
  4.765720639182938e-01   1.108047410683254e-01  -5.009999999999998e-02
  4.765733465680093e-01   1.108136421711840e-01  -5.009999999999998e-02
  4.765747078028508e-01   1.108226951301466e-01  -5.009999999999998e-02
  4.765761013620116e-01   1.108319093794953e-01  -5.009999999999998e-02
  4.765775695703642e-01   1.108412813104708e-01  -5.009999999999998e-02
  4.765790641031402e-01   1.108508212766423e-01  -5.009999999999998e-02
  4.765806618814611e-01   1.108605198080025e-01  -5.009999999999998e-02
  4.765823120907592e-01   1.108703881676358e-01  -5.009999999999998e-02
  4.765840316696141e-01   1.108804262665775e-01  -5.009999999999998e-02
  4.765858503206308e-01   1.108906321127364e-01  -5.009999999999998e-02
  4.765877014802488e-01   1.109010203895976e-01  -5.009999999999998e-02
  4.765896645714430e-01   1.109115798683908e-01  -5.009999999999998e-02
  4.765916662251788e-01   1.109223272132599e-01  -5.009999999999998e-02
  4.765937516970375e-01   1.109332571235349e-01  -5.009999999999998e-02
  4.765959180177809e-01   1.109443735696657e-01  -5.009999999999998e-02
  4.765981305318852e-01   1.109556865465362e-01  -5.009999999999998e-02
  4.766004742913582e-01   1.109671826150407e-01  -5.009999999999998e-02
  4.766028597468617e-01   1.109788832012996e-01  -5.009999999999999e-02
  4.766053490373906e-01   1.109907789978516e-01  -5.009999999999999e-02
  4.766079221594175e-01   1.110028778612808e-01  -5.009999999999998e-02
  4.766105549379843e-01   1.110151884466557e-01  -5.009999999999999e-02
  4.766133323467323e-01   1.110276960957299e-01  -5.009999999999999e-02
  4.766161589791071e-01   1.110404254161193e-01  -5.009999999999999e-02
  4.766191008811617e-01   1.110533653993792e-01  -5.009999999999999e-02
  4.766221343102428e-01   1.110665254137408e-01  -5.009999999999999e-02
  4.766252334199735e-01   1.110799152601029e-01  -5.009999999999999e-02
  4.766284879340020e-01   1.110935179894089e-01  -5.009999999999999e-02
  4.766317998879431e-01   1.111073607974406e-01  -5.009999999999999e-02
  4.766352356773732e-01   1.111214317725560e-01  -5.009999999999999e-02
  4.766387808746628e-01   1.111357387482808e-01  -5.009999999999999e-02
  4.766423915650704e-01   1.111502967758953e-01  -5.009999999999999e-02
  4.766461837203080e-01   1.111650810710586e-01  -5.009999999999999e-02
  4.766500425000474e-01   1.111801251119969e-01  -5.009999999999999e-02
  4.766540114456043e-01   1.111954221876268e-01  -5.009999999999999e-02
  4.766580999003244e-01   1.112109745340728e-01  -5.009999999999999e-02
  4.766622599741690e-01   1.112267993172982e-01  -5.009999999999999e-02
  4.766666293535036e-01   1.112428644406486e-01  -5.009999999999999e-02
  4.766710934306501e-01   1.112592054970915e-01  -5.009999999999999e-02
  4.766756701872700e-01   1.112758222976898e-01  -5.009999999999999e-02
  4.766804130145040e-01   1.112927050752856e-01  -5.009999999999999e-02
  4.766852384862890e-01   1.113098820380801e-01  -5.009999999999999e-02
  4.766902358297989e-01   1.113273329405560e-01  -5.009999999999998e-02
  4.766953616408853e-01   1.113450753964272e-01  -5.009999999999999e-02
  4.767005844979485e-01   1.113631236121704e-01  -5.009999999999998e-02
  4.767060287969719e-01   1.113814465415293e-01  -5.009999999999998e-02
  4.767115674163714e-01   1.114000869085573e-01  -5.009999999999998e-02
  4.767172645262654e-01   1.114190309356912e-01  -5.009999999999998e-02
  4.767231466703926e-01   1.114382762591408e-01  -5.009999999999998e-02
  4.767291303403630e-01   1.114578537569892e-01  -5.009999999999998e-02
  4.767353370821026e-01   1.114777315599859e-01  -5.009999999999999e-02
  4.767416864496820e-01   1.114979404730683e-01  -5.009999999999998e-02
  4.767481623117127e-01   1.115184912969145e-01  -5.009999999999999e-02
  4.767548939798641e-01   1.115393488912747e-01  -5.009999999999999e-02
  4.767617410603997e-01   1.115605640826880e-01  -5.009999999999999e-02
  4.767687827684930e-01   1.115821171506997e-01  -5.009999999999999e-02
  4.767760481575523e-01   1.116040048716519e-01  -5.009999999999999e-02
  4.767834375715538e-01   1.116262662303138e-01  -5.009999999999998e-02
  4.767910864468875e-01   1.116488621290061e-01  -5.009999999999999e-02
  4.767989129210121e-01   1.116718266400787e-01  -5.009999999999998e-02
  4.768068777441984e-01   1.116951795370826e-01  -5.009999999999998e-02
  4.768151256510027e-01   1.117188776793495e-01  -5.009999999999998e-02
  4.768235132658747e-01   1.117429772351798e-01  -5.009999999999998e-02
  4.768320895819314e-01   1.117674678681826e-01  -5.009999999999998e-02
  4.768409122464091e-01   1.117923362791220e-01  -5.009999999999998e-02
  4.768498836071506e-01   1.118176238196567e-01  -5.009999999999998e-02
  4.768591348650660e-01   1.118432904444666e-01  -5.009999999999998e-02
  4.768686331870863e-01   1.118693551705444e-01  -5.009999999999998e-02
  4.768782907468965e-01   1.118958568674223e-01  -5.009999999999998e-02
  4.768882594947496e-01   1.119227469806094e-01  -5.009999999999998e-02
  4.768984230522320e-01   1.119500758184333e-01  -5.009999999999998e-02
  4.769087718853585e-01   1.119778543110301e-01  -5.009999999999999e-02
  4.769194669341643e-01   1.120060296226037e-01  -5.009999999999999e-02
  4.769303395870316e-01   1.120346728188832e-01  -5.009999999999999e-02
  4.769414544617280e-01   1.120637669276864e-01  -5.009999999999999e-02
  4.769528907460519e-01   1.120932894645761e-01  -5.009999999999999e-02
  4.769645157811316e-01   1.121232992577285e-01  -5.009999999999999e-02
  4.769764400424851e-01   1.121537611376249e-01  -5.009999999999999e-02
  4.769886576805233e-01   1.121846855166158e-01  -5.009999999999999e-02
  4.770010756610162e-01   1.122161169875645e-01  -5.009999999999998e-02
  4.770138475387210e-01   1.122480025966152e-01  -5.009999999999999e-02
  4.770268846449375e-01   1.122803860654497e-01  -5.009999999999999e-02
  4.770401340699901e-01   1.123132969228242e-01  -5.009999999999999e-02
  4.770537899323966e-01   1.123466648296495e-01  -5.009999999999998e-02
  4.770676850739797e-01   1.123805662718626e-01  -5.009999999999998e-02
  4.770818248607849e-01   1.124150075668824e-01  -5.009999999999998e-02
  4.770964037470065e-01   1.124499169952490e-01  -5.009999999999998e-02
  4.771112171564151e-01   1.124853879939771e-01  -5.009999999999998e-02
  4.771263248191203e-01   1.125214042744811e-01  -5.009999999999998e-02
  4.771418501747093e-01   1.125579227612510e-01  -5.009999999999998e-02
  4.771576233010381e-01   1.125950240502913e-01  -5.009999999999998e-02
  4.771737494176221e-01   1.126326720516100e-01  -5.009999999999998e-02
  4.771902939583820e-01   1.126708478058746e-01  -5.009999999999998e-02
  4.772071003252665e-01   1.127096277116802e-01  -5.009999999999998e-02
  4.772242406999392e-01   1.127489895892804e-01  -5.009999999999998e-02
  4.772417161515965e-01   1.127889422662215e-01  -5.009999999999998e-02
  4.772594657150511e-01   1.128295216222489e-01  -5.009999999999998e-02
  4.772776972979815e-01   1.128706451353770e-01  -5.009999999999998e-02
  4.772963362142189e-01   1.129123552637741e-01  -5.009999999999998e-02
  4.773152647581243e-01   1.129547135203708e-01  -5.009999999999998e-02
  4.773346373453491e-01   1.129976599818705e-01  -5.009999999999998e-02
  4.773543678492523e-01   1.130412429460833e-01  -5.009999999999998e-02
  4.773744019125243e-01   1.130854964464959e-01  -5.009999999999998e-02
  4.773949210258333e-01   1.131303474052994e-01  -5.009999999999998e-02
  4.774157987480536e-01   1.131758630868470e-01  -5.009999999999998e-02
  4.774369943236319e-01   1.132220717229257e-01  -5.009999999999997e-02
  4.774587195816359e-01   1.132688851785948e-01  -5.009999999999997e-02
  4.774808074686429e-01   1.133163903013815e-01  -5.009999999999997e-02
  4.775032279183130e-01   1.133646106772905e-01  -5.009999999999997e-02
  4.775262227487387e-01   1.134134427986381e-01  -5.009999999999998e-02
  4.775495872513485e-01   1.134629922345987e-01  -5.009999999999997e-02
  4.775732994287249e-01   1.135132789894259e-01  -5.009999999999998e-02
  4.775976210776194e-01   1.135641884519815e-01  -5.009999999999998e-02
  4.776223227348657e-01   1.136158392827382e-01  -5.009999999999998e-02
  4.776473874241494e-01   1.136682492085681e-01  -5.009999999999998e-02
  4.776730525604502e-01   1.137213136529124e-01  -5.009999999999998e-02
  4.776991097150257e-01   1.137751425220605e-01  -5.009999999999998e-02
  4.777255448202401e-01   1.138297521616270e-01  -5.009999999999998e-02
  4.777526006477451e-01   1.138850338919228e-01  -5.009999999999999e-02
  4.777800686987827e-01   1.139410987474921e-01  -5.009999999999999e-02
  4.778079296597638e-01   1.139979655689234e-01  -5.009999999999999e-02
  4.778364207453213e-01   1.140555268429830e-01  -5.009999999999999e-02
  4.778653497400431e-01   1.141138866120156e-01  -5.009999999999999e-02
  4.778946864931758e-01   1.141730689705266e-01  -5.009999999999999e-02
  4.779246606120362e-01   1.142329686074067e-01  -5.009999999999999e-02
  4.779551058824310e-01   1.142936774723278e-01  -5.009999999999999e-02
  4.779859736454805e-01   1.143552288014207e-01  -5.010000000000000e-02
  4.780174947809263e-01   1.144175149718527e-01  -5.010000000000000e-02
  4.780495351518369e-01   1.144806124469261e-01  -5.009999999999999e-02
  4.780820128719064e-01   1.145445711987847e-01  -5.009999999999999e-02
  4.781150842319357e-01   1.146093200246845e-01  -5.009999999999999e-02
  4.781486982161751e-01   1.146748933508505e-01  -5.009999999999999e-02
  4.781827630777816e-01   1.147413462373936e-01  -5.009999999999999e-02
  4.782174459201307e-01   1.148086006011448e-01  -5.009999999999999e-02
  4.782527687681476e-01   1.148766530309440e-01  -5.009999999999999e-02
  4.782885567207774e-01   1.149456015237959e-01  -5.009999999999999e-02
  4.783249037306152e-01   1.150154046802355e-01  -5.009999999999999e-02
  4.783619248590383e-01   1.150860098985178e-01  -5.009999999999999e-02
  4.783994239790156e-01   1.151575267232113e-01  -5.010000000000000e-02
  4.784374824618510e-01   1.152299193148835e-01  -5.010000000000000e-02
  4.784762381211590e-01   1.153031218785478e-01  -5.010000000000000e-02
  4.785154838619992e-01   1.153772501192667e-01  -5.010000000000000e-02
  4.785553212215462e-01   1.154522563990560e-01  -5.010000000000001e-02
  4.785958457393529e-01   1.155280960247726e-01  -5.010000000000001e-02
  4.786368715202999e-01   1.156048737396020e-01  -5.010000000000001e-02
  4.786785501249203e-01   1.156825138125228e-01  -5.010000000000001e-02
  4.787208762597264e-01   1.157610244261774e-01  -5.010000000000001e-02
  4.787637138233913e-01   1.158404836876056e-01  -5.010000000000000e-02
  4.788072927122275e-01   1.159207718952781e-01  -5.010000000000000e-02
  4.788514519490706e-01   1.160019806792575e-01  -5.010000000000000e-02
  4.788961764843742e-01   1.160841221282240e-01  -5.009999999999999e-02
  4.789416990644350e-01   1.161670729395799e-01  -5.010000000000000e-02
  4.789877489158864e-01   1.162509845398368e-01  -5.009999999999999e-02
  4.790345111337355e-01   1.163357580689261e-01  -5.009999999999999e-02
  4.790819423065618e-01   1.164214202757642e-01  -5.009999999999999e-02
  4.791299316473875e-01   1.165080345756403e-01  -5.010000000000000e-02
  4.791787291620973e-01   1.165954640732469e-01  -5.009999999999999e-02
  4.792280660279743e-01   1.166838599151820e-01  -5.010000000000000e-02
  4.792781367798662e-01   1.167731144148334e-01  -5.009999999999999e-02
  4.793288531515781e-01   1.168632779397518e-01  -5.010000000000000e-02
  4.793802001798869e-01   1.169543589951035e-01  -5.009999999999999e-02
  4.794323062422404e-01   1.170462851693022e-01  -5.009999999999999e-02
  4.794849590759624e-01   1.171391759644643e-01  -5.009999999999999e-02
  4.795384675434324e-01   1.172328548294571e-01  -5.009999999999999e-02
  4.795925304284185e-01   1.173274919243991e-01  -5.009999999999999e-02
  4.796473738905694e-01   1.174229558230300e-01  -5.009999999999999e-02
  4.797028533553380e-01   1.175193272606775e-01  -5.010000000000000e-02
  4.797590824795416e-01   1.176165374458053e-01  -5.010000000000001e-02
  4.798160420573475e-01   1.177145943442770e-01  -5.010000000000001e-02
  4.798736568450633e-01   1.178135373614035e-01  -5.010000000000001e-02
  4.799319999982796e-01   1.179133197212702e-01  -5.010000000000001e-02
  4.799909665789029e-01   1.180139976467243e-01  -5.010000000000001e-02
  4.800506955065271e-01   1.181154844710309e-01  -5.010000000000002e-02
  4.801110560567378e-01   1.182178507677846e-01  -5.010000000000002e-02
  4.801723345087560e-01   1.183209209548659e-01  -5.010000000000002e-02
  4.802342075229866e-01   1.184248792714430e-01  -5.010000000000002e-02
  4.802968999831352e-01   1.185295842092261e-01  -5.010000000000002e-02
  4.803601808748179e-01   1.186351655275606e-01  -5.010000000000001e-02
  4.804242613679338e-01   1.187414879212351e-01  -5.010000000000001e-02
  4.804889489503956e-01   1.188486577197991e-01  -5.010000000000001e-02
  4.805544772154720e-01   1.189565239873403e-01  -5.010000000000001e-02
  4.806206536932730e-01   1.190651924051661e-01  -5.010000000000000e-02
  4.806877049373994e-01   1.191745139292364e-01  -5.010000000000001e-02
  4.807553953339857e-01   1.192846204850536e-01  -5.010000000000000e-02
  4.808238209081750e-01   1.193954410499996e-01  -5.010000000000000e-02
  4.808929204993933e-01   1.195070001022714e-01  -5.009999999999999e-02
  4.809627093545643e-01   1.196192750826592e-01  -5.009999999999999e-02
  4.810333189948288e-01   1.197321691886824e-01  -5.009999999999999e-02
  4.811046244728836e-01   1.198457461638501e-01  -5.009999999999999e-02
  4.811767526304827e-01   1.199599100465017e-01  -5.009999999999999e-02
  4.812494585911178e-01   1.200747996729036e-01  -5.009999999999999e-02
  4.813230059423707e-01   1.201902311328383e-01  -5.009999999999999e-02
  4.813971218043719e-01   1.203063606082376e-01  -5.010000000000000e-02
  4.814720354166100e-01   1.204230241186201e-01  -5.009999999999999e-02
  4.815476321192273e-01   1.205402759410763e-01  -5.010000000000000e-02
  4.816239609994793e-01   1.206580658939022e-01  -5.010000000000000e-02
  4.817010765325246e-01   1.207763378154533e-01  -5.010000000000000e-02
  4.817787818855984e-01   1.208952001189743e-01  -5.009999999999999e-02
  4.818573687212091e-01   1.210144402251756e-01  -5.009999999999999e-02
  4.819365194382594e-01   1.211342451027596e-01  -5.010000000000000e-02
  4.820164309391414e-01   1.212544628807111e-01  -5.009999999999999e-02
  4.820970249890626e-01   1.213751218398475e-01  -5.009999999999999e-02
  4.821782272347352e-01   1.214962490256744e-01  -5.009999999999999e-02
  4.822602495497288e-01   1.216176774655101e-01  -5.009999999999999e-02
  4.823428193289093e-01   1.217395663698966e-01  -5.009999999999999e-02
  4.824261442289051e-01   1.218617501743636e-01  -5.009999999999999e-02
  4.825101307612720e-01   1.219842658193198e-01  -5.009999999999998e-02
  4.825946958181789e-01   1.221071449391765e-01  -5.009999999999998e-02
  4.826801065192083e-01   1.222301755695190e-01  -5.009999999999999e-02
  4.827660431735682e-01   1.223535514686469e-01  -5.009999999999999e-02
  4.828526659242808e-01   1.224771338095826e-01  -5.009999999999999e-02
  4.829399499540157e-01   1.226009104453246e-01  -5.009999999999999e-02
  4.830277350424834e-01   1.227249661972437e-01  -5.009999999999999e-02
  4.831163088838602e-01   1.228490673444679e-01  -5.009999999999999e-02
  4.832054074607391e-01   1.229733711679127e-01  -5.009999999999999e-02
  4.832950608193536e-01   1.230978270220447e-01  -5.009999999999999e-02
  4.833854405531786e-01   1.232222791974346e-01  -5.009999999999999e-02
  4.834762840529028e-01   1.233468868091059e-01  -5.009999999999999e-02
  4.835677537471768e-01   1.234715003716415e-01  -5.009999999999999e-02
  4.836598232838745e-01   1.235961057917886e-01  -5.009999999999999e-02
  4.837523267447778e-01   1.237207939608776e-01  -5.009999999999999e-02
  4.838455193810348e-01   1.238453422042619e-01  -5.009999999999999e-02
  4.839391941379803e-01   1.239698707711186e-01  -5.010000000000000e-02
  4.840332848448783e-01   1.240943974589261e-01  -5.010000000000001e-02
  4.841281117526358e-01   1.242186447442049e-01  -5.010000000000001e-02
  4.842233232795934e-01   1.243428452285237e-01  -5.010000000000000e-02
  4.843189972907347e-01   1.244669062962205e-01  -5.010000000000001e-02
  4.844152639613796e-01   1.245906912708198e-01  -5.010000000000001e-02
  4.845118698102901e-01   1.247143620743276e-01  -5.010000000000001e-02
  4.846089663038816e-01   1.248377660642550e-01  -5.010000000000000e-02
  4.847065570139874e-01   1.249608633339331e-01  -5.010000000000000e-02
  4.848044468184380e-01   1.250837736758862e-01  -5.010000000000000e-02
  4.849028567499852e-01   1.252062852819566e-01  -5.009999999999999e-02
  4.850016450385147e-01   1.253284743888008e-01  -5.009999999999999e-02
  4.851006859670716e-01   1.254504082383235e-01  -5.009999999999999e-02
  4.852002800538415e-01   1.255718054857315e-01  -5.009999999999999e-02
  4.853001347856389e-01   1.256928680482672e-01  -5.009999999999999e-02
  4.854002305590842e-01   1.258135780314949e-01  -5.009999999999999e-02
  4.855008353966024e-01   1.259336750501441e-01  -5.010000000000000e-02
  4.856016116398363e-01   1.260534044107437e-01  -5.010000000000001e-02
  4.857026594136898e-01   1.261726474054816e-01  -5.010000000000000e-02
  4.858040888393217e-01   1.262912725303098e-01  -5.010000000000001e-02
  4.859056366209554e-01   1.264094688375410e-01  -5.010000000000001e-02
  4.860074968581193e-01   1.265270342426036e-01  -5.010000000000001e-02
  4.861095953700962e-01   1.266439949869675e-01  -5.010000000000001e-02
  4.862117533218521e-01   1.267604728949500e-01  -5.010000000000001e-02
  4.863142708040757e-01   1.268761682309708e-01  -5.010000000000001e-02
  4.864168747565342e-01   1.269912852649169e-01  -5.010000000000001e-02
  4.865195320579465e-01   1.271058207318655e-01  -5.010000000000000e-02
  4.866225099479069e-01   1.272194978309301e-01  -5.010000000000000e-02
  4.867254523292168e-01   1.273326030968132e-01  -5.010000000000001e-02
  4.868285203101149e-01   1.274449570528281e-01  -5.010000000000001e-02
  4.869317274061091e-01   1.275565106820102e-01  -5.010000000000001e-02
  4.870348365229813e-01   1.276674506624896e-01  -5.010000000000000e-02
  4.871381582717918e-01   1.277774538995099e-01  -5.010000000000001e-02
  4.872414126184134e-01   1.278867477324702e-01  -5.010000000000001e-02
  4.873446015455421e-01   1.279953000143708e-01  -5.010000000000001e-02
  4.874479305445103e-01   1.281028804135493e-01  -5.010000000000001e-02
  4.875510572953055e-01   1.282097853047271e-01  -5.010000000000001e-02
  4.876542464582025e-01   1.283157282973880e-01  -5.010000000000001e-02
  4.877573298093845e-01   1.284208394369087e-01  -5.010000000000001e-02
  4.878602200946328e-01   1.285251761414016e-01  -5.010000000000001e-02
  4.879631793579202e-01   1.286284471851868e-01  -5.010000000000001e-02
  4.880658284311769e-01   1.287310000904301e-01  -5.010000000000001e-02
  4.881684560341122e-01   1.288325172674229e-01  -5.010000000000001e-02
  4.882708660178913e-01   1.289331656157831e-01  -5.010000000000001e-02
  4.883730314136517e-01   1.290329470434965e-01  -5.010000000000001e-02
  4.884751276672642e-01   1.291316516086467e-01  -5.010000000000001e-02
  4.885768074820797e-01   1.292296122296305e-01  -5.010000000000001e-02
  4.886784691182547e-01   1.293263876535640e-01  -5.010000000000001e-02
  4.887797159761878e-01   1.294223659266948e-01  -5.010000000000001e-02
  4.888807544195334e-01   1.295173062075015e-01  -5.010000000000001e-02
  4.889814951448566e-01   1.296112761952491e-01  -5.010000000000001e-02
  4.890818537614685e-01   1.297043449060010e-01  -5.010000000000001e-02
  4.891820179217915e-01   1.297962839083074e-01  -5.010000000000001e-02
  4.892816418150325e-01   1.298874484937842e-01  -5.010000000000001e-02
  4.893811558021143e-01   1.299773436519199e-01  -5.010000000000001e-02
  4.894800685334496e-01   1.300664899418746e-01  -5.010000000000001e-02
  4.895787870500326e-01   1.301544149668154e-01  -5.010000000000001e-02
  4.896769482289263e-01   1.302415036026542e-01  -5.010000000000000e-02
  4.897748057683491e-01   1.303274521849357e-01  -5.010000000000000e-02
  4.898721475619965e-01   1.304124808042808e-01  -5.010000000000000e-02
  4.899690796465275e-01   1.304964524420665e-01  -5.009999999999999e-02
  4.900655251592347e-01   1.305794360466726e-01  -5.009999999999999e-02
  4.901614846579068e-01   1.306614168969477e-01  -5.009999999999999e-02
  4.902569703540239e-01   1.307423623923048e-01  -5.009999999999999e-02
  4.903519136717153e-01   1.308223406857377e-01  -5.009999999999999e-02
  4.904463772729388e-01   1.309012605844136e-01  -5.009999999999999e-02
  4.905402608592826e-01   1.309792307118401e-01  -5.010000000000000e-02
  4.906336408311374e-01   1.310561438083682e-01  -5.010000000000001e-02
  4.907264230390428e-01   1.311321041535685e-01  -5.010000000000000e-02
  4.908186623388405e-01   1.312070309894240e-01  -5.010000000000001e-02
  4.909103082556472e-01   1.312809779044082e-01  -5.010000000000001e-02
  4.910013510843581e-01   1.313539447093337e-01  -5.010000000000001e-02
  4.910918228210225e-01   1.314258843210420e-01  -5.010000000000001e-02
  4.911816141519601e-01   1.314969235675102e-01  -5.010000000000000e-02
  4.912708772563648e-01   1.315668638780170e-01  -5.010000000000000e-02
  4.913593656376248e-01   1.316360107577672e-01  -5.010000000000001e-02
  4.914473905749882e-01   1.317039595282303e-01  -5.010000000000001e-02
  4.915345418585167e-01   1.317712339022591e-01  -5.010000000000001e-02
  4.916212880320383e-01   1.318372191989482e-01  -5.010000000000001e-02
  4.917071665656572e-01   1.319025167139660e-01  -5.010000000000000e-02
  4.917924986142144e-01   1.319666987684532e-01  -5.010000000000000e-02
  4.918770794347606e-01   1.320300355510725e-01  -5.009999999999999e-02
  4.919609547805935e-01   1.320924621856049e-01  -5.009999999999999e-02
  4.920442144934560e-01   1.321538578841465e-01  -5.009999999999999e-02
  4.921265935042419e-01   1.322145798410267e-01  -5.010000000000000e-02
  4.922085125474039e-01   1.322740543866190e-01  -5.010000000000000e-02
  4.922895360506739e-01   1.323328787558166e-01  -5.010000000000000e-02
  4.923699196087993e-01   1.323907006700177e-01  -5.010000000000000e-02
  4.924495827086728e-01   1.324476350212885e-01  -5.009999999999999e-02
  4.925283865147455e-01   1.325038774154904e-01  -5.009999999999999e-02
  4.926066749948606e-01   1.325589470019941e-01  -5.009999999999999e-02
  4.926840670708725e-01   1.326133860410247e-01  -5.009999999999999e-02
  4.927607713571995e-01   1.326669009468339e-01  -5.010000000000000e-02
  4.928367781868770e-01   1.327195114651395e-01  -5.009999999999999e-02
  4.929118921826633e-01   1.327715039803792e-01  -5.009999999999999e-02
  4.929864472013747e-01   1.328223991845082e-01  -5.009999999999999e-02
  4.930601681037152e-01   1.328726052269948e-01  -5.009999999999999e-02
  4.931330433507080e-01   1.329221457939482e-01  -5.009999999999999e-02
  4.932053648802385e-01   1.329705970948917e-01  -5.009999999999999e-02
  4.932768027674306e-01   1.330184564058546e-01  -5.009999999999999e-02
  4.933474590843078e-01   1.330655794592585e-01  -5.009999999999999e-02
  4.934174987175107e-01   1.331117278506389e-01  -5.009999999999999e-02
  4.934866637301810e-01   1.331572999635781e-01  -5.009999999999999e-02
  4.935550721904862e-01   1.332021257546439e-01  -5.009999999999999e-02
  4.936228428278578e-01   1.332460345342167e-01  -5.009999999999999e-02
  4.936897496104962e-01   1.332893836199673e-01  -5.009999999999999e-02
  4.937558873493197e-01   1.333320372829974e-01  -5.009999999999999e-02
  4.938214073790298e-01   1.333737721356603e-01  -5.009999999999999e-02
  4.938860759024137e-01   1.334149645970694e-01  -5.009999999999999e-02
  4.939499268804205e-01   1.334555738361864e-01  -5.010000000000000e-02
  4.940132202049133e-01   1.334952015537694e-01  -5.009999999999999e-02
  4.940756757885156e-01   1.335343047648631e-01  -5.009999999999999e-02
  4.941372998604618e-01   1.335728873695685e-01  -5.010000000000000e-02
  4.941983238576265e-01   1.336105906881829e-01  -5.010000000000001e-02
  4.942585940835906e-01   1.336476767582224e-01  -5.010000000000001e-02
  4.943180482008574e-01   1.336842606522069e-01  -5.010000000000001e-02
  4.943767742451383e-01   1.337202130608128e-01  -5.010000000000001e-02
  4.944348967914436e-01   1.337553449605682e-01  -5.010000000000001e-02
  4.944922196381401e-01   1.337899934856561e-01  -5.010000000000001e-02
  4.945487497365055e-01   1.338241628377437e-01  -5.010000000000001e-02
  4.946046612194178e-01   1.338575783092832e-01  -5.010000000000001e-02
  4.946598879076027e-01   1.338903664924892e-01  -5.010000000000000e-02
  4.947143394493913e-01   1.339226944698980e-01  -5.009999999999999e-02
  4.947680230868632e-01   1.339545665411454e-01  -5.009999999999999e-02
  4.948211383383752e-01   1.339856603323621e-01  -5.009999999999999e-02
  4.948735510288415e-01   1.340162207217472e-01  -5.009999999999999e-02
  4.949252143593306e-01   1.340463441800668e-01  -5.009999999999999e-02
  4.949761357850364e-01   1.340760350542380e-01  -5.009999999999999e-02
  4.950264852075198e-01   1.341050166036233e-01  -5.009999999999999e-02
  4.950761728436245e-01   1.341334616208831e-01  -5.009999999999999e-02
  4.951251378139623e-01   1.341614929287814e-01  -5.010000000000000e-02
  4.951733877161093e-01   1.341891148767538e-01  -5.010000000000001e-02
  4.952210097264965e-01   1.342161915536075e-01  -5.010000000000001e-02
  4.952680642250967e-01   1.342426343208108e-01  -5.010000000000001e-02
  4.953144234018630e-01   1.342686863446435e-01  -5.010000000000001e-02
  4.953600949326849e-01   1.342943519386519e-01  -5.010000000000001e-02
  4.954050864952412e-01   1.343196354173878e-01  -5.010000000000001e-02
  4.954495518389216e-01   1.343442787114961e-01  -5.010000000000001e-02
  4.954934010097786e-01   1.343684614898107e-01  -5.010000000000001e-02
  4.955365902949219e-01   1.343922803417474e-01  -5.010000000000000e-02
  4.955791273799881e-01   1.344157395059276e-01  -5.009999999999999e-02
  4.956210199362575e-01   1.344388432130559e-01  -5.009999999999999e-02
  4.956624138553414e-01   1.344613426270765e-01  -5.009999999999999e-02
  4.957032190522911e-01   1.344834208420903e-01  -5.009999999999999e-02
  4.957433998845724e-01   1.345051612359827e-01  -5.009999999999999e-02
  4.957829639715443e-01   1.345265679313129e-01  -5.009999999999999e-02
  4.958219189046771e-01   1.345476450355507e-01  -5.009999999999999e-02
  4.958603338001397e-01   1.345682817708671e-01  -5.009999999999999e-02
  4.958982563256416e-01   1.345884073064564e-01  -5.009999999999999e-02
  4.959355897450714e-01   1.346082202026562e-01  -5.009999999999999e-02
  4.959723415477487e-01   1.346277244340585e-01  -5.009999999999999e-02
  4.960085191840015e-01   1.346469239545626e-01  -5.009999999999999e-02
  4.960441300632538e-01   1.346658226963598e-01  -5.009999999999999e-02
  4.960792541400891e-01   1.346842864455205e-01  -5.009999999999999e-02
  4.961139005244774e-01   1.347023156861927e-01  -5.009999999999999e-02
  4.961479997961834e-01   1.347200602210752e-01  -5.009999999999999e-02
  4.961815592144592e-01   1.347375238277284e-01  -5.009999999999999e-02
  4.962145859891934e-01   1.347547102580247e-01  -5.009999999999999e-02
  4.962470872795038e-01   1.347716232374166e-01  -5.010000000000000e-02
  4.962790701924076e-01   1.347882664642444e-01  -5.010000000000000e-02
  4.963106728694033e-01   1.348043891918449e-01  -5.009999999999999e-02
  4.963417695286330e-01   1.348202527657493e-01  -5.010000000000000e-02
  4.963723667284622e-01   1.348358615466532e-01  -5.010000000000000e-02
  4.964024713844784e-01   1.348512190624574e-01  -5.009999999999999e-02
  4.964320903543812e-01   1.348663288115322e-01  -5.009999999999999e-02
  4.964612304370771e-01   1.348811942622552e-01  -5.009999999999999e-02
  4.964898983718377e-01   1.348958188525818e-01  -5.009999999999999e-02
  4.965181867693115e-01   1.349100358453584e-01  -5.009999999999999e-02
  4.965460439262511e-01   1.349239640916151e-01  -5.009999999999999e-02
  4.965734469367223e-01   1.349376652700535e-01  -5.009999999999999e-02
  4.966004023208401e-01   1.349511426406534e-01  -5.009999999999999e-02
  4.966269165355214e-01   1.349643994317963e-01  -5.009999999999999e-02
  4.966529959739885e-01   1.349774388400171e-01  -5.010000000000000e-02
  4.966786469653262e-01   1.349902640297826e-01  -5.010000000000000e-02
  4.967038757740870e-01   1.350028781332944e-01  -5.009999999999999e-02
  4.967287403825284e-01   1.350151796143282e-01  -5.010000000000000e-02
  4.967532424048124e-01   1.350271806742135e-01  -5.010000000000000e-02
  4.967773390089387e-01   1.350389831607919e-01  -5.010000000000000e-02
  4.968010362227042e-01   1.350505900264709e-01  -5.010000000000000e-02
  4.968243400078306e-01   1.350620041912942e-01  -5.009999999999999e-02
  4.968472562598356e-01   1.350732285428792e-01  -5.009999999999999e-02
  4.968697908079436e-01   1.350842659363725e-01  -5.009999999999999e-02
  4.968919494150323e-01   1.350951191944246e-01  -5.009999999999999e-02
  4.969137377776174e-01   1.351057911071816e-01  -5.010000000000000e-02
  4.969351615258695e-01   1.351162844322942e-01  -5.009999999999999e-02
  4.969562815029745e-01   1.351264931214160e-01  -5.009999999999999e-02
  4.969770637992438e-01   1.351364859223618e-01  -5.009999999999999e-02
  4.969975176361064e-01   1.351462721065037e-01  -5.009999999999999e-02
  4.970176455697555e-01   1.351558550539277e-01  -5.010000000000000e-02
  4.970374520589520e-01   1.351652389791069e-01  -5.009999999999999e-02
  4.970569414884544e-01   1.351744279818593e-01  -5.009999999999999e-02
  4.970761182561360e-01   1.351834260916772e-01  -5.009999999999998e-02
  4.970949808404269e-01   1.351922345063877e-01  -5.010000000000000e-02
  4.971135498615152e-01   1.352008646706474e-01  -5.009999999999999e-02
  4.971318158696734e-01   1.352093139409175e-01  -5.009999999999999e-02
  4.971497818654416e-01   1.352175854462399e-01  -5.009999999999999e-02
  4.971674633125127e-01   1.352256879600861e-01  -5.009999999999999e-02
  4.971848542996087e-01   1.352336203717182e-01  -5.010000000000000e-02
  4.972019623466272e-01   1.352413876804403e-01  -5.009999999999999e-02
  4.972187915460493e-01   1.352489932545175e-01  -5.009999999999999e-02
  4.972353459487967e-01   1.352564403884693e-01  -5.010000000000000e-02
  4.972516295633486e-01   1.352637323046964e-01  -5.009999999999999e-02
  4.972676463549274e-01   1.352708721550625e-01  -5.009999999999999e-02
  4.972834002447522e-01   1.352778630224353e-01  -5.009999999999999e-02
  4.972988951093579e-01   1.352847079221879e-01  -5.009999999999999e-02
  4.973141347799824e-01   1.352914098036648e-01  -5.009999999999999e-02
  4.973291230420153e-01   1.352979715516125e-01  -5.009999999999999e-02
  4.973438636345120e-01   1.353043959875785e-01  -5.009999999999999e-02
  4.973583602497690e-01   1.353106858712795e-01  -5.009999999999999e-02
  4.973726165329597e-01   1.353168439019404e-01  -5.009999999999999e-02
  4.973866360818303e-01   1.353228727196075e-01  -5.009999999999999e-02
  4.974004325802794e-01   1.353287792352201e-01  -5.010000000000000e-02
  4.974139920167593e-01   1.353345584686488e-01  -5.009999999999999e-02
  4.974273257790745e-01   1.353402162910036e-01  -5.009999999999999e-02
  4.974404373489566e-01   1.353457551470538e-01  -5.009999999999999e-02
  4.974533301656615e-01   1.353511774304077e-01  -5.009999999999999e-02
  4.974660076260000e-01   1.353564854846413e-01  -5.009999999999999e-02
  4.974784730843925e-01   1.353616816043970e-01  -5.009999999999999e-02
  4.974907298529457e-01   1.353667680364527e-01  -5.009999999999999e-02
  4.975027812015475e-01   1.353717469807609e-01  -5.009999999999999e-02
  4.975146303579823e-01   1.353766205914610e-01  -5.010000000000000e-02
  4.975262805080621e-01   1.353813909778643e-01  -5.009999999999999e-02
  4.975377347957736e-01   1.353860602054117e-01  -5.009999999999999e-02
  4.975489963234407e-01   1.353906302966074e-01  -5.009999999999999e-02
  4.975600681518992e-01   1.353951032319265e-01  -5.009999999999999e-02
  4.975709533006836e-01   1.353994809506990e-01  -5.009999999999999e-02
  4.975816547482265e-01   1.354037653519705e-01  -5.009999999999999e-02
  4.975921754320660e-01   1.354079582953404e-01  -5.009999999999999e-02
  4.976025182490636e-01   1.354120616017771e-01  -5.009999999999999e-02
  4.976126860556297e-01   1.354160770544129e-01  -5.009999999999999e-02
  4.976226816679567e-01   1.354200063993173e-01  -5.010000000000000e-02
  4.976325078622580e-01   1.354238513462506e-01  -5.009999999999999e-02
  4.976421673750133e-01   1.354276135693975e-01  -5.010000000000000e-02
  4.976516629032188e-01   1.354312947080817e-01  -5.009999999999999e-02
  4.976609971046417e-01   1.354348963674622e-01  -5.009999999999999e-02
  4.976701725980778e-01   1.354384201192112e-01  -5.009999999999999e-02
  4.976791919636140e-01   1.354418675021754e-01  -5.009999999999999e-02
  4.976880577428915e-01   1.354452400230195e-01  -5.009999999999999e-02
  4.976967724393726e-01   1.354485391568535e-01  -5.009999999999999e-02
  4.977053385186090e-01   1.354517663478449e-01  -5.009999999999999e-02
  4.977137584085110e-01   1.354549230098145e-01  -5.009999999999999e-02
  4.977220344996182e-01   1.354580105268177e-01  -5.010000000000000e-02
  4.977301780184911e-01   1.354610335393295e-01  -5.009999999999999e-02
  4.977381750032459e-01   1.354639873266145e-01  -5.009999999999999e-02
  4.977460353434287e-01   1.354668760173912e-01  -5.009999999999999e-02
  4.977537613058040e-01   1.354697008893835e-01  -5.009999999999999e-02
  4.977613551230842e-01   1.354724631937736e-01  -5.009999999999999e-02
  4.977688189943066e-01   1.354751641557195e-01  -5.009999999999999e-02
  4.977761550852142e-01   1.354778049748610e-01  -5.009999999999999e-02
  4.977833655286345e-01   1.354803868258113e-01  -5.009999999999999e-02
  4.977904524248588e-01   1.354829108586370e-01  -5.009999999999999e-02
  4.977974178420220e-01   1.354853781993246e-01  -5.009999999999999e-02
  4.978042638164804e-01   1.354877899502361e-01  -5.009999999999999e-02
  4.978109923531892e-01   1.354901471905504e-01  -5.009999999999999e-02
  4.978176054260782e-01   1.354924509766950e-01  -5.009999999999999e-02
  4.978241049784258e-01   1.354947023427635e-01  -5.009999999999999e-02
  4.978304929232297e-01   1.354969023009230e-01  -5.009999999999999e-02
  4.978367711435765e-01   1.354990518418089e-01  -5.009999999999999e-02
  4.978429414930068e-01   1.355011519349081e-01  -5.009999999999999e-02
  4.978490057958774e-01   1.355032035289309e-01  -5.009999999999999e-02
  4.978549658477200e-01   1.355052075521711e-01  -5.010000000000000e-02
  4.978608234155941e-01   1.355071649128542e-01  -5.009999999999999e-02
  4.978665802384366e-01   1.355090764994746e-01  -5.009999999999999e-02
  4.978722380274055e-01   1.355109431811210e-01  -5.009999999999999e-02
  4.978777984662181e-01   1.355127658077897e-01  -5.009999999999999e-02
  4.978832632114818e-01   1.355145452106863e-01  -5.009999999999999e-02
  4.978886338930201e-01   1.355162822025166e-01  -5.010000000000000e-02
  4.978939121141890e-01   1.355179775777631e-01  -5.010000000000000e-02
  4.978990994521878e-01   1.355196321129523e-01  -5.010000000000000e-02
  4.979041974583589e-01   1.355212465669072e-01  -5.009999999999999e-02
  4.979092076584806e-01   1.355228216809891e-01  -5.009999999999999e-02
  4.979141315530479e-01   1.355243581793252e-01  -5.009999999999999e-02
  4.979189706175443e-01   1.355258567690238e-01  -5.009999999999999e-02
  4.979237263027013e-01   1.355273181403769e-01  -5.009999999999999e-02
  4.979284000347455e-01   1.355287429670475e-01  -5.009999999999999e-02
  4.979329932156323e-01   1.355301319062443e-01  -5.010000000000000e-02
  4.979375072232666e-01   1.355314855988810e-01  -5.009999999999999e-02
  4.979419434117062e-01   1.355328046697212e-01  -5.009999999999999e-02
  4.979463031113504e-01   1.355340897275075e-01  -5.010000000000000e-02
  4.979505876291104e-01   1.355353413650749e-01  -5.009999999999999e-02
  4.979547982485608e-01   1.355365601594470e-01  -5.009999999999999e-02
  4.979589362300707e-01   1.355377466719162e-01  -5.010000000000001e-02
  4.979630133449778e-01   1.355389044245848e-01  -5.009999999999999e-02
  4.979670113631203e-01   1.355400284186377e-01  -5.009999999999999e-02
  4.979709406130638e-01   1.355411217735761e-01  -5.009999999999999e-02
  4.979748022917001e-01   1.355421849936573e-01  -5.009999999999999e-02
  4.979785975761917e-01   1.355432185679290e-01  -5.009999999999999e-02
  4.979823276242557e-01   1.355442229701940e-01  -5.009999999999999e-02
  4.979859935744410e-01   1.355451986589459e-01  -5.009999999999999e-02
  4.979895965463959e-01   1.355461460772739e-01  -5.009999999999999e-02
  4.979931376411261e-01   1.355470656527322e-01  -5.009999999999999e-02
  4.979966179412420e-01   1.355479577971719e-01  -5.009999999999999e-02
  4.980000385111918e-01   1.355488229065307e-01  -5.009999999999999e-02
  4.980034003974820e-01   1.355496613605761e-01  -5.010000000000000e-02
  4.980067046288791e-01   1.355504735225973e-01  -5.009999999999999e-02
  4.980099522165920e-01   1.355512597390396e-01  -5.009999999999999e-02
  4.980131441544314e-01   1.355520203390741e-01  -5.010000000000000e-02
  4.980162814189409e-01   1.355527556340958e-01  -5.010000000000000e-02
  4.980193649694973e-01   1.355534659171409e-01  -5.010000000000000e-02
  4.980223957483699e-01   1.355541514622119e-01  -5.009999999999999e-02
  4.980253746807364e-01   1.355548125234998e-01  -5.010000000000000e-02
  4.980283026746422e-01   1.355554493344884e-01  -5.009999999999999e-02
  4.980311806208944e-01   1.355560621069254e-01  -5.010000000000000e-02
  4.980340093928769e-01   1.355566510296394e-01  -5.010000000000000e-02
  4.980367898462692e-01   1.355572162671832e-01  -5.009999999999999e-02
  4.980395228186508e-01   1.355577579582746e-01  -5.009999999999999e-02
  4.980422091289639e-01   1.355582762140063e-01  -5.009999999999999e-02
  4.980448495768081e-01   1.355587711157875e-01  -5.010000000000000e-02
  4.980474449415259e-01   1.355592427129741e-01  -5.009999999999999e-02
  4.980499959810369e-01   1.355596910201390e-01  -5.010000000000000e-02
  4.980525034303617e-01   1.355601160139202e-01  -5.010000000000000e-02
  4.980549679997658e-01   1.355605176293761e-01  -5.010000000000000e-02
  4.980574001609908e-01   1.355608972488003e-01  -5.009999999999999e-02
  4.980597831723204e-01   1.355612519689060e-01  -5.010000000000000e-02
  4.980621257346633e-01   1.355615828477821e-01  -5.009999999999999e-02
  4.980644285310738e-01   1.355618896024696e-01  -5.010000000000001e-02
  4.980666922223266e-01   1.355621718762541e-01  -5.010000000000000e-02
  4.980689174443758e-01   1.355624292280936e-01  -5.010000000000000e-02
  4.980711048049598e-01   1.355626611198333e-01  -5.010000000000001e-02
  4.980732548790502e-01   1.355628669006455e-01  -5.010000000000001e-02
  4.980753682027099e-01   1.355630457879582e-01  -5.010000000000001e-02
  4.980774452647488e-01   1.355631968439078e-01  -5.009999999999999e-02
  4.980794864952894e-01   1.355633189460372e-01  -5.010000000000001e-02
  4.980814922499489e-01   1.355634107505356e-01  -5.010000000000000e-02
  4.980834627877339e-01   1.355634706457283e-01  -5.010000000000000e-02
  4.980853982398021e-01   1.355634966927217e-01  -5.010000000000000e-02
  4.980872985648064e-01   1.355634865489954e-01  -5.010000000000000e-02
  4.980891634842802e-01   1.355634373692144e-01  -5.010000000000000e-02
  4.980909923879950e-01   1.355633456754778e-01  -5.009999999999999e-02
  4.980927841936386e-01   1.355632071865235e-01  -5.010000000000000e-02
  4.980945507681590e-01   1.355630148692730e-01  -5.010000000000000e-02
  4.980962680380771e-01   1.355627639879612e-01  -5.009999999999999e-02
  4.980979418865135e-01   1.355624447788683e-01  -5.010000000000001e-02
  4.980995666050924e-01   1.355620457501270e-01  -5.010000000000000e-02
  4.981011330091864e-01   1.355615519793774e-01  -5.010000000000000e-02
  4.981026261380378e-01   1.355609442512742e-01  -5.010000000000000e-02
  4.981040214921821e-01   1.355601987709303e-01  -5.010000000000000e-02
  4.981052797236394e-01   1.355592893208446e-01  -5.010000000000000e-02
  4.981063423668962e-01   1.355581960449113e-01  -5.010000000000001e-02
  4.981071396129490e-01   1.355569226742370e-01  -5.010000000000000e-02
