698
  4.937153494669740e-01   1.264386117708810e-01  -5.010000000000000e-02
  4.937141660142684e-01   1.264395334214079e-01  -5.010000000000000e-02
  4.937129625224919e-01   1.264404706779833e-01  -5.010000000000001e-02
  4.937117386543083e-01   1.264414238033182e-01  -5.010000000000001e-02
  4.937104940667704e-01   1.264423930644933e-01  -5.010000000000000e-02
  4.937092284112296e-01   1.264433787330296e-01  -5.010000000000000e-02
  4.937079413332425e-01   1.264443810849608e-01  -5.010000000000000e-02
  4.937066324724778e-01   1.264454004009062e-01  -5.009999999999999e-02
  4.937053014626210e-01   1.264464369661446e-01  -5.010000000000000e-02
  4.937039479312773e-01   1.264474910706900e-01  -5.010000000000000e-02
  4.937025714998738e-01   1.264485630093676e-01  -5.010000000000000e-02
  4.937013825478553e-01   1.264498604773207e-01  -5.010000000000000e-02
  4.937002971140732e-01   1.264513015450982e-01  -5.010000000000000e-02
  4.936991933223377e-01   1.264527669856705e-01  -5.010000000000001e-02
  4.936980708643447e-01   1.264542572083556e-01  -5.010000000000001e-02
  4.936969294266868e-01   1.264557726292462e-01  -5.010000000000000e-02
  4.936957686907717e-01   1.264573136713188e-01  -5.010000000000000e-02
  4.936945883327393e-01   1.264588807645438e-01  -5.010000000000000e-02
  4.936933880233773e-01   1.264604743459977e-01  -5.010000000000000e-02
  4.936921674280350e-01   1.264620948599765e-01  -5.009999999999999e-02
  4.936909262065372e-01   1.264637427581113e-01  -5.010000000000000e-02
  4.936896867219935e-01   1.264654327664479e-01  -5.010000000000000e-02
  4.936887085594320e-01   1.264673286578733e-01  -5.010000000000000e-02
  4.936877138740902e-01   1.264692565740346e-01  -5.010000000000000e-02
  4.936867023891979e-01   1.264712170513722e-01  -5.010000000000000e-02
  4.936856738234285e-01   1.264732106351580e-01  -5.009999999999999e-02
  4.936846278908270e-01   1.264752378796355e-01  -5.010000000000000e-02
  4.936835643007356e-01   1.264772993481622e-01  -5.010000000000000e-02
  4.936824827577203e-01   1.264793956133535e-01  -5.010000000000000e-02
  4.936813829614948e-01   1.264815272572291e-01  -5.010000000000000e-02
  4.936802646068444e-01   1.264836948713616e-01  -5.010000000000000e-02
  4.936791273835481e-01   1.264858990570268e-01  -5.010000000000000e-02
  4.936780729864900e-01   1.264881860310909e-01  -5.010000000000000e-02
  4.936771587049452e-01   1.264905821703077e-01  -5.010000000000000e-02
  4.936762290052940e-01   1.264930187171320e-01  -5.010000000000000e-02
  4.936752836301455e-01   1.264954963461304e-01  -5.010000000000000e-02
  4.936743223179014e-01   1.264980157428970e-01  -5.010000000000000e-02
  4.936733448026904e-01   1.265005776042248e-01  -5.010000000000000e-02
  4.936723508143009e-01   1.265031826382812e-01  -5.010000000000000e-02
  4.936713400781141e-01   1.265058315647844e-01  -5.009999999999999e-02
  4.936703123150349e-01   1.265085251151835e-01  -5.010000000000000e-02
  4.936692672414231e-01   1.265112640328399e-01  -5.010000000000000e-02
  4.936682045690223e-01   1.265140490732127e-01  -5.010000000000000e-02
  4.936673140887841e-01   1.265169451460221e-01  -5.010000000000000e-02
  4.936664434772232e-01   1.265199017318511e-01  -5.010000000000001e-02
  4.936655582133100e-01   1.265229080768825e-01  -5.010000000000001e-02
  4.936646580534380e-01   1.265259650084014e-01  -5.010000000000001e-02
  4.936637427500524e-01   1.265290733671006e-01  -5.010000000000000e-02
  4.936628120515900e-01   1.265322340072855e-01  -5.010000000000000e-02
  4.936618657024177e-01   1.265354477970828e-01  -5.009999999999999e-02
  4.936609034427706e-01   1.265387156186510e-01  -5.010000000000000e-02
  4.936599250086888e-01   1.265420383683943e-01  -5.010000000000000e-02
  4.936589301319541e-01   1.265454169571789e-01  -5.010000000000001e-02
  4.936580471556706e-01   1.265488861822594e-01  -5.010000000000000e-02
  4.936572218079438e-01   1.265524327641872e-01  -5.010000000000001e-02
  4.936563825997533e-01   1.265560389055815e-01  -5.010000000000000e-02
  4.936555293016839e-01   1.265597055922562e-01  -5.010000000000001e-02
  4.936546616806378e-01   1.265634338258510e-01  -5.010000000000000e-02
  4.936537794997785e-01   1.265672246240695e-01  -5.010000000000000e-02
  4.936528825184759e-01   1.265710790209184e-01  -5.010000000000000e-02
  4.936519704922489e-01   1.265749980669514e-01  -5.010000000000000e-02
  4.936510431727083e-01   1.265789828295155e-01  -5.010000000000000e-02
  4.936501003074989e-01   1.265830343929998e-01  -5.010000000000000e-02
  4.936493057388853e-01   1.265871883206877e-01  -5.010000000000000e-02
  4.936485132225605e-01   1.265914150744195e-01  -5.009999999999999e-02
  4.936477074312643e-01   1.265957126279993e-01  -5.009999999999999e-02
  4.936468881464344e-01   1.266000821470923e-01  -5.010000000000000e-02
  4.936460551460394e-01   1.266045248158655e-01  -5.010000000000000e-02
  4.936452082045283e-01   1.266090418372581e-01  -5.010000000000000e-02
  4.936443470927791e-01   1.266136344332542e-01  -5.010000000000000e-02
  4.936434715780467e-01   1.266183038451599e-01  -5.009999999999999e-02
  4.936425814239113e-01   1.266230513338819e-01  -5.010000000000000e-02
  4.936417999918330e-01   1.266278991334284e-01  -5.010000000000000e-02
  4.936410513576540e-01   1.266328357152798e-01  -5.010000000000001e-02
  4.936402902175234e-01   1.266378547628466e-01  -5.010000000000000e-02
  4.936395163666951e-01   1.266429576262495e-01  -5.010000000000000e-02
  4.936387295972125e-01   1.266481456767788e-01  -5.010000000000000e-02
  4.936379296978630e-01   1.266534203071952e-01  -5.010000000000001e-02
  4.936371164541322e-01   1.266587829320321e-01  -5.010000000000000e-02
  4.936362896481572e-01   1.266642349879029e-01  -5.010000000000001e-02
  4.936354657274291e-01   1.266697802242014e-01  -5.010000000000000e-02
  4.936347686935497e-01   1.266754371921119e-01  -5.010000000000000e-02
  4.936340600480669e-01   1.266811883971455e-01  -5.010000000000000e-02
  4.936333396019752e-01   1.266870353732290e-01  -5.010000000000000e-02
  4.936326071633426e-01   1.266929796780376e-01  -5.010000000000000e-02
  4.936318625372709e-01   1.266990228933209e-01  -5.010000000000000e-02
  4.936311055258549e-01   1.267051666252318e-01  -5.009999999999999e-02
  4.936303359281418e-01   1.267114125046587e-01  -5.010000000000000e-02
  4.936295584281295e-01   1.267177627323685e-01  -5.010000000000000e-02
  4.936289129979717e-01   1.267242346137562e-01  -5.010000000000000e-02
  4.936282568500565e-01   1.267308139646413e-01  -5.009999999999999e-02
  4.936275898110862e-01   1.267375025227200e-01  -5.010000000000000e-02
  4.936269117051200e-01   1.267443020521960e-01  -5.010000000000000e-02
  4.936262223535378e-01   1.267512143441303e-01  -5.009999999999999e-02
  4.936255215750066e-01   1.267582412167948e-01  -5.010000000000000e-02
  4.936248091854441e-01   1.267653845160270e-01  -5.010000000000000e-02
  4.936241551916801e-01   1.267726524171879e-01  -5.010000000000000e-02
  4.936235647976449e-01   1.267800473065325e-01  -5.010000000000000e-02
  4.936229646354479e-01   1.267875645454796e-01  -5.010000000000001e-02
  4.936223545483524e-01   1.267952060972104e-01  -5.010000000000000e-02
  4.936217343772718e-01   1.268029739543397e-01  -5.010000000000000e-02
  4.936211039607401e-01   1.268108701392858e-01  -5.010000000000000e-02
  4.936204631348818e-01   1.268188967046440e-01  -5.010000000000000e-02
  4.936198741007077e-01   1.268270601704799e-01  -5.010000000000000e-02
  4.936193554773731e-01   1.268353639874759e-01  -5.010000000000000e-02
  4.936188283043507e-01   1.268438046958130e-01  -5.010000000000000e-02
  4.936182924455017e-01   1.268523844752436e-01  -5.010000000000000e-02
  4.936177477626820e-01   1.268611055376301e-01  -5.010000000000001e-02
  4.936171941157180e-01   1.268699701273298e-01  -5.010000000000000e-02
  4.936166313623825e-01   1.268789805215805e-01  -5.010000000000000e-02
  4.936161792169950e-01   1.268881455986747e-01  -5.009999999999999e-02
  4.936157400005807e-01   1.268974623583687e-01  -5.010000000000000e-02
  4.936152935729801e-01   1.269069320834065e-01  -5.010000000000000e-02
  4.936148398203597e-01   1.269165571884512e-01  -5.010000000000000e-02
  4.936143786272428e-01   1.269263401230217e-01  -5.010000000000000e-02
  4.936139098764908e-01   1.269362833718857e-01  -5.009999999999999e-02
  4.936135299079522e-01   1.269463933490162e-01  -5.010000000000000e-02
  4.936131846872273e-01   1.269566704346153e-01  -5.010000000000000e-02
  4.936128338206177e-01   1.269671155959891e-01  -5.010000000000000e-02
  4.936124772197404e-01   1.269777314642614e-01  -5.010000000000000e-02
  4.936121147949620e-01   1.269885207077876e-01  -5.010000000000000e-02
  4.936117464553850e-01   1.269994860325470e-01  -5.010000000000000e-02
  4.936115035146189e-01   1.270106337844534e-01  -5.010000000000000e-02
  4.936112629635207e-01   1.270219633767066e-01  -5.010000000000001e-02
  4.936110184952846e-01   1.270334774602253e-01  -5.010000000000000e-02
  4.936107700491579e-01   1.270451788963550e-01  -5.009999999999999e-02
  4.936105175635481e-01   1.270570705860231e-01  -5.010000000000000e-02
  4.936103408782930e-01   1.270691567100694e-01  -5.010000000000000e-02
  4.936102204353541e-01   1.270814399472106e-01  -5.009999999999999e-02
  4.936100980388420e-01   1.270939224173117e-01  -5.010000000000000e-02
  4.936099736587164e-01   1.271066071839899e-01  -5.010000000000000e-02
  4.936098472645303e-01   1.271194973523476e-01  -5.010000000000000e-02
  4.936097973519776e-01   1.271325964113570e-01  -5.010000000000001e-02
  4.936098119200838e-01   1.271459074980662e-01  -5.009999999999999e-02
  4.936098267234712e-01   1.271594335645653e-01  -5.010000000000000e-02
  4.936098417657238e-01   1.271731778857186e-01  -5.009999999999999e-02
  4.936098570504733e-01   1.271871437796887e-01  -5.010000000000000e-02
  4.936099954152731e-01   1.272013338442535e-01  -5.010000000000000e-02
  4.936101590043660e-01   1.272157520939016e-01  -5.010000000000000e-02
  4.936103252231811e-01   1.272304021193206e-01  -5.009999999999999e-02
  4.936104941113672e-01   1.272452874150689e-01  -5.010000000000000e-02
  4.936107324838266e-01   1.272604104311964e-01  -5.010000000000000e-02
  4.936110595300075e-01   1.272757744401042e-01  -5.009999999999999e-02
  4.936113918123565e-01   1.272913844342504e-01  -5.010000000000000e-02
  4.936117294091172e-01   1.273072440893742e-01  -5.010000000000000e-02
  4.936120988622577e-01   1.273233564980686e-01  -5.010000000000000e-02
  4.936125289798525e-01   1.273397247455286e-01  -5.010000000000001e-02
  4.936129659541951e-01   1.273563539284762e-01  -5.010000000000000e-02
  4.936134098867612e-01   1.273732479086022e-01  -5.010000000000000e-02
  4.936138608802684e-01   1.273904105948516e-01  -5.009999999999999e-02
  4.936143190386824e-01   1.274078459436652e-01  -5.010000000000000e-02
  4.936147844672227e-01   1.274255579592083e-01  -5.010000000000000e-02
  4.936152572723690e-01   1.274435506935890e-01  -5.010000000000000e-02
  4.936157375618659e-01   1.274618282470613e-01  -5.010000000000000e-02
  4.936162254447283e-01   1.274803947682163e-01  -5.010000000000000e-02
  4.936167210312458e-01   1.274992544541586e-01  -5.010000000000001e-02
  4.936172244329870e-01   1.275184115506674e-01  -5.010000000000000e-02
  4.936177357628037e-01   1.275378703523426e-01  -5.010000000000000e-02
  4.936182011701290e-01   1.275576363580046e-01  -5.010000000000000e-02
  4.936185332690233e-01   1.275777158334860e-01  -5.010000000000000e-02
  4.936188705769243e-01   1.275981102576918e-01  -5.010000000000000e-02
  4.936192131681252e-01   1.276188241225647e-01  -5.010000000000000e-02
  4.936195611177349e-01   1.276398619693497e-01  -5.010000000000000e-02
  4.936199145016778e-01   1.276612283886321e-01  -5.010000000000000e-02
  4.936202733966951e-01   1.276829280203545e-01  -5.010000000000000e-02
  4.936206378803441e-01   1.277049655538117e-01  -5.010000000000000e-02
  4.936210080309978e-01   1.277273457276240e-01  -5.009999999999999e-02
  4.936213839278444e-01   1.277500733296869e-01  -5.010000000000000e-02
  4.936217656508856e-01   1.277731531970963e-01  -5.010000000000000e-02
  4.936223167457303e-01   1.277965863717247e-01  -5.010000000000000e-02
  4.936230423466742e-01   1.278203776699184e-01  -5.010000000000000e-02
  4.936237791390831e-01   1.278445359184088e-01  -5.009999999999999e-02
  4.936245272763951e-01   1.278690661481883e-01  -5.010000000000000e-02
  4.936252869135253e-01   1.278939734386700e-01  -5.010000000000000e-02
  4.936260582068578e-01   1.279192629174499e-01  -5.010000000000000e-02
  4.936268413142388e-01   1.279449397600386e-01  -5.010000000000000e-02
  4.936276363949659e-01   1.279710091895612e-01  -5.010000000000001e-02
  4.936284436097792e-01   1.279974764764246e-01  -5.010000000000000e-02
  4.936295468940251e-01   1.280243352359293e-01  -5.010000000000000e-02
  4.936309637497737e-01   1.280515901169216e-01  -5.010000000000000e-02
  4.936324021057675e-01   1.280792585803331e-01  -5.010000000000000e-02
  4.936338622453633e-01   1.281073460768600e-01  -5.010000000000000e-02
  4.936353444542597e-01   1.281358581022519e-01  -5.010000000000000e-02
  4.936368490204691e-01   1.281648001967616e-01  -5.010000000000001e-02
  4.936383762342864e-01   1.281941779445549e-01  -5.010000000000000e-02
  4.936399263882567e-01   1.282239969730794e-01  -5.010000000000000e-02
  4.936420949522180e-01   1.282542246172707e-01  -5.010000000000000e-02
  4.936444520422672e-01   1.282848942969460e-01  -5.010000000000001e-02
  4.936468443072872e-01   1.283160216617617e-01  -5.010000000000000e-02
  4.936492721918146e-01   1.283476124958798e-01  -5.010000000000000e-02
  4.936517361434141e-01   1.283796726228658e-01  -5.010000000000000e-02
  4.936542366126096e-01   1.284122079047864e-01  -5.010000000000000e-02
  4.936568567261164e-01   1.284452168049584e-01  -5.010000000000000e-02
  4.936603019333989e-01   1.284786418467973e-01  -5.009999999999999e-02
  4.936637978328881e-01   1.285125586991395e-01  -5.009999999999999e-02
  4.936673450421970e-01   1.285469733540033e-01  -5.010000000000000e-02
  4.936709441823558e-01   1.285818918365587e-01  -5.010000000000001e-02
  4.936745958776868e-01   1.286173202039144e-01  -5.010000000000000e-02
  4.936784714029059e-01   1.286532446888802e-01  -5.010000000000000e-02
  4.936831855849548e-01   1.286895999462332e-01  -5.010000000000000e-02
  4.936879680543285e-01   1.287264818279803e-01  -5.010000000000000e-02
  4.936928196088569e-01   1.287638964868989e-01  -5.010000000000000e-02
  4.936977410496026e-01   1.288018501006961e-01  -5.010000000000000e-02
  4.937027331806579e-01   1.288403488704444e-01  -5.010000000000000e-02
  4.937087060474065e-01   1.288792690101344e-01  -5.010000000000000e-02
  4.937148757296361e-01   1.289187289683759e-01  -5.010000000000000e-02
  4.937211332475984e-01   1.289587507050381e-01  -5.010000000000000e-02
  4.937274795791541e-01   1.289993404743093e-01  -5.010000000000000e-02
  4.937340382575311e-01   1.290404837646887e-01  -5.010000000000000e-02
  4.937416370586388e-01   1.290820466655688e-01  -5.010000000000001e-02
  4.937493426888061e-01   1.291241938856783e-01  -5.010000000000000e-02
  4.937571562948765e-01   1.291669316978695e-01  -5.010000000000000e-02
  4.937650790248396e-01   1.292102663812603e-01  -5.010000000000000e-02
  4.937739566169532e-01   1.292540388005673e-01  -5.010000000000000e-02
  4.937832190627993e-01   1.292983671056540e-01  -5.010000000000000e-02
  4.937926095323136e-01   1.293433081076804e-01  -5.010000000000001e-02
  4.938021293315066e-01   1.293888680569642e-01  -5.010000000000000e-02
  4.938126584099001e-01   1.294348582761523e-01  -5.010000000000000e-02
  4.938235913683500e-01   1.294814195951355e-01  -5.010000000000000e-02
  4.938346732366588e-01   1.295286150919098e-01  -5.010000000000000e-02
  4.938460055181905e-01   1.295764261867483e-01  -5.010000000000000e-02
  4.938585447315625e-01   1.296246227086692e-01  -5.010000000000000e-02
  4.938712527456224e-01   1.296734680437022e-01  -5.010000000000000e-02
  4.938841311434274e-01   1.297229682765879e-01  -5.010000000000000e-02
  4.938979611531141e-01   1.297729168639984e-01  -5.010000000000000e-02
  4.939123698240389e-01   1.298234219653918e-01  -5.010000000000000e-02
  4.939269692727463e-01   1.298745957787921e-01  -5.010000000000001e-02
  4.939423179210550e-01   1.299262785475131e-01  -5.010000000000000e-02
  4.939584921868866e-01   1.299784539199237e-01  -5.010000000000000e-02
  4.939748777968476e-01   1.300313110517892e-01  -5.010000000000000e-02
  4.939920460636973e-01   1.300846722441987e-01  -5.010000000000000e-02
  4.940100526473003e-01   1.301385258565252e-01  -5.010000000000000e-02
  4.940282912642309e-01   1.301930734279695e-01  -5.010000000000000e-02
  4.940475542145136e-01   1.302480467858244e-01  -5.009999999999999e-02
  4.940674574999635e-01   1.303035850698839e-01  -5.010000000000000e-02
  4.940876288041046e-01   1.303598229409178e-01  -5.010000000000000e-02
  4.941092205981651e-01   1.304163398558821e-01  -5.010000000000000e-02
  4.941310837837307e-01   1.304735671430632e-01  -5.010000000000000e-02
  4.941538064991219e-01   1.305312791801308e-01  -5.010000000000000e-02
  4.941774049902877e-01   1.305894754237900e-01  -5.010000000000001e-02
  4.942014243430399e-01   1.306483377354559e-01  -5.010000000000000e-02
  4.942267829212830e-01   1.307074888150868e-01  -5.010000000000000e-02
  4.942524516872414e-01   1.307673634344239e-01  -5.010000000000000e-02
  4.942793989919485e-01   1.308275409947939e-01  -5.010000000000000e-02
  4.943068616732405e-01   1.308883627701876e-01  -5.010000000000000e-02
  4.943354181438745e-01   1.309495621624671e-01  -5.010000000000000e-02
  4.943647005423794e-01   1.310113146514091e-01  -5.010000000000001e-02
  4.943950019208984e-01   1.310734745305980e-01  -5.010000000000001e-02
  4.944261309027449e-01   1.311361397048092e-01  -5.010000000000000e-02
  4.944582914057479e-01   1.311992011500323e-01  -5.009999999999999e-02
  4.944912767297595e-01   1.312627685815919e-01  -5.010000000000001e-02
  4.945254041084870e-01   1.313266686704069e-01  -5.009999999999999e-02
  4.945602750762789e-01   1.313911170591074e-01  -5.010000000000000e-02
  4.945964571757234e-01   1.314557972533912e-01  -5.010000000000000e-02
  4.946332925062191e-01   1.315210749338049e-01  -5.009999999999999e-02
  4.946715537603654e-01   1.315865071393091e-01  -5.010000000000000e-02
  4.947106112481299e-01   1.316524509806791e-01  -5.010000000000000e-02
  4.947507855306860e-01   1.317187192670969e-01  -5.010000000000000e-02
  4.947921234710013e-01   1.317852720467490e-01  -5.010000000000000e-02
  4.948343208550475e-01   1.318522985051558e-01  -5.010000000000000e-02
  4.948779156191810e-01   1.319194514426651e-01  -5.010000000000000e-02
  4.949225024525213e-01   1.319869813580582e-01  -5.009999999999999e-02
  4.949680515196386e-01   1.320549105440558e-01  -5.010000000000000e-02
  4.950150656654540e-01   1.321228889060197e-01  -5.010000000000000e-02
  4.950630865968906e-01   1.321912198676151e-01  -5.010000000000000e-02
  4.951121537036989e-01   1.322598760043426e-01  -5.010000000000000e-02
  4.951625957911110e-01   1.323286115278550e-01  -5.010000000000000e-02
  4.952141920219187e-01   1.323975742220934e-01  -5.010000000000000e-02
  4.952668945081610e-01   1.324667949183128e-01  -5.010000000000000e-02
  4.953207623596452e-01   1.325362231009614e-01  -5.010000000000000e-02
  4.953760419225854e-01   1.326056524569340e-01  -5.009999999999999e-02
  4.954324737747155e-01   1.326752751371168e-01  -5.010000000000000e-02
  4.954900793319857e-01   1.327450666605641e-01  -5.010000000000000e-02
  4.955488775634052e-01   1.328150028181021e-01  -5.010000000000000e-02
  4.956090044291511e-01   1.328849561776470e-01  -5.010000000000000e-02
  4.956704218612371e-01   1.329549429371564e-01  -5.010000000000000e-02
  4.957330572767031e-01   1.330250138206727e-01  -5.010000000000000e-02
  4.957969207059900e-01   1.330951483710842e-01  -5.010000000000001e-02
  4.958620216625258e-01   1.331653253913241e-01  -5.010000000000000e-02
  4.959283712591627e-01   1.332355211730582e-01  -5.010000000000000e-02
  4.959960197369521e-01   1.333056725750001e-01  -5.010000000000000e-02
  4.960649795782533e-01   1.333757493580258e-01  -5.010000000000000e-02
  4.961351882762409e-01   1.334457959893307e-01  -5.010000000000000e-02
  4.962066477608775e-01   1.335157948165756e-01  -5.010000000000000e-02
  4.962793598336764e-01   1.335857275180721e-01  -5.010000000000000e-02
  4.963533227648486e-01   1.336555787720052e-01  -5.010000000000000e-02
  4.964285326476555e-01   1.337253349521560e-01  -5.010000000000000e-02
  4.965049882112550e-01   1.337949790297448e-01  -5.010000000000000e-02
  4.965826910006384e-01   1.338644902109911e-01  -5.010000000000000e-02
  4.966616367943368e-01   1.339338534580900e-01  -5.010000000000000e-02
  4.967418083235726e-01   1.340030681237150e-01  -5.010000000000000e-02
  4.968232117709051e-01   1.340721063066980e-01  -5.009999999999999e-02
  4.969058306965122e-01   1.341409659149901e-01  -5.010000000000000e-02
  4.969896705097072e-01   1.342096182651895e-01  -5.010000000000000e-02
  4.970747249861412e-01   1.342780477132011e-01  -5.010000000000000e-02
  4.971609631231632e-01   1.343462695115175e-01  -5.010000000000000e-02
  4.972483830593792e-01   1.344142625775818e-01  -5.010000000000000e-02
  4.973369691175251e-01   1.344820230156787e-01  -5.010000000000000e-02
  4.974267161749670e-01   1.345495328118315e-01  -5.010000000000000e-02
  4.975176047500544e-01   1.346167926598390e-01  -5.010000000000001e-02
  4.976096228548510e-01   1.346837930563905e-01  -5.010000000000000e-02
  4.977027599128595e-01   1.347505221914437e-01  -5.009999999999999e-02
  4.977969996254648e-01   1.348169759105046e-01  -5.009999999999999e-02
  4.978923288735334e-01   1.348831453187094e-01  -5.009999999999999e-02
  4.979887373114266e-01   1.349490171071766e-01  -5.009999999999999e-02
  4.980862054467868e-01   1.350145910324175e-01  -5.010000000000000e-02
  4.981847175627768e-01   1.350798611126703e-01  -5.010000000000000e-02
  4.982842574366953e-01   1.351448219161670e-01  -5.009999999999999e-02
  4.983848067843005e-01   1.352094709713352e-01  -5.010000000000000e-02
  4.984863524692247e-01   1.352737975226444e-01  -5.010000000000000e-02
  4.985888752000771e-01   1.353378002324399e-01  -5.010000000000001e-02
  4.986923589819736e-01   1.354014722467728e-01  -5.009999999999999e-02
  4.987967804385788e-01   1.354648186062782e-01  -5.010000000000001e-02
  4.989021305272375e-01   1.355278204024082e-01  -5.010000000000000e-02
  4.990083834306942e-01   1.355904865071462e-01  -5.010000000000000e-02
  4.991155253155898e-01   1.356528052513856e-01  -5.010000000000000e-02
  4.992235311555737e-01   1.357147841159054e-01  -5.010000000000001e-02
  4.993323879830824e-01   1.357764092638830e-01  -5.010000000000000e-02
  4.994420761521403e-01   1.358376783550645e-01  -5.009999999999999e-02
  4.995525753870459e-01   1.358985898664116e-01  -5.010000000000001e-02
  4.996638616899060e-01   1.359591490223591e-01  -5.010000000000001e-02
  4.997759200898155e-01   1.360193441790181e-01  -5.010000000000000e-02
  4.998887288239042e-01   1.360791761470210e-01  -5.010000000000000e-02
  5.000022648140098e-01   1.361386479762452e-01  -5.010000000000000e-02
  5.001165117984421e-01   1.361977495542042e-01  -5.010000000000000e-02
  5.002314505078325e-01   1.362564762497677e-01  -5.010000000000000e-02
  5.003470573830497e-01   1.363148315736570e-01  -5.010000000000000e-02
  5.004633128160068e-01   1.363728110682710e-01  -5.010000000000000e-02
  5.005801967532561e-01   1.364304110449198e-01  -5.010000000000000e-02
  5.006976861790471e-01   1.364876334923573e-01  -5.010000000000000e-02
  5.008157635170487e-01   1.365444691911130e-01  -5.010000000000000e-02
  5.009344064217873e-01   1.366009184757218e-01  -5.010000000000000e-02
  5.010535927814569e-01   1.366569811030773e-01  -5.010000000000000e-02
  5.011733019505148e-01   1.367126535918058e-01  -5.010000000000001e-02
  5.012935157616313e-01   1.367679269052297e-01  -5.010000000000000e-02
  5.014142239978568e-01   1.368227739546680e-01  -5.010000000000000e-02
  5.015353957326431e-01   1.368772126841616e-01  -5.010000000000000e-02
  5.016570083646514e-01   1.369312430732846e-01  -5.010000000000000e-02
  5.017790393539102e-01   1.369848650596828e-01  -5.010000000000001e-02
  5.019014671644159e-01   1.370380762520081e-01  -5.010000000000001e-02
  5.020242693462245e-01   1.370908763442944e-01  -5.010000000000000e-02
  5.021474261792502e-01   1.371432585857759e-01  -5.010000000000000e-02
  5.022709172620095e-01   1.371952177620479e-01  -5.010000000000000e-02
  5.023947207145807e-01   1.372467520637170e-01  -5.010000000000000e-02
  5.025188152236724e-01   1.372978583735376e-01  -5.010000000000000e-02
  5.026431786082777e-01   1.373485356954967e-01  -5.010000000000000e-02
  5.027677985934820e-01   1.373987584865263e-01  -5.010000000000000e-02
  5.028926661274034e-01   1.374484920670964e-01  -5.010000000000000e-02
  5.030177396529804e-01   1.374977834461907e-01  -5.010000000000000e-02
  5.031429975738863e-01   1.375466305081940e-01  -5.010000000000000e-02
  5.032684213649599e-01   1.375950233108694e-01  -5.010000000000000e-02
  5.033939892729318e-01   1.376429604299993e-01  -5.010000000000000e-02
  5.035196790042004e-01   1.376904419935554e-01  -5.010000000000000e-02
  5.036454713078317e-01   1.377374603913623e-01  -5.010000000000000e-02
  5.037713535988536e-01   1.377839899734735e-01  -5.010000000000000e-02
  5.038973204157505e-01   1.378299845355195e-01  -5.010000000000000e-02
  5.040233262841614e-01   1.378755076738956e-01  -5.010000000000000e-02
  5.041493522612979e-01   1.379205517620840e-01  -5.010000000000000e-02
  5.042753783051036e-01   1.379651125559925e-01  -5.010000000000000e-02
  5.044013829698048e-01   1.380091902031644e-01  -5.010000000000000e-02
  5.045273442530424e-01   1.380527869203505e-01  -5.010000000000000e-02
  5.046532710593301e-01   1.380958147582552e-01  -5.010000000000000e-02
  5.047791251449710e-01   1.381383223540810e-01  -5.010000000000001e-02
  5.049048794508891e-01   1.381803278262794e-01  -5.010000000000000e-02
  5.050305129572598e-01   1.382218327039066e-01  -5.010000000000001e-02
  5.051560051173081e-01   1.382628376614205e-01  -5.010000000000001e-02
  5.052813407910821e-01   1.383033274763233e-01  -5.010000000000000e-02
  5.054065303894006e-01   1.383432058692327e-01  -5.010000000000000e-02
  5.055315235623240e-01   1.383825667470653e-01  -5.010000000000000e-02
  5.056562993873277e-01   1.384214149032579e-01  -5.010000000000000e-02
  5.057808376278812e-01   1.384597538656447e-01  -5.010000000000000e-02
  5.059051222067466e-01   1.384975744511858e-01  -5.010000000000000e-02
  5.060291729858208e-01   1.385347469795033e-01  -5.010000000000001e-02
  5.061529304000565e-01   1.385714059445684e-01  -5.010000000000000e-02
  5.062763761563889e-01   1.386075522197888e-01  -5.009999999999999e-02
  5.063994925444593e-01   1.386431857494496e-01  -5.010000000000001e-02
  5.065222902859973e-01   1.386782071830235e-01  -5.010000000000000e-02
  5.066447415933062e-01   1.387126497794000e-01  -5.010000000000000e-02
  5.067668116967425e-01   1.387465756929470e-01  -5.010000000000000e-02
  5.068884833861059e-01   1.387799876102552e-01  -5.010000000000000e-02
  5.070097580719819e-01   1.388128198729725e-01  -5.010000000000000e-02
  5.071306277868714e-01   1.388450387226876e-01  -5.010000000000000e-02
  5.072510481743631e-01   1.388767498142860e-01  -5.010000000000000e-02
  5.073710028004579e-01   1.389079582249070e-01  -5.010000000000000e-02
  5.074905035111348e-01   1.389385589452162e-01  -5.010000000000000e-02
  5.076095304606690e-01   1.389685674197065e-01  -5.010000000000000e-02
  5.077280441958210e-01   1.389980821872791e-01  -5.009999999999999e-02
  5.078460291043400e-01   1.390271111660535e-01  -5.010000000000000e-02
  5.079635226858623e-01   1.390554417400544e-01  -5.010000000000001e-02
  5.080804596771885e-01   1.390832842269053e-01  -5.010000000000000e-02
  5.081968235693208e-01   1.391106552577169e-01  -5.010000000000000e-02
  5.083126309344654e-01   1.391374293904956e-01  -5.010000000000000e-02
  5.084278634450243e-01   1.391636274232358e-01  -5.010000000000000e-02
  5.085424821616059e-01   1.391893678167923e-01  -5.009999999999999e-02
  5.086564920974512e-01   1.392145774163096e-01  -5.009999999999999e-02
  5.087699000388322e-01   1.392391692936342e-01  -5.010000000000000e-02
  5.088826559439712e-01   1.392633220893418e-01  -5.010000000000000e-02
  5.089947629757117e-01   1.392869738409739e-01  -5.010000000000000e-02
  5.091062348863762e-01   1.393100055849697e-01  -5.010000000000000e-02
  5.092170193081813e-01   1.393326208981443e-01  -5.009999999999999e-02
  5.093271245923404e-01   1.393547346669683e-01  -5.010000000000000e-02
  5.094365574670192e-01   1.393762623921549e-01  -5.010000000000000e-02
  5.095452702606370e-01   1.393974007426796e-01  -5.010000000000000e-02
  5.096532829708422e-01   1.394180046549877e-01  -5.010000000000000e-02
  5.097605833551875e-01   1.394380903200001e-01  -5.010000000000000e-02
  5.098671346288553e-01   1.394578148334743e-01  -5.010000000000000e-02
  5.099729731085692e-01   1.394769399450914e-01  -5.010000000000000e-02
  5.100780563374957e-01   1.394956560901040e-01  -5.010000000000000e-02
  5.101823760600767e-01   1.395139764874722e-01  -5.010000000000000e-02
  5.102859574357186e-01   1.395317163117149e-01  -5.010000000000000e-02
  5.103887483832473e-01   1.395491427933344e-01  -5.010000000000000e-02
  5.104907794016741e-01   1.395660435270412e-01  -5.010000000000000e-02
  5.105920240556940e-01   1.395825404766077e-01  -5.010000000000000e-02
  5.106924698339970e-01   1.395986840718824e-01  -5.010000000000000e-02
  5.107921411868639e-01   1.396142879385513e-01  -5.010000000000000e-02
  5.108909899973257e-01   1.396296312663202e-01  -5.010000000000000e-02
  5.109890558253891e-01   1.396444319316480e-01  -5.010000000000001e-02
  5.110862969907982e-01   1.396589365147228e-01  -5.009999999999999e-02
  5.111827289366056e-01   1.396730225208789e-01  -5.010000000000000e-02
  5.112783428514687e-01   1.396867243642067e-01  -5.009999999999999e-02
  5.113731258114485e-01   1.397001169503982e-01  -5.010000000000000e-02
  5.114670955228328e-01   1.397130528930744e-01  -5.010000000000000e-02
  5.115602175254307e-01   1.397257687811256e-01  -5.010000000000000e-02
  5.116525285660778e-01   1.397379774508694e-01  -5.010000000000000e-02
  5.117439816039402e-01   1.397500210056106e-01  -5.010000000000000e-02
  5.118346199534818e-01   1.397615580356316e-01  -5.010000000000000e-02
  5.119243982608011e-01   1.397729327529238e-01  -5.010000000000000e-02
  5.120133532256942e-01   1.397838495556248e-01  -5.010000000000000e-02
  5.121014491084092e-01   1.397945919329923e-01  -5.010000000000000e-02
  5.121887152585558e-01   1.398049184526375e-01  -5.010000000000000e-02
  5.122751225699517e-01   1.398150721522481e-01  -5.010000000000000e-02
  5.123606982140386e-01   1.398248254040626e-01  -5.010000000000000e-02
  5.124454143943437e-01   1.398344237445661e-01  -5.010000000000000e-02
  5.125292990418414e-01   1.398436281174483e-01  -5.010000000000000e-02
  5.126123231945314e-01   1.398527090405511e-01  -5.010000000000000e-02
  5.126945186402468e-01   1.398613863849413e-01  -5.010000000000000e-02
  5.127758535589814e-01   1.398699728837999e-01  -5.010000000000000e-02
  5.128563621057917e-01   1.398781584986019e-01  -5.010000000000000e-02
  5.129360152406708e-01   1.398862454374470e-01  -5.010000000000000e-02
  5.130148382753582e-01   1.398940036155142e-01  -5.009999999999999e-02
  5.130928156871050e-01   1.399016154395704e-01  -5.010000000000000e-02
  5.131699598013022e-01   1.399089791089893e-01  -5.010000000000001e-02
  5.132462693981350e-01   1.399161387614867e-01  -5.009999999999999e-02
  5.133217430563792e-01   1.399231393596144e-01  -5.010000000000000e-02
  5.133963942923178e-01   1.399298703848009e-01  -5.010000000000000e-02
  5.134702087613965e-01   1.399365259618218e-01  -5.010000000000000e-02
  5.135432114362588e-01   1.399428651970694e-01  -5.010000000000000e-02
  5.136153855339500e-01   1.399491211711417e-01  -5.010000000000000e-02
  5.136867449774164e-01   1.399551764290457e-01  -5.010000000000000e-02
  5.137572915570279e-01   1.399610583530545e-01  -5.010000000000000e-02
  5.138270220792205e-01   1.399668538796465e-01  -5.010000000000000e-02
  5.138959557599312e-01   1.399723817299909e-01  -5.010000000000000e-02
  5.139640805319784e-01   1.399778447132632e-01  -5.010000000000000e-02
  5.140314095051911e-01   1.399831352200060e-01  -5.009999999999999e-02
  5.140979460389397e-01   1.399882710648720e-01  -5.010000000000000e-02
  5.141636876666231e-01   1.399933455522552e-01  -5.010000000000000e-02
  5.142286517401762e-01   1.399981955249065e-01  -5.010000000000000e-02
  5.142928319097262e-01   1.400029718779647e-01  -5.010000000000000e-02
  5.143562346426599e-01   1.400076565542416e-01  -5.010000000000000e-02
  5.144188721115119e-01   1.400121553382030e-01  -5.010000000000000e-02
  5.144807401388567e-01   1.400165988588983e-01  -5.010000000000000e-02
  5.145418483330512e-01   1.400209283695723e-01  -5.010000000000000e-02
  5.146022041067295e-01   1.400251173827641e-01  -5.010000000000000e-02
  5.146618068495984e-01   1.400292541315940e-01  -5.010000000000000e-02
  5.147206664651538e-01   1.400332770090371e-01  -5.010000000000000e-02
  5.147787886033235e-01   1.400371876631279e-01  -5.010000000000000e-02
  5.148361748064751e-01   1.400410488010210e-01  -5.010000000000000e-02
  5.148928345910186e-01   1.400448056864751e-01  -5.010000000000000e-02
  5.149487740056702e-01   1.400484567738088e-01  -5.010000000000000e-02
  5.150039951456257e-01   1.400520609803581e-01  -5.010000000000000e-02
  5.150585059990763e-01   1.400555882299725e-01  -5.010000000000000e-02
  5.151123142393005e-01   1.400590140490938e-01  -5.010000000000000e-02
  5.151654223392024e-01   1.400623952922526e-01  -5.010000000000000e-02
  5.152178368606029e-01   1.400657258398411e-01  -5.010000000000000e-02
  5.152695679808120e-01   1.400689426830634e-01  -5.010000000000000e-02
  5.153206174569631e-01   1.400721171389941e-01  -5.010000000000000e-02
  5.153709915384672e-01   1.400752495962463e-01  -5.010000000000000e-02
  5.154206988403909e-01   1.400783024665858e-01  -5.010000000000000e-02
  5.154697444302527e-01   1.400812961108432e-01  -5.010000000000000e-02
  5.155181334697838e-01   1.400842496805875e-01  -5.010000000000000e-02
  5.155658725361333e-01   1.400871595592184e-01  -5.010000000000000e-02
  5.156129700578853e-01   1.400899918006667e-01  -5.010000000000000e-02
  5.156594300370592e-01   1.400927857030593e-01  -5.010000000000000e-02
  5.157052588417663e-01   1.400955416493467e-01  -5.010000000000001e-02
  5.157504634059389e-01   1.400982506597792e-01  -5.010000000000000e-02
  5.157950506397588e-01   1.401009042039690e-01  -5.009999999999999e-02
  5.158390258046710e-01   1.401035213217703e-01  -5.010000000000000e-02
  5.158823952766976e-01   1.401061023926431e-01  -5.010000000000000e-02
  5.159251656249508e-01   1.401086444765971e-01  -5.009999999999999e-02
  5.159673433438248e-01   1.401111457839402e-01  -5.010000000000001e-02
  5.160089344570440e-01   1.401136123032228e-01  -5.010000000000000e-02
  5.160499453110508e-01   1.401160444108145e-01  -5.010000000000000e-02
  5.160903822554918e-01   1.401184422140695e-01  -5.010000000000000e-02
  5.161302516649351e-01   1.401208051516221e-01  -5.010000000000000e-02
  5.161695597692442e-01   1.401231348223419e-01  -5.010000000000000e-02
  5.162083128525166e-01   1.401254315986679e-01  -5.010000000000000e-02
  5.162465171786699e-01   1.401276958518435e-01  -5.010000000000000e-02
  5.162841783931966e-01   1.401299379859148e-01  -5.010000000000000e-02
  5.163213030955476e-01   1.401321519619472e-01  -5.010000000000000e-02
  5.163578977063479e-01   1.401343343253360e-01  -5.010000000000000e-02
  5.163939683922778e-01   1.401364854438383e-01  -5.010000000000000e-02
  5.164295212919612e-01   1.401386056835385e-01  -5.010000000000000e-02
  5.164645610640786e-01   1.401407195862433e-01  -5.010000000000000e-02
  5.164990952117695e-01   1.401428037663055e-01  -5.010000000000000e-02
  5.165331298284942e-01   1.401448577990338e-01  -5.010000000000000e-02
  5.165666709270758e-01   1.401468820473099e-01  -5.010000000000000e-02
  5.165997244859092e-01   1.401488768719374e-01  -5.009999999999999e-02
  5.166322946321368e-01   1.401508724534152e-01  -5.010000000000001e-02
  5.166643888233743e-01   1.401528436684336e-01  -5.010000000000000e-02
  5.166960132231150e-01   1.401547860290077e-01  -5.010000000000000e-02
  5.167271736611118e-01   1.401566998931990e-01  -5.010000000000000e-02
  5.167578759276724e-01   1.401585856166464e-01  -5.010000000000000e-02
  5.167881248694699e-01   1.401604580921494e-01  -5.010000000000000e-02
  5.168179253847886e-01   1.401623307176363e-01  -5.009999999999999e-02
  5.168472848933461e-01   1.401641756308341e-01  -5.010000000000000e-02
  5.168762090190963e-01   1.401659931851444e-01  -5.010000000000000e-02
  5.169047033427380e-01   1.401677837312513e-01  -5.010000000000000e-02
  5.169327734010843e-01   1.401695476170807e-01  -5.010000000000000e-02
  5.169604236272910e-01   1.401713018016693e-01  -5.010000000000001e-02
  5.169876584254717e-01   1.401730629905220e-01  -5.010000000000000e-02
  5.170144853471317e-01   1.401747978032812e-01  -5.010000000000000e-02
  5.170409097474169e-01   1.401765065862474e-01  -5.010000000000000e-02
  5.170669369350341e-01   1.401781896827181e-01  -5.010000000000001e-02
  5.170925721718503e-01   1.401798474329616e-01  -5.010000000000000e-02
  5.171178206725272e-01   1.401814801741937e-01  -5.010000000000000e-02
  5.171426850289206e-01   1.401831274038969e-01  -5.010000000000000e-02
  5.171671720143982e-01   1.401847642987294e-01  -5.010000000000000e-02
  5.171912876743519e-01   1.401863763713626e-01  -5.010000000000000e-02
  5.172150370309049e-01   1.401879639575133e-01  -5.010000000000000e-02
  5.172384250576374e-01   1.401895273896531e-01  -5.010000000000001e-02
  5.172614566794073e-01   1.401910669969964e-01  -5.010000000000000e-02
  5.172841367721980e-01   1.401925831054910e-01  -5.010000000000000e-02
  5.173064685840966e-01   1.401940991883862e-01  -5.010000000000000e-02
  5.173284560089385e-01   1.401956285274682e-01  -5.010000000000000e-02
  5.173501063003615e-01   1.401971344171779e-01  -5.010000000000000e-02
  5.173714241369980e-01   1.401986171829381e-01  -5.010000000000000e-02
  5.173924141482404e-01   1.402000771467473e-01  -5.010000000000000e-02
  5.174130809142359e-01   1.402015146271781e-01  -5.010000000000000e-02
  5.174334289659037e-01   1.402029299393797e-01  -5.010000000000000e-02
  5.174534627849728e-01   1.402043233950792e-01  -5.010000000000000e-02
  5.174731863337982e-01   1.402057019199422e-01  -5.010000000000000e-02
  5.174926007995545e-01   1.402071107990057e-01  -5.010000000000000e-02
  5.175117142475646e-01   1.402084978336566e-01  -5.010000000000000e-02
  5.175305309626436e-01   1.402098633348376e-01  -5.010000000000001e-02
  5.175490551808968e-01   1.402112076099566e-01  -5.010000000000000e-02
  5.175672910898659e-01   1.402125309628973e-01  -5.010000000000000e-02
  5.175852428286893e-01   1.402138336940308e-01  -5.009999999999999e-02
  5.176029144882796e-01   1.402151161002287e-01  -5.009999999999999e-02
  5.176203101115116e-01   1.402163784748763e-01  -5.009999999999999e-02
  5.176374336934276e-01   1.402176211078880e-01  -5.010000000000000e-02
  5.176542864715304e-01   1.402188807407862e-01  -5.010000000000000e-02
  5.176708734298928e-01   1.402201430736901e-01  -5.010000000000000e-02
  5.176872001153314e-01   1.402213855987987e-01  -5.009999999999999e-02
  5.177032703328491e-01   1.402226086056878e-01  -5.009999999999999e-02
  5.177190878408291e-01   1.402238123803850e-01  -5.010000000000000e-02
  5.177346563513072e-01   1.402249972053910e-01  -5.010000000000000e-02
  5.177499795302545e-01   1.402261633597006e-01  -5.010000000000000e-02
  5.177650609978680e-01   1.402273111188251e-01  -5.010000000000001e-02
  5.177799043288710e-01   1.402284407548149e-01  -5.009999999999999e-02
  5.177945130528207e-01   1.402295525362834e-01  -5.010000000000000e-02
  5.178088906544235e-01   1.402306467284304e-01  -5.010000000000000e-02
  5.178230385264045e-01   1.402317497804545e-01  -5.010000000000000e-02
  5.178369596561597e-01   1.402328671766912e-01  -5.010000000000000e-02
  5.178506599232947e-01   1.402339668451239e-01  -5.010000000000000e-02
  5.178641426353369e-01   1.402350490512351e-01  -5.010000000000000e-02
  5.178774110566535e-01   1.402361140570434e-01  -5.010000000000000e-02
  5.178904684088048e-01   1.402371621211310e-01  -5.010000000000000e-02
  5.179033178709005e-01   1.402381934986730e-01  -5.010000000000000e-02
  5.179159625799608e-01   1.402392084414662e-01  -5.010000000000000e-02
  5.179284056312827e-01   1.402402071979583e-01  -5.010000000000000e-02
  5.179406500788087e-01   1.402411900132777e-01  -5.010000000000001e-02
  5.179526989354991e-01   1.402421571292632e-01  -5.010000000000000e-02
  5.179645551737080e-01   1.402431087844944e-01  -5.010000000000000e-02
  5.179762217255617e-01   1.402440452143220e-01  -5.010000000000000e-02
  5.179877014833392e-01   1.402449666508983e-01  -5.010000000000000e-02
  5.179990076506259e-01   1.402457309978620e-01  -5.010000000000000e-02
  5.180101344652102e-01   1.402464564022189e-01  -5.010000000000000e-02
  5.180210827327403e-01   1.402471701663341e-01  -5.010000000000000e-02
  5.180318624233206e-01   1.402477277977746e-01  -5.010000000000000e-02
  5.180424778589022e-01   1.402480970548276e-01  -5.010000000000000e-02
  5.180529225945432e-01   1.402484603740970e-01  -5.010000000000000e-02
  5.180631992612601e-01   1.402488178471028e-01  -5.010000000000000e-02
  5.180733155714530e-01   1.402489037169286e-01  -5.010000000000000e-02
  5.180832697940311e-01   1.402489408397619e-01  -5.010000000000000e-02
  5.180930635253873e-01   1.402489773640663e-01  -5.010000000000000e-02
  5.181026990833830e-01   1.402489998819876e-01  -5.010000000000000e-02
  5.181121753348161e-01   1.402487248389469e-01  -5.010000000000000e-02
  5.181214985154836e-01   1.402484542387018e-01  -5.010000000000000e-02
  5.181306710072242e-01   1.402481880121207e-01  -5.010000000000000e-02
  5.181396948463982e-01   1.402479193599198e-01  -5.010000000000000e-02
  5.181485588430561e-01   1.402473562979729e-01  -5.010000000000000e-02
  5.181572793220026e-01   1.402468023526090e-01  -5.010000000000000e-02
  5.181658585274450e-01   1.402462573812709e-01  -5.010000000000000e-02
  5.181742986710979e-01   1.402457212434653e-01  -5.009999999999999e-02
  5.181825828511798e-01   1.402449605418646e-01  -5.010000000000000e-02
  5.181907271093447e-01   1.402441449833279e-01  -5.010000000000000e-02
  5.181987391437570e-01   1.402433426655564e-01  -5.010000000000000e-02
  5.182066210337921e-01   1.402425533803234e-01  -5.009999999999999e-02
  5.182143640122101e-01   1.402416871091268e-01  -5.010000000000000e-02
  5.182219549865638e-01   1.402406181715786e-01  -5.009999999999999e-02
  5.182294224709265e-01   1.402395666235092e-01  -5.010000000000000e-02
  5.182367684154858e-01   1.402385321902993e-01  -5.010000000000000e-02
  5.182439947415575e-01   1.402375146013952e-01  -5.010000000000000e-02
  5.182510751961684e-01   1.402363410820784e-01  -5.010000000000000e-02
  5.182580182830883e-01   1.402350520615139e-01  -5.009999999999999e-02
  5.182648481554948e-01   1.402337840598186e-01  -5.010000000000000e-02
  5.182715666099794e-01   1.402325367434458e-01  -5.010000000000000e-02
  5.182781754162473e-01   1.402313097838406e-01  -5.010000000000000e-02
  5.182846395405077e-01   1.402299282214189e-01  -5.009999999999999e-02
  5.182909699420012e-01   1.402284356244483e-01  -5.010000000000001e-02
  5.182971968974768e-01   1.402269674182233e-01  -5.010000000000000e-02
  5.183033220558035e-01   1.402255232139698e-01  -5.010000000000000e-02
  5.183093470409338e-01   1.402241026287884e-01  -5.010000000000000e-02
  5.183152488207872e-01   1.402226122189857e-01  -5.010000000000000e-02
  5.183209949456091e-01   1.402209230548318e-01  -5.010000000000001e-02
  5.183266469865941e-01   1.402192615481079e-01  -5.010000000000000e-02
  5.183322064494857e-01   1.402176272561769e-01  -5.010000000000000e-02
  5.183376748170702e-01   1.402160197431502e-01  -5.010000000000000e-02
  5.183430535494900e-01   1.402144385797962e-01  -5.010000000000000e-02
  5.183482692836006e-01   1.402126547509229e-01  -5.010000000000000e-02
  5.183533707283219e-01   1.402108123686979e-01  -5.009999999999999e-02
  5.183583884642837e-01   1.402090002178170e-01  -5.010000000000000e-02
  5.183633238371266e-01   1.402072178123033e-01  -5.010000000000001e-02
  5.183681781717784e-01   1.402054646736603e-01  -5.010000000000000e-02
  5.183729527727423e-01   1.402037403307677e-01  -5.010000000000000e-02
  5.183775421840714e-01   1.402017781813072e-01  -5.010000000000000e-02
  5.183820337351104e-01   1.401997923563607e-01  -5.010000000000000e-02
  5.183864514410927e-01   1.401978391801260e-01  -5.010000000000000e-02
  5.183907964938390e-01   1.401959181256700e-01  -5.010000000000000e-02
  5.183950700666677e-01   1.401940286742399e-01  -5.010000000000000e-02
  5.183992733146577e-01   1.401921703151469e-01  -5.010000000000000e-02
  5.184033177924892e-01   1.401901600123186e-01  -5.010000000000000e-02
  5.184072273171118e-01   1.401880435194740e-01  -5.010000000000000e-02
  5.184110724522810e-01   1.401859618850406e-01  -5.010000000000000e-02
  5.184148542409486e-01   1.401839145443977e-01  -5.010000000000000e-02
  5.184185737097504e-01   1.401819009417566e-01  -5.010000000000000e-02
  5.184222318692439e-01   1.401799205300341e-01  -5.010000000000000e-02
  5.184258297141399e-01   1.401779727707248e-01  -5.010000000000000e-02
  5.184292000859946e-01   1.401757777432136e-01  -5.010000000000000e-02
  5.184324943909460e-01   1.401735849127567e-01  -5.009999999999999e-02
  5.184357343389405e-01   1.401714282646181e-01  -5.010000000000000e-02
  5.184389208137311e-01   1.401693072105342e-01  -5.010000000000000e-02
  5.184420546851359e-01   1.401672211715166e-01  -5.010000000000000e-02
  5.184451368092442e-01   1.401651695777157e-01  -5.010000000000000e-02
  5.184481680286187e-01   1.401631518682856e-01  -5.010000000000000e-02
  5.184509873781965e-01   1.401609501925605e-01  -5.010000000000000e-02
  5.184536975676002e-01   1.401587008559274e-01  -5.010000000000000e-02
  5.184563629648176e-01   1.401564886948161e-01  -5.010000000000000e-02
  5.184589843005147e-01   1.401543131028064e-01  -5.010000000000000e-02
  5.184615622937567e-01   1.401521734831063e-01  -5.010000000000000e-02
  5.184640976521813e-01   1.401500692484079e-01  -5.010000000000000e-02
  5.184665910721701e-01   1.401479998207455e-01  -5.010000000000000e-02
  5.184690432390179e-01   1.401459646313547e-01  -5.010000000000000e-02
  5.184712200590619e-01   1.401437123425936e-01  -5.010000000000000e-02
  5.184733403990456e-01   1.401414754870756e-01  -5.010000000000000e-02
  5.184754256376303e-01   1.401392756618258e-01  -5.010000000000001e-02
  5.184774763493139e-01   1.401371122607765e-01  -5.010000000000000e-02
  5.184794930994098e-01   1.401349846875501e-01  -5.010000000000000e-02
  5.184814764441856e-01   1.401328923553109e-01  -5.009999999999999e-02
  5.184834269310017e-01   1.401308346866206e-01  -5.010000000000000e-02
  5.184853450984465e-01   1.401288111132943e-01  -5.010000000000000e-02
  5.184871533944815e-01   1.401267563955085e-01  -5.009999999999999e-02
  5.184887310178487e-01   1.401245694831167e-01  -5.010000000000001e-02
  5.184902824866189e-01   1.401224188264076e-01  -5.010000000000000e-02
  5.184918082301049e-01   1.401203038302650e-01  -5.010000000000000e-02
  5.184933086707142e-01   1.401182239091445e-01  -5.010000000000000e-02
  5.184947842240556e-01   1.401161784869265e-01  -5.010000000000000e-02
  5.184962352990441e-01   1.401141669967699e-01  -5.010000000000001e-02
  5.184976622980044e-01   1.401121888809698e-01  -5.010000000000000e-02
  5.184990656167726e-01   1.401102435908153e-01  -5.010000000000001e-02
  5.185004456447968e-01   1.401083305864508e-01  -5.010000000000000e-02
  5.185016772733143e-01   1.401063720164837e-01  -5.009999999999999e-02
  5.185027295763812e-01   1.401043480714661e-01  -5.010000000000000e-02
  5.185037644068395e-01   1.401023577323555e-01  -5.010000000000000e-02
  5.185047820523864e-01   1.401004004458104e-01  -5.010000000000000e-02
  5.185057827960616e-01   1.400984756674464e-01  -5.010000000000000e-02
  5.185067669163213e-01   1.400965828616961e-01  -5.010000000000000e-02
  5.185077346871081e-01   1.400947215016716e-01  -5.010000000000000e-02
  5.185086863779235e-01   1.400928910690285e-01  -5.010000000000000e-02
  5.185096222538962e-01   1.400910910538316e-01  -5.010000000000000e-02
  5.185105425758513e-01   1.400893209544238e-01  -5.010000000000000e-02
  5.185114476003777e-01   1.400875802772949e-01  -5.010000000000000e-02
  5.185123375798951e-01   1.400858685369545e-01  -5.010000000000000e-02
  5.185130129379647e-01   1.400841001339978e-01  -5.010000000000000e-02
  5.185136103257884e-01   1.400823327055309e-01  -5.010000000000000e-02
  5.185141977791689e-01   1.400805946690550e-01  -5.010000000000000e-02
  5.185147754621903e-01   1.400788855391120e-01  -5.010000000000000e-02
  5.185153435362635e-01   1.400772048381525e-01  -5.010000000000000e-02
  5.185159021601691e-01   1.400755520964093e-01  -5.010000000000000e-02
  5.185164514900984e-01   1.400739268517755e-01  -5.010000000000000e-02
  5.185169916796948e-01   1.400723286496818e-01  -5.010000000000000e-02
  5.185175228800949e-01   1.400707570429777e-01  -5.010000000000000e-02
  5.185180452399670e-01   1.400692115918128e-01  -5.010000000000000e-02
  5.185185589055514e-01   1.400676918635216e-01  -5.010000000000000e-02
  5.185190640206987e-01   1.400661974325086e-01  -5.009999999999999e-02
  5.185195607269079e-01   1.400647278801357e-01  -5.010000000000000e-02
  5.185200491633638e-01   1.400632827946113e-01  -5.010000000000000e-02
  5.185205294669740e-01   1.400618617708810e-01  -5.010000000000000e-02
