409
  4.766263811800402e-01   1.104155937122767e-01  -5.009999999999999e-02
  4.766250158623250e-01   1.104162149268423e-01  -5.009999999999999e-02
  4.766236192820136e-01   1.104168852634828e-01  -5.009999999999999e-02
  4.766221860143732e-01   1.104175970840012e-01  -5.009999999999999e-02
  4.766207056120645e-01   1.104183323135628e-01  -5.009999999999999e-02
  4.766192680564172e-01   1.104192528595708e-01  -5.009999999999999e-02
  4.766177854887813e-01   1.104202076414863e-01  -5.009999999999999e-02
  4.766162735299571e-01   1.104212227651445e-01  -5.009999999999999e-02
  4.766147349390497e-01   1.104223051863930e-01  -5.009999999999999e-02
  4.766131635144271e-01   1.104234479583486e-01  -5.009999999999999e-02
  4.766115661357918e-01   1.104246626372354e-01  -5.009999999999999e-02
  4.766099481153390e-01   1.104259583679075e-01  -5.009999999999999e-02
  4.766082973599000e-01   1.104273211264807e-01  -5.009999999999999e-02
  4.766066441851873e-01   1.104287898287298e-01  -5.009999999999998e-02
  4.766049595670799e-01   1.104303313980173e-01  -5.009999999999999e-02
  4.766032727451478e-01   1.104319804683511e-01  -5.009999999999999e-02
  4.766015681795296e-01   1.104337210138070e-01  -5.009999999999999e-02
  4.765998610745380e-01   1.104355697296298e-01  -5.009999999999999e-02
  4.765981421698537e-01   1.104375190888126e-01  -5.009999999999998e-02
  4.765964441451189e-01   1.104395982054338e-01  -5.009999999999998e-02
  4.765947476993834e-01   1.104417900459790e-01  -5.009999999999998e-02
  4.765930536540093e-01   1.104440986684042e-01  -5.009999999999998e-02
  4.765914097143176e-01   1.104465569103030e-01  -5.009999999999998e-02
  4.765897653721557e-01   1.104491304348434e-01  -5.009999999999998e-02
  4.765881385996924e-01   1.104518332257218e-01  -5.009999999999998e-02
  4.765865236177221e-01   1.104546624813607e-01  -5.009999999999998e-02
  4.765849183831162e-01   1.104576197032708e-01  -5.009999999999998e-02
  4.765833372093363e-01   1.104607142133131e-01  -5.009999999999998e-02
  4.765817335134128e-01   1.104639248106304e-01  -5.009999999999998e-02
  4.765802128862441e-01   1.104673051650170e-01  -5.009999999999998e-02
  4.765786724657158e-01   1.104708090522961e-01  -5.009999999999998e-02
  4.765772264941698e-01   1.104744885179176e-01  -5.009999999999998e-02
  4.765757803875614e-01   1.104783063403811e-01  -5.009999999999998e-02
  4.765744092319592e-01   1.104822936076456e-01  -5.009999999999998e-02
  4.765730500438528e-01   1.104864304806658e-01  -5.009999999999998e-02
  4.765717063345026e-01   1.104907219119364e-01  -5.009999999999998e-02
  4.765704299415444e-01   1.104951870821395e-01  -5.009999999999998e-02
  4.765691813503428e-01   1.104998175473372e-01  -5.009999999999998e-02
  4.765679705839077e-01   1.105046198201567e-01  -5.009999999999998e-02
  4.765668221711019e-01   1.105096034452257e-01  -5.009999999999998e-02
  4.765657449687373e-01   1.105147736432452e-01  -5.009999999999998e-02
  4.765647242424549e-01   1.105201311468991e-01  -5.009999999999998e-02
  4.765637472003270e-01   1.105256777231203e-01  -5.009999999999998e-02
  4.765628142956480e-01   1.105314182482758e-01  -5.009999999999998e-02
  4.765619331234143e-01   1.105373589511208e-01  -5.009999999999998e-02
  4.765611224572807e-01   1.105435072896650e-01  -5.009999999999998e-02
  4.765603771570096e-01   1.105498673410917e-01  -5.009999999999998e-02
  4.765597034881148e-01   1.105564450906167e-01  -5.009999999999998e-02
  4.765591020448810e-01   1.105632461797843e-01  -5.009999999999998e-02
  4.765585690717373e-01   1.105702761350729e-01  -5.009999999999998e-02
  4.765581099191990e-01   1.105775413033855e-01  -5.009999999999998e-02
  4.765577224542490e-01   1.105850477171335e-01  -5.009999999999998e-02
  4.765574027152935e-01   1.105928018772174e-01  -5.009999999999998e-02
  4.765571615941829e-01   1.106008112123560e-01  -5.009999999999998e-02
  4.765570150198523e-01   1.106090834669706e-01  -5.009999999999998e-02
  4.765569847959684e-01   1.106176256246008e-01  -5.009999999999998e-02
  4.765570471848339e-01   1.106264446524665e-01  -5.009999999999998e-02
  4.765571852516211e-01   1.106355490812943e-01  -5.009999999999998e-02
  4.765573855415710e-01   1.106449476945082e-01  -5.009999999999998e-02
  4.765577041310932e-01   1.106546478479843e-01  -5.009999999999998e-02
  4.765581572733766e-01   1.106646569529156e-01  -5.009999999999998e-02
  4.765587181154852e-01   1.106749855579764e-01  -5.009999999999998e-02
  4.765593704964707e-01   1.106856441304536e-01  -5.009999999999998e-02
  4.765601620438166e-01   1.106966393508558e-01  -5.009999999999998e-02
  4.765610597984914e-01   1.107079834738895e-01  -5.009999999999998e-02
  4.765620695813395e-01   1.107196869237084e-01  -5.009999999999998e-02
  4.765632182991441e-01   1.107317583878821e-01  -5.009999999999998e-02
  4.765645246772641e-01   1.107442067778771e-01  -5.009999999999998e-02
  4.765659539557103e-01   1.107570472931141e-01  -5.009999999999998e-02
  4.765675089721756e-01   1.107702920580644e-01  -5.009999999999998e-02
  4.765692472608730e-01   1.107839464610420e-01  -5.009999999999998e-02
  4.765711374482140e-01   1.107980268297165e-01  -5.009999999999998e-02
  4.765731817945136e-01   1.108125463369831e-01  -5.009999999999998e-02
  4.765754319793540e-01   1.108275113014386e-01  -5.009999999999998e-02
  4.765778300714899e-01   1.108429441525088e-01  -5.009999999999998e-02
  4.765803840572159e-01   1.108588584008282e-01  -5.009999999999998e-02
  4.765831274641457e-01   1.108752641538654e-01  -5.009999999999998e-02
  4.765861235723614e-01   1.108921655378402e-01  -5.009999999999998e-02
  4.765892943511556e-01   1.109095920694849e-01  -5.009999999999998e-02
  4.765926415514930e-01   1.109275604264132e-01  -5.009999999999998e-02
  4.765962489418709e-01   1.109460717022397e-01  -5.009999999999998e-02
  4.766000606884381e-01   1.109651539053726e-01  -5.009999999999998e-02
  4.766040826591914e-01   1.109848244660721e-01  -5.009999999999999e-02
  4.766083917637531e-01   1.110050859488345e-01  -5.009999999999999e-02
  4.766129480469932e-01   1.110259654587541e-01  -5.009999999999999e-02
  4.766177453255029e-01   1.110474845525026e-01  -5.009999999999999e-02
  4.766228539831716e-01   1.110696475919178e-01  -5.009999999999999e-02
  4.766282402501352e-01   1.110924827575543e-01  -5.009999999999999e-02
  4.766338933198214e-01   1.111160145629231e-01  -5.009999999999999e-02
  4.766398974188612e-01   1.111402446669754e-01  -5.009999999999998e-02
  4.766462153672945e-01   1.111652044516590e-01  -5.009999999999999e-02
  4.766528285684089e-01   1.111909225619235e-01  -5.009999999999999e-02
  4.766597914206023e-01   1.112174090212284e-01  -5.009999999999999e-02
  4.766671259367254e-01   1.112446822171318e-01  -5.009999999999999e-02
  4.766748135839024e-01   1.112727730944554e-01  -5.009999999999999e-02
  4.766829357057064e-01   1.113016849584672e-01  -5.009999999999999e-02
  4.766914287150106e-01   1.113314619872319e-01  -5.009999999999999e-02
  4.767002901868508e-01   1.113621331005492e-01  -5.009999999999998e-02
  4.767096649289444e-01   1.113936840378512e-01  -5.009999999999998e-02
  4.767194478261726e-01   1.114261743024621e-01  -5.009999999999998e-02
  4.767296715575214e-01   1.114596245227244e-01  -5.009999999999998e-02
  4.767404570022921e-01   1.114940273596548e-01  -5.009999999999998e-02
  4.767516981365882e-01   1.115294467984814e-01  -5.009999999999999e-02
  4.767634613671303e-01   1.115658943305783e-01  -5.009999999999999e-02
  4.767758381317576e-01   1.116033721476575e-01  -5.009999999999999e-02
  4.767887294929182e-01   1.116419463333788e-01  -5.009999999999999e-02
  4.768022484001339e-01   1.116816136330474e-01  -5.009999999999998e-02
  4.768163587768043e-01   1.117224207347419e-01  -5.009999999999998e-02
  4.768310090163382e-01   1.117644220820389e-01  -5.009999999999998e-02
  4.768463304867073e-01   1.118076086525239e-01  -5.009999999999998e-02
  4.768623159558154e-01   1.118520198030664e-01  -5.009999999999998e-02
  4.768789611079898e-01   1.118976964321617e-01  -5.009999999999998e-02
  4.768963973437242e-01   1.119446288812383e-01  -5.009999999999998e-02
  4.769144861887940e-01   1.119929082189310e-01  -5.009999999999999e-02
  4.769333256361396e-01   1.120425393434332e-01  -5.009999999999999e-02
  4.769529863426371e-01   1.120935362452292e-01  -5.009999999999999e-02
  4.769733662776896e-01   1.121459810522137e-01  -5.009999999999999e-02
  4.769946473889465e-01   1.121998462222075e-01  -5.009999999999999e-02
  4.770167480038489e-01   1.122552071955894e-01  -5.009999999999999e-02
  4.770396578007239e-01   1.123121138956492e-01  -5.009999999999999e-02
  4.770635724441849e-01   1.123705322552603e-01  -5.009999999999998e-02
  4.770883264823971e-01   1.124305758270697e-01  -5.009999999999998e-02
  4.771140739793950e-01   1.124922287125104e-01  -5.009999999999998e-02
  4.771408329294338e-01   1.125555300135990e-01  -5.009999999999998e-02
  4.771685048473170e-01   1.126205704508406e-01  -5.009999999999998e-02
  4.771974077499637e-01   1.126872625473444e-01  -5.009999999999998e-02
  4.772272175900226e-01   1.127557954063844e-01  -5.009999999999998e-02
  4.772580076916210e-01   1.128261882641064e-01  -5.009999999999998e-02
  4.772900812245073e-01   1.128983578606704e-01  -5.009999999999998e-02
  4.773232247148047e-01   1.129724504752594e-01  -5.009999999999998e-02
  4.773576234328661e-01   1.130484342466619e-01  -5.009999999999998e-02
  4.773931241583791e-01   1.131264300408491e-01  -5.009999999999998e-02
  4.774298267282112e-01   1.132064455934474e-01  -5.009999999999997e-02
  4.774678331114854e-01   1.132884859377976e-01  -5.009999999999997e-02
  4.775069976458659e-01   1.133726718470991e-01  -5.009999999999997e-02
  4.775476569983928e-01   1.134588987194568e-01  -5.009999999999998e-02
  4.775895615394095e-01   1.135473360667388e-01  -5.009999999999998e-02
  4.776328968018750e-01   1.136379495136452e-01  -5.009999999999998e-02
  4.776776444334852e-01   1.137307995440916e-01  -5.009999999999998e-02
  4.777237190868397e-01   1.138259805616227e-01  -5.009999999999998e-02
  4.777714014112665e-01   1.139234080048141e-01  -5.009999999999999e-02
  4.778204273069823e-01   1.140232625567029e-01  -5.009999999999999e-02
  4.778710839598670e-01   1.141254545129303e-01  -5.009999999999999e-02
  4.779232250678421e-01   1.142301060853323e-01  -5.009999999999999e-02
  4.779769431773595e-01   1.143372217526336e-01  -5.010000000000000e-02
  4.780323595989647e-01   1.144467884308982e-01  -5.009999999999999e-02
  4.780893084761556e-01   1.145589385170828e-01  -5.009999999999999e-02
  4.781480325469948e-01   1.146735947799353e-01  -5.009999999999999e-02
  4.782082758264490e-01   1.147909336464239e-01  -5.009999999999999e-02
  4.782704786492764e-01   1.149107726025509e-01  -5.009999999999999e-02
  4.783343020336348e-01   1.150333287485836e-01  -5.009999999999999e-02
  4.783999529834475e-01   1.151585356193466e-01  -5.009999999999999e-02
  4.784674080571687e-01   1.152864434544685e-01  -5.010000000000000e-02
  4.785365960694315e-01   1.154171273329756e-01  -5.010000000000000e-02
  4.786078013607849e-01   1.155504703774777e-01  -5.010000000000001e-02
  4.786807735059192e-01   1.156866379549094e-01  -5.010000000000001e-02
  4.787556752585837e-01   1.158255729791546e-01  -5.010000000000000e-02
  4.788325744002417e-01   1.159672648894364e-01  -5.010000000000000e-02
  4.789113635700709e-01   1.161117958909807e-01  -5.010000000000000e-02
  4.789922025451189e-01   1.162590999005615e-01  -5.009999999999999e-02
  4.790751533635714e-01   1.164091592287777e-01  -5.009999999999999e-02
  4.791600852133441e-01   1.165620600959626e-01  -5.009999999999999e-02
  4.792470226767232e-01   1.167177997872417e-01  -5.010000000000000e-02
  4.793361633197844e-01   1.168762739509209e-01  -5.009999999999999e-02
  4.794273635609007e-01   1.170375652283718e-01  -5.009999999999999e-02
  4.795206465992180e-01   1.172016592617399e-01  -5.009999999999999e-02
  4.796160434368249e-01   1.173685327877303e-01  -5.009999999999999e-02
  4.797136666270441e-01   1.175381106167233e-01  -5.010000000000000e-02
  4.798135729600355e-01   1.177103437505442e-01  -5.010000000000001e-02
  4.799156152466403e-01   1.178852974239779e-01  -5.010000000000001e-02
  4.800197798180692e-01   1.180629548983824e-01  -5.010000000000002e-02
  4.801261492905628e-01   1.182432375454001e-01  -5.010000000000002e-02
  4.802348866777964e-01   1.184260135523746e-01  -5.010000000000002e-02
  4.803458447664777e-01   1.186113286563658e-01  -5.010000000000001e-02
  4.804590106917648e-01   1.187991440207535e-01  -5.010000000000001e-02
  4.805744351557915e-01   1.189893768108901e-01  -5.010000000000000e-02
  4.806922339275109e-01   1.191818980741235e-01  -5.010000000000000e-02
  4.808122674184014e-01   1.193767292703913e-01  -5.010000000000000e-02
  4.809344686923256e-01   1.195738420433692e-01  -5.009999999999999e-02
  4.810589932991000e-01   1.197730638001232e-01  -5.009999999999999e-02
  4.811858596765835e-01   1.199743009590899e-01  -5.009999999999999e-02
  4.813149277214958e-01   1.201775534719946e-01  -5.009999999999999e-02
  4.814461705710263e-01   1.203827446074452e-01  -5.010000000000000e-02
  4.815796724926167e-01   1.205897203198960e-01  -5.010000000000000e-02
  4.817154679444469e-01   1.207983516961493e-01  -5.009999999999999e-02
  4.818534959900521e-01   1.210085654218435e-01  -5.009999999999999e-02
  4.819937061403225e-01   1.212202760016231e-01  -5.009999999999999e-02
  4.821360763433545e-01   1.214333736850881e-01  -5.009999999999999e-02
  4.822805794647568e-01   1.216477464663522e-01  -5.009999999999998e-02
  4.824271862726585e-01   1.218632781794404e-01  -5.009999999999999e-02
  4.825758961059202e-01   1.220798276029102e-01  -5.009999999999998e-02
  4.827267032255548e-01   1.222972512329194e-01  -5.009999999999999e-02
  4.828795253951103e-01   1.225154534918149e-01  -5.009999999999999e-02
  4.830343741060312e-01   1.227342682145207e-01  -5.009999999999999e-02
  4.831911612269540e-01   1.229535946952707e-01  -5.009999999999999e-02
  4.833498304149408e-01   1.231733060202606e-01  -5.009999999999999e-02
  4.835103294036459e-01   1.233932684273844e-01  -5.009999999999999e-02
  4.836726006635721e-01   1.236133482582935e-01  -5.009999999999999e-02
  4.838365887972784e-01   1.238334068350747e-01  -5.010000000000000e-02
  4.840022355266505e-01   1.240533044659509e-01  -5.010000000000001e-02
  4.841695119585848e-01   1.242728761228721e-01  -5.010000000000001e-02
  4.843383721912444e-01   1.244919665228144e-01  -5.010000000000001e-02
  4.845087676373403e-01   1.247104193931319e-01  -5.010000000000001e-02
  4.846805524356854e-01   1.249281528876986e-01  -5.009999999999999e-02
  4.848536517842149e-01   1.251450294789254e-01  -5.009999999999999e-02
  4.850279810178827e-01   1.253609186113545e-01  -5.009999999999999e-02
  4.852034620233560e-01   1.255756840527522e-01  -5.009999999999999e-02
  4.853800108790554e-01   1.257891942123472e-01  -5.009999999999999e-02
  4.855575385041588e-01   1.260013221382922e-01  -5.010000000000001e-02
  4.857360503586695e-01   1.262118611755346e-01  -5.010000000000000e-02
  4.859153978147213e-01   1.264207350463281e-01  -5.010000000000001e-02
  4.860954532060879e-01   1.266278530143546e-01  -5.010000000000001e-02
  4.862761134267423e-01   1.268331060088355e-01  -5.010000000000001e-02
  4.864572889668373e-01   1.270363756811341e-01  -5.010000000000000e-02
  4.866388815912720e-01   1.272375542242918e-01  -5.010000000000000e-02
  4.868207948365023e-01   1.274365355477699e-01  -5.010000000000001e-02
  4.870029304226309e-01   1.276332189123384e-01  -5.010000000000001e-02
  4.871851803625863e-01   1.278275167590569e-01  -5.010000000000001e-02
  4.873674978798347e-01   1.280192878212304e-01  -5.010000000000001e-02
  4.875497668332460e-01   1.282084604038493e-01  -5.010000000000001e-02
  4.877318439322554e-01   1.283949952823869e-01  -5.010000000000001e-02
  4.879136298552449e-01   1.285788172292202e-01  -5.010000000000001e-02
  4.880950131117893e-01   1.287598689941409e-01  -5.010000000000001e-02
  4.882758999107351e-01   1.289380820457658e-01  -5.010000000000001e-02
  4.884561952000390e-01   1.291133955037858e-01  -5.010000000000001e-02
  4.886357948805198e-01   1.292857644882952e-01  -5.010000000000001e-02
  4.888146007408863e-01   1.294551452258080e-01  -5.010000000000001e-02
  4.889925176250767e-01   1.296214980183272e-01  -5.010000000000001e-02
  4.891694539679954e-01   1.297847867904725e-01  -5.010000000000001e-02
  4.893453170230744e-01   1.299449844019165e-01  -5.010000000000001e-02
  4.895200158327303e-01   1.301020695616577e-01  -5.010000000000001e-02
  4.896934712335896e-01   1.302560158092172e-01  -5.010000000000000e-02
  4.898656002643643e-01   1.304068089226958e-01  -5.010000000000000e-02
  4.900362987796726e-01   1.305544671433319e-01  -5.009999999999999e-02
  4.902054848561568e-01   1.306989920703477e-01  -5.009999999999999e-02
  4.903731874580284e-01   1.308402612847388e-01  -5.009999999999999e-02
  4.905392438073327e-01   1.309783860522652e-01  -5.010000000000000e-02
  4.907035702496491e-01   1.311133946853383e-01  -5.010000000000001e-02
  4.908660982585112e-01   1.312453059070779e-01  -5.010000000000001e-02
  4.910267586404165e-01   1.313741478112602e-01  -5.010000000000001e-02
  4.911854835502242e-01   1.314999553567121e-01  -5.010000000000000e-02
  4.913422151833357e-01   1.316227592761944e-01  -5.010000000000001e-02
  4.914971001610531e-01   1.317423316686091e-01  -5.010000000000001e-02
  4.916498869668693e-01   1.318589643231128e-01  -5.010000000000001e-02
  4.918005217889625e-01   1.319727067744249e-01  -5.009999999999999e-02
  4.919489538727011e-01   1.320836127181031e-01  -5.010000000000000e-02
  4.920952936855688e-01   1.321915236719913e-01  -5.010000000000000e-02
  4.922394690018876e-01   1.322965292714871e-01  -5.010000000000000e-02
  4.923813219885319e-01   1.323988498268299e-01  -5.010000000000000e-02
  4.925208185156047e-01   1.324985464779272e-01  -5.009999999999999e-02
  4.926582477941786e-01   1.325952242771321e-01  -5.009999999999999e-02
  4.927932633733971e-01   1.326893913180309e-01  -5.010000000000000e-02
  4.929258365737366e-01   1.327811216139720e-01  -5.009999999999999e-02
  4.930562955636395e-01   1.328699679164709e-01  -5.009999999999999e-02
  4.931842891369304e-01   1.329564775486341e-01  -5.009999999999999e-02
  4.933098750379475e-01   1.330406129412888e-01  -5.009999999999999e-02
  4.934332572286249e-01   1.331221109709554e-01  -5.009999999999999e-02
  4.935541161422541e-01   1.332015063284040e-01  -5.009999999999999e-02
  4.936727644389489e-01   1.332783788813017e-01  -5.009999999999999e-02
  4.937889844027961e-01   1.333531193956968e-01  -5.009999999999999e-02
  4.939028643679859e-01   1.334256584893064e-01  -5.009999999999999e-02
  4.940144570341146e-01   1.334959759279815e-01  -5.009999999999999e-02
  4.941236423525800e-01   1.335643364541352e-01  -5.010000000000000e-02
  4.942306322992384e-01   1.336304710372163e-01  -5.010000000000001e-02
  4.943352048992802e-01   1.336948176811408e-01  -5.010000000000001e-02
  4.944376373643774e-01   1.337570014869887e-01  -5.010000000000001e-02
  4.945377002516112e-01   1.338174840285667e-01  -5.010000000000001e-02
  4.946356258905237e-01   1.338759620897072e-01  -5.010000000000000e-02
  4.947312788208939e-01   1.339327514049502e-01  -5.009999999999999e-02
  4.948247582066867e-01   1.339877709774013e-01  -5.009999999999999e-02
  4.949161100861300e-01   1.340410357303077e-01  -5.009999999999999e-02
  4.950052153636230e-01   1.340928401121620e-01  -5.009999999999999e-02
  4.950923846871386e-01   1.341427425246395e-01  -5.010000000000000e-02
  4.951773154244267e-01   1.341913633985117e-01  -5.010000000000001e-02
  4.952603062051044e-01   1.342382746204056e-01  -5.010000000000001e-02
  4.953412507191473e-01   1.342837622359342e-01  -5.010000000000001e-02
  4.954200890799025e-01   1.343280300263791e-01  -5.010000000000001e-02
  4.954971749438904e-01   1.343705428110812e-01  -5.010000000000000e-02
  4.955722150010469e-01   1.344119273351546e-01  -5.010000000000000e-02
  4.956453149997216e-01   1.344520910552405e-01  -5.009999999999999e-02
  4.957167032425395e-01   1.344907166493366e-01  -5.009999999999999e-02
  4.957861638927940e-01   1.345282992928712e-01  -5.009999999999999e-02
  4.958537721786538e-01   1.345647995094673e-01  -5.009999999999999e-02
  4.959197872717207e-01   1.345998338086698e-01  -5.009999999999999e-02
  4.959839917600946e-01   1.346339072175121e-01  -5.009999999999999e-02
  4.960464266909453e-01   1.346670415197828e-01  -5.009999999999999e-02
  4.961073243487784e-01   1.346988935843926e-01  -5.009999999999999e-02
  4.961665930067663e-01   1.347297357319369e-01  -5.009999999999999e-02
  4.962242055943001e-01   1.347597160956814e-01  -5.009999999999999e-02
  4.962802057959473e-01   1.347888467932916e-01  -5.010000000000000e-02
  4.963348512160745e-01   1.348167234746523e-01  -5.010000000000000e-02
  4.963879506569093e-01   1.348438114939068e-01  -5.009999999999999e-02
  4.964395420194820e-01   1.348701301857945e-01  -5.009999999999999e-02
  4.964896626257406e-01   1.348956985896428e-01  -5.009999999999999e-02
  4.965385180044769e-01   1.349202012204791e-01  -5.009999999999999e-02
  4.965860002132064e-01   1.349439417585903e-01  -5.009999999999999e-02
  4.966321144537195e-01   1.349669983289071e-01  -5.009999999999999e-02
  4.966768957556891e-01   1.349893884458483e-01  -5.010000000000000e-02
  4.967203965705563e-01   1.350110928256547e-01  -5.010000000000000e-02
  4.967627858998536e-01   1.350318550661546e-01  -5.010000000000000e-02
  4.968039385651798e-01   1.350520115901873e-01  -5.010000000000000e-02
  4.968438871707629e-01   1.350715783672630e-01  -5.009999999999999e-02
  4.968826636718822e-01   1.350905710490376e-01  -5.010000000000000e-02
  4.969202993744328e-01   1.351090049690993e-01  -5.009999999999999e-02
  4.969568821613932e-01   1.351267826356906e-01  -5.009999999999999e-02
  4.969924634245888e-01   1.351438584088307e-01  -5.009999999999999e-02
  4.970270464411517e-01   1.351603146999483e-01  -5.009999999999999e-02
  4.970606534471118e-01   1.351761730767329e-01  -5.009999999999999e-02
  4.970933019471968e-01   1.351914522051702e-01  -5.009999999999999e-02
  4.971250346916759e-01   1.352061818372652e-01  -5.009999999999999e-02
  4.971558501848171e-01   1.352203705096993e-01  -5.009999999999999e-02
  4.971857948278636e-01   1.352340483166137e-01  -5.009999999999999e-02
  4.972148738637225e-01   1.352472258723350e-01  -5.009999999999999e-02
  4.972431151702989e-01   1.352599236485769e-01  -5.009999999999999e-02
  4.972705404316391e-01   1.352721587879414e-01  -5.010000000000000e-02
  4.972971709046664e-01   1.352839477799601e-01  -5.009999999999999e-02
  4.973230274098749e-01   1.352953064862943e-01  -5.009999999999999e-02
  4.973481303238763e-01   1.353062501648926e-01  -5.009999999999999e-02
  4.973724995737298e-01   1.353167934932041e-01  -5.009999999999999e-02
  4.973961640112032e-01   1.353269546021097e-01  -5.010000000000000e-02
  4.974191286051795e-01   1.353367410196254e-01  -5.009999999999999e-02
  4.974414182507444e-01   1.353461685270845e-01  -5.010000000000000e-02
  4.974630514309085e-01   1.353552498385489e-01  -5.009999999999999e-02
  4.974840462168410e-01   1.353639972049538e-01  -5.009999999999999e-02
  4.975044202699184e-01   1.353724224318942e-01  -5.009999999999999e-02
  4.975241908443279e-01   1.353805368965992e-01  -5.009999999999999e-02
  4.975433747901564e-01   1.353883515641370e-01  -5.009999999999999e-02
  4.975619885569069e-01   1.353958770028915e-01  -5.009999999999999e-02
  4.975800481973847e-01   1.354031233993505e-01  -5.010000000000000e-02
  4.975975693719061e-01   1.354101005722399e-01  -5.009999999999999e-02
  4.976145673527828e-01   1.354168179860397e-01  -5.010000000000000e-02
  4.976310570290425e-01   1.354232847639140e-01  -5.009999999999999e-02
  4.976470529113505e-01   1.354295097000857e-01  -5.009999999999999e-02
  4.976625691371008e-01   1.354355012716856e-01  -5.009999999999999e-02
  4.976776194756503e-01   1.354412676501038e-01  -5.010000000000000e-02
  4.976922173336704e-01   1.354468167118720e-01  -5.009999999999999e-02
  4.977063757606002e-01   1.354521560490997e-01  -5.009999999999999e-02
  4.977201074541814e-01   1.354572929794928e-01  -5.009999999999999e-02
  4.977334342105655e-01   1.354622380460736e-01  -5.009999999999999e-02
  4.977463517927329e-01   1.354669920050939e-01  -5.010000000000000e-02
  4.977588792827830e-01   1.354715641608023e-01  -5.009999999999999e-02
  4.977710281345298e-01   1.354759608584873e-01  -5.009999999999999e-02
  4.977828094916557e-01   1.354801882168824e-01  -5.009999999999999e-02
  4.977942341942904e-01   1.354842521361593e-01  -5.009999999999999e-02
  4.978053127855632e-01   1.354881583056027e-01  -5.010000000000000e-02
  4.978160555181125e-01   1.354919122109786e-01  -5.009999999999999e-02
  4.978264723605432e-01   1.354955191416081e-01  -5.009999999999999e-02
  4.978365730038166e-01   1.354989841971558e-01  -5.010000000000000e-02
  4.978463668675617e-01   1.355023122941448e-01  -5.009999999999999e-02
  4.978558631062997e-01   1.355055081722057e-01  -5.009999999999999e-02
  4.978650706155661e-01   1.355085764000699e-01  -5.009999999999999e-02
  4.978739980379265e-01   1.355115213813139e-01  -5.010000000000000e-02
  4.978826537688710e-01   1.355143473598638e-01  -5.009999999999999e-02
  4.978910459625816e-01   1.355170584252664e-01  -5.009999999999999e-02
  4.978991825375638e-01   1.355196585177340e-01  -5.009999999999999e-02
  4.979070711821313e-01   1.355221514329692e-01  -5.009999999999999e-02
  4.979147193597397e-01   1.355245408267768e-01  -5.009999999999999e-02
  4.979221343141583e-01   1.355268302194664e-01  -5.009999999999999e-02
  4.979293230744747e-01   1.355290230000552e-01  -5.009999999999999e-02
  4.979362924599248e-01   1.355311224302720e-01  -5.009999999999999e-02
  4.979430490845416e-01   1.355331316483713e-01  -5.009999999999999e-02
  4.979495993616171e-01   1.355350536727607e-01  -5.009999999999999e-02
  4.979559495079710e-01   1.355368914054474e-01  -5.009999999999999e-02
  4.979621157495628e-01   1.355386505242144e-01  -5.009999999999999e-02
  4.979680859547669e-01   1.355403285659969e-01  -5.010000000000001e-02
  4.979738740476187e-01   1.355419304724677e-01  -5.009999999999999e-02
  4.979794855874419e-01   1.355434587276107e-01  -5.010000000000000e-02
  4.979849259682894e-01   1.355449157150489e-01  -5.010000000000000e-02
  4.979902004233349e-01   1.355463037204035e-01  -5.010000000000000e-02
  4.979953140291171e-01   1.355476249334393e-01  -5.009999999999999e-02
  4.980002717096297e-01   1.355488814499860e-01  -5.009999999999999e-02
  4.980050782402421e-01   1.355500752736225e-01  -5.010000000000000e-02
  4.980097382514403e-01   1.355512083171076e-01  -5.010000000000000e-02
  4.980142562323660e-01   1.355522824035389e-01  -5.010000000000000e-02
  4.980186365341325e-01   1.355532992672144e-01  -5.010000000000000e-02
  4.980228833728898e-01   1.355542605541698e-01  -5.009999999999999e-02
  4.980270008326019e-01   1.355551678223565e-01  -5.009999999999999e-02
  4.980309928674939e-01   1.355560225414195e-01  -5.009999999999999e-02
  4.980348633041147e-01   1.355568260920269e-01  -5.010000000000001e-02
  4.980386158429470e-01   1.355575797646910e-01  -5.009999999999999e-02
  4.980422540594831e-01   1.355582847580141e-01  -5.010000000000000e-02
  4.980457814046621e-01   1.355589421762734e-01  -5.010000000000001e-02
  4.980492012045416e-01   1.355595530262476e-01  -5.010000000000000e-02
  4.980525166590453e-01   1.355601182131683e-01  -5.010000000000000e-02
  4.980557308395916e-01   1.355606385356533e-01  -5.009999999999999e-02
  4.980588577526830e-01   1.355611163181141e-01  -5.010000000000001e-02
  4.980618813211083e-01   1.355615491887205e-01  -5.010000000000001e-02
  4.980648129051540e-01   1.355619389196105e-01  -5.010000000000000e-02
  4.980676552330052e-01   1.355622857937354e-01  -5.010000000000000e-02
  4.980704109174348e-01   1.355625899285375e-01  -5.009999999999999e-02
  4.980730824495661e-01   1.355628512540150e-01  -5.009999999999999e-02
  4.980756721893448e-01   1.355630694850250e-01  -5.010000000000000e-02
  4.980781823513567e-01   1.355632440861329e-01  -5.010000000000000e-02
  4.980806149839717e-01   1.355633742267481e-01  -5.010000000000000e-02
  4.980829719387904e-01   1.355634587235016e-01  -5.010000000000000e-02
  4.980852548258388e-01   1.355634959657639e-01  -5.010000000000000e-02
  4.980874649475688e-01   1.355634838187816e-01  -5.010000000000000e-02
  4.980896032010202e-01   1.355634194970563e-01  -5.009999999999999e-02
  4.980916699317171e-01   1.355632993982884e-01  -5.010000000000001e-02
  4.980936760722492e-01   1.355631176515182e-01  -5.010000000000000e-02
  4.980956030300763e-01   1.355628694499849e-01  -5.010000000000000e-02
  4.980974559450392e-01   1.355625460614146e-01  -5.009999999999999e-02
  4.980992301845760e-01   1.355621367656226e-01  -5.009999999999999e-02
  4.981009175031483e-01   1.355616275460752e-01  -5.010000000000000e-02
  4.981025037275568e-01   1.355610003893381e-01  -5.010000000000000e-02
  4.981039650646721e-01   1.355602333477907e-01  -5.010000000000000e-02
  4.981052632024444e-01   1.355593033765515e-01  -5.010000000000000e-02
  4.981063423668962e-01   1.355581960449113e-01  -5.010000000000001e-02
  4.981071396129490e-01   1.355569226742370e-01  -5.010000000000000e-02
