689
  4.934557667734700e-01   1.260892749685230e-01  -5.010000000000000e-02
  4.934545833207645e-01   1.260901966190499e-01  -5.010000000000000e-02
  4.934533795077951e-01   1.260911341257642e-01  -5.009999999999999e-02
  4.934521549862944e-01   1.260920877598901e-01  -5.010000000000000e-02
  4.934509094021075e-01   1.260930577972366e-01  -5.010000000000001e-02
  4.934496423950955e-01   1.260940445182730e-01  -5.009999999999999e-02
  4.934483535990366e-01   1.260950482082059e-01  -5.010000000000000e-02
  4.934470426415262e-01   1.260960691570572e-01  -5.010000000000001e-02
  4.934457091438746e-01   1.260971076597429e-01  -5.010000000000001e-02
  4.934443527210047e-01   1.260981640161540e-01  -5.010000000000000e-02
  4.934429729813464e-01   1.260992385312378e-01  -5.010000000000000e-02
  4.934417849359819e-01   1.261005434812206e-01  -5.010000000000000e-02
  4.934406963131425e-01   1.261019887829254e-01  -5.010000000000000e-02
  4.934395889833402e-01   1.261034589207849e-01  -5.009999999999999e-02
  4.934384626273469e-01   1.261049543186198e-01  -5.009999999999999e-02
  4.934373169205646e-01   1.261064754073804e-01  -5.010000000000000e-02
  4.934361515329379e-01   1.261080226252622e-01  -5.010000000000000e-02
  4.934349661288644e-01   1.261095964178247e-01  -5.010000000000000e-02
  4.934337603671057e-01   1.261111972381108e-01  -5.010000000000000e-02
  4.934325339006945e-01   1.261128255467689e-01  -5.010000000000000e-02
  4.934312863768423e-01   1.261144818121761e-01  -5.009999999999999e-02
  4.934300553437289e-01   1.261161903257266e-01  -5.010000000000000e-02
  4.934290716910429e-01   1.261180968582052e-01  -5.010000000000000e-02
  4.934280711566532e-01   1.261200361110913e-01  -5.010000000000000e-02
  4.934270534532240e-01   1.261220086413036e-01  -5.010000000000000e-02
  4.934260182886122e-01   1.261240150150790e-01  -5.010000000000000e-02
  4.934249653657896e-01   1.261260558081225e-01  -5.010000000000000e-02
  4.934238943827646e-01   1.261281316057598e-01  -5.010000000000000e-02
  4.934228050325016e-01   1.261302430030920e-01  -5.010000000000000e-02
  4.934216970028409e-01   1.261323906051529e-01  -5.010000000000000e-02
  4.934205699764156e-01   1.261345750270681e-01  -5.010000000000000e-02
  4.934194236305689e-01   1.261367968942168e-01  -5.010000000000000e-02
  4.934183887149535e-01   1.261391154433456e-01  -5.010000000000000e-02
  4.934174666096701e-01   1.261415320869323e-01  -5.010000000000000e-02
  4.934165287054211e-01   1.261439901362779e-01  -5.009999999999999e-02
  4.934155747342175e-01   1.261464902937249e-01  -5.010000000000000e-02
  4.934146044236185e-01   1.261490332732831e-01  -5.010000000000000e-02
  4.934136174966608e-01   1.261516198008153e-01  -5.010000000000000e-02
  4.934126136717867e-01   1.261542506142244e-01  -5.010000000000000e-02
  4.934115926627718e-01   1.261569264636447e-01  -5.010000000000000e-02
  4.934105541786508e-01   1.261596481116348e-01  -5.010000000000000e-02
  4.934094979236428e-01   1.261624163333736e-01  -5.010000000000000e-02
  4.934084304857263e-01   1.261652342413678e-01  -5.010000000000000e-02
  4.934075646678046e-01   1.261681745480587e-01  -5.010000000000000e-02
  4.934066840422958e-01   1.261711651411277e-01  -5.010000000000001e-02
  4.934057883589624e-01   1.261742068703778e-01  -5.010000000000000e-02
  4.934048773634429e-01   1.261773005996185e-01  -5.010000000000000e-02
  4.934039507971864e-01   1.261804472068845e-01  -5.010000000000000e-02
  4.934030083973882e-01   1.261836475846574e-01  -5.010000000000000e-02
  4.934020498969235e-01   1.261869026400899e-01  -5.010000000000000e-02
  4.934010750242801e-01   1.261902132952334e-01  -5.010000000000000e-02
  4.934000835034911e-01   1.261935804872689e-01  -5.010000000000000e-02
  4.933990750540653e-01   1.261970051687401e-01  -5.010000000000000e-02
  4.933982346068823e-01   1.262005370855331e-01  -5.010000000000000e-02
  4.933973975579384e-01   1.262041339484800e-01  -5.010000000000000e-02
  4.933965462277102e-01   1.262077921791918e-01  -5.010000000000000e-02
  4.933956803760415e-01   1.262115128096373e-01  -5.010000000000000e-02
  4.933947997588591e-01   1.262152968886172e-01  -5.010000000000000e-02
  4.933939041281132e-01   1.262191454820211e-01  -5.010000000000000e-02
  4.933929932317167e-01   1.262230596730867e-01  -5.009999999999999e-02
  4.933920668134837e-01   1.262270405626629e-01  -5.010000000000000e-02
  4.933911246130686e-01   1.262310892694761e-01  -5.010000000000000e-02
  4.933902169151889e-01   1.262352175460225e-01  -5.010000000000000e-02
  4.933894245346432e-01   1.262394435755998e-01  -5.010000000000000e-02
  4.933886186663534e-01   1.262437415398122e-01  -5.009999999999999e-02
  4.933877990845949e-01   1.262481126425240e-01  -5.009999999999999e-02
  4.933869655599992e-01   1.262525581070346e-01  -5.010000000000000e-02
  4.933861178594993e-01   1.262570791763669e-01  -5.010000000000000e-02
  4.933852557462756e-01   1.262616771135603e-01  -5.009999999999999e-02
  4.933843789796995e-01   1.262663532019662e-01  -5.010000000000000e-02
  4.933834873152780e-01   1.262711087455470e-01  -5.010000000000000e-02
  4.933826133622054e-01   1.262759506392739e-01  -5.010000000000000e-02
  4.933818630583967e-01   1.262808982308598e-01  -5.010000000000000e-02
  4.933811000177094e-01   1.262859298109214e-01  -5.010000000000000e-02
  4.933803240281815e-01   1.262910467771612e-01  -5.010000000000000e-02
  4.933795348744706e-01   1.262962505495720e-01  -5.010000000000000e-02
  4.933787323378054e-01   1.263015425707592e-01  -5.010000000000000e-02
  4.933779161959354e-01   1.263069243062661e-01  -5.010000000000001e-02
  4.933770862230825e-01   1.263123972449024e-01  -5.010000000000000e-02
  4.933762421898892e-01   1.263179628990766e-01  -5.010000000000000e-02
  4.933754894918948e-01   1.263236373191598e-01  -5.010000000000000e-02
  4.933747775655967e-01   1.263294151505422e-01  -5.010000000000000e-02
  4.933740535921487e-01   1.263352907538441e-01  -5.010000000000000e-02
  4.933733173723857e-01   1.263412657454446e-01  -5.010000000000000e-02
  4.933725687040117e-01   1.263473417671307e-01  -5.010000000000000e-02
  4.933718073815567e-01   1.263535204864508e-01  -5.010000000000000e-02
  4.933710331963324e-01   1.263598035970719e-01  -5.010000000000000e-02
  4.933702459363876e-01   1.263661928191400e-01  -5.010000000000000e-02
  4.933695493404034e-01   1.263727014860826e-01  -5.010000000000000e-02
  4.933688887577397e-01   1.263793253052432e-01  -5.010000000000001e-02
  4.933682170331303e-01   1.263860608473381e-01  -5.010000000000000e-02
  4.933675339836269e-01   1.263929099468337e-01  -5.010000000000000e-02
  4.933668394234486e-01   1.263998744665981e-01  -5.010000000000000e-02
  4.933661331639443e-01   1.264069562982811e-01  -5.010000000000000e-02
  4.933654150135544e-01   1.264141573626971e-01  -5.010000000000000e-02
  4.933647188372081e-01   1.264214826678777e-01  -5.010000000000000e-02
  4.933641233557481e-01   1.264289412789763e-01  -5.010000000000000e-02
  4.933635178629106e-01   1.264365252860372e-01  -5.010000000000000e-02
  4.933629021954283e-01   1.264442367340402e-01  -5.010000000000000e-02
  4.933622761875450e-01   1.264520776991415e-01  -5.010000000000000e-02
  4.933616396709830e-01   1.264600502890749e-01  -5.010000000000000e-02
  4.933609924749117e-01   1.264681566435530e-01  -5.010000000000000e-02
  4.933603739504252e-01   1.264764017465145e-01  -5.010000000000000e-02
  4.933598498976022e-01   1.264847924965019e-01  -5.010000000000000e-02
  4.933593170664335e-01   1.264933237989321e-01  -5.009999999999999e-02
  4.933587753148632e-01   1.265019979283016e-01  -5.010000000000000e-02
  4.933582244987074e-01   1.265108171931731e-01  -5.010000000000000e-02
  4.933576644716291e-01   1.265197839365909e-01  -5.010000000000000e-02
  4.933570950851114e-01   1.265289005364976e-01  -5.010000000000000e-02
  4.933566263813614e-01   1.265381754442969e-01  -5.010000000000000e-02
  4.933561817569441e-01   1.265476069197956e-01  -5.010000000000000e-02
  4.933557297153213e-01   1.265571957307645e-01  -5.010000000000000e-02
  4.933552701375125e-01   1.265669444010470e-01  -5.010000000000000e-02
  4.933548029027912e-01   1.265768554915201e-01  -5.010000000000000e-02
  4.933543278886651e-01   1.265869316005177e-01  -5.010000000000000e-02
  4.933539430901683e-01   1.265971793248522e-01  -5.010000000000000e-02
  4.933535930760918e-01   1.266075991066480e-01  -5.010000000000000e-02
  4.933532372461162e-01   1.266181920254844e-01  -5.010000000000000e-02
  4.933528755077337e-01   1.266289608352737e-01  -5.010000000000001e-02
  4.933525077671066e-01   1.266399083295296e-01  -5.010000000000000e-02
  4.933521386521317e-01   1.266510374712543e-01  -5.010000000000000e-02
  4.933518983634101e-01   1.266623547059670e-01  -5.010000000000000e-02
  4.933516540964231e-01   1.266738593109522e-01  -5.010000000000001e-02
  4.933514057883842e-01   1.266855542433627e-01  -5.010000000000000e-02
  4.933511533756207e-01   1.266974425020773e-01  -5.010000000000000e-02
  4.933508967935655e-01   1.267095271281179e-01  -5.010000000000000e-02
  4.933507386435563e-01   1.267218127982781e-01  -5.010000000000000e-02
  4.933506161843075e-01   1.267343016665037e-01  -5.010000000000000e-02
  4.933504917072507e-01   1.267469963186023e-01  -5.010000000000000e-02
  4.933503651808682e-01   1.267598999688682e-01  -5.010000000000000e-02
  4.933502365732089e-01   1.267730158757969e-01  -5.010000000000000e-02
  4.933502180383290e-01   1.267863478311011e-01  -5.010000000000000e-02
  4.933502328690239e-01   1.267998988489281e-01  -5.010000000000000e-02
  4.933502479430246e-01   1.268136721786453e-01  -5.010000000000000e-02
  4.933502632640952e-01   1.268276712596743e-01  -5.010000000000000e-02
  4.933502981548332e-01   1.268418994574317e-01  -5.010000000000000e-02
  4.933504622194953e-01   1.268563596223133e-01  -5.010000000000000e-02
  4.933506289655852e-01   1.268710561201504e-01  -5.010000000000000e-02
  4.933507984342438e-01   1.268859925769968e-01  -5.010000000000001e-02
  4.933509706671527e-01   1.269011726665258e-01  -5.010000000000000e-02
  4.933512673875851e-01   1.269165981250491e-01  -5.010000000000000e-02
  4.933516010755247e-01   1.269322741511759e-01  -5.010000000000000e-02
  4.933519401894290e-01   1.269482050788272e-01  -5.010000000000001e-02
  4.933522848116113e-01   1.269643947749257e-01  -5.010000000000000e-02
  4.933526955399208e-01   1.269808457165117e-01  -5.010000000000000e-02
  4.933531348231393e-01   1.269975627643906e-01  -5.010000000000000e-02
  4.933535812179564e-01   1.270145504461783e-01  -5.010000000000000e-02
  4.933540348311977e-01   1.270318128271554e-01  -5.010000000000000e-02
  4.933544957710135e-01   1.270493540230077e-01  -5.009999999999999e-02
  4.933549641468852e-01   1.270671782000824e-01  -5.010000000000000e-02
  4.933554400696319e-01   1.270852895756311e-01  -5.010000000000000e-02
  4.933559236514162e-01   1.271036924180391e-01  -5.010000000000000e-02
  4.933564150057503e-01   1.271223910470397e-01  -5.010000000000000e-02
  4.933569142475008e-01   1.271413898339139e-01  -5.010000000000001e-02
  4.933574214928935e-01   1.271606932016737e-01  -5.010000000000000e-02
  4.933579368595183e-01   1.271803056252289e-01  -5.010000000000000e-02
  4.933584604663325e-01   1.272002316315364e-01  -5.010000000000000e-02
  4.933588199233047e-01   1.272204794928127e-01  -5.010000000000000e-02
  4.933591601557292e-01   1.272410507405448e-01  -5.010000000000000e-02
  4.933595058054990e-01   1.272619495336443e-01  -5.009999999999999e-02
  4.933598569509647e-01   1.272831806093600e-01  -5.010000000000001e-02
  4.933602136713453e-01   1.273047487574557e-01  -5.010000000000000e-02
  4.933605760467285e-01   1.273266588202376e-01  -5.010000000000000e-02
  4.933609441580715e-01   1.273489156925592e-01  -5.010000000000000e-02
  4.933613180872003e-01   1.273715243218011e-01  -5.010000000000000e-02
  4.933616979168085e-01   1.273944897078259e-01  -5.010000000000001e-02
  4.933620837304568e-01   1.274178169029073e-01  -5.010000000000000e-02
  4.933625589745401e-01   1.274415090511454e-01  -5.010000000000000e-02
  4.933632927181749e-01   1.274655673351925e-01  -5.010000000000000e-02
  4.933640379645174e-01   1.274900027746912e-01  -5.009999999999999e-02
  4.933647948739576e-01   1.275148206285660e-01  -5.010000000000000e-02
  4.933655636084591e-01   1.275400262073536e-01  -5.010000000000000e-02
  4.933663443315525e-01   1.275656248729541e-01  -5.010000000000000e-02
  4.933671372083259e-01   1.275916220383488e-01  -5.010000000000001e-02
  4.933679424054160e-01   1.276180231672834e-01  -5.009999999999999e-02
  4.933687600909966e-01   1.276448337739164e-01  -5.010000000000000e-02
  4.933698109421574e-01   1.276720503293135e-01  -5.010000000000000e-02
  4.933712468754743e-01   1.276996721896933e-01  -5.010000000000000e-02
  4.933727049515351e-01   1.277277199917064e-01  -5.010000000000000e-02
  4.933741854669937e-01   1.277561994418366e-01  -5.010000000000000e-02
  4.933756887210010e-01   1.277851162946021e-01  -5.010000000000000e-02
  4.933772150151743e-01   1.278144763519657e-01  -5.010000000000000e-02
  4.933787646535645e-01   1.278442854627011e-01  -5.009999999999999e-02
  4.933803379426204e-01   1.278745495217133e-01  -5.010000000000000e-02
  4.933825389858040e-01   1.279052355790089e-01  -5.010000000000000e-02
  4.933849323836340e-01   1.279363776835747e-01  -5.009999999999999e-02
  4.933873620680056e-01   1.279679919366714e-01  -5.010000000000000e-02
  4.933898285048092e-01   1.280000844003150e-01  -5.010000000000000e-02
  4.933923321631595e-01   1.280326611784685e-01  -5.009999999999999e-02
  4.933948735153197e-01   1.280657284160664e-01  -5.010000000000000e-02
  4.933976241603846e-01   1.280992769057400e-01  -5.010000000000000e-02
  4.934011273054429e-01   1.281332640538394e-01  -5.009999999999999e-02
  4.934046828052016e-01   1.281677591417820e-01  -5.010000000000000e-02
  4.934082913072909e-01   1.282027684528105e-01  -5.010000000000000e-02
  4.934119534629664e-01   1.282382983053380e-01  -5.010000000000000e-02
  4.934156699269729e-01   1.282743550516302e-01  -5.010000000000000e-02
  4.934197958723655e-01   1.283109038282694e-01  -5.010000000000000e-02
  4.934245958008709e-01   1.283479203529348e-01  -5.010000000000000e-02
  4.934294663313337e-01   1.283854813521878e-01  -5.010000000000000e-02
  4.934344083005784e-01   1.284235932795294e-01  -5.009999999999999e-02
  4.934394225488306e-01   1.284622626146856e-01  -5.010000000000000e-02
  4.934446735873457e-01   1.285014724596106e-01  -5.010000000000000e-02
  4.934508737873325e-01   1.285411276028521e-01  -5.010000000000000e-02
  4.934571638642826e-01   1.285813575797853e-01  -5.010000000000000e-02
  4.934635448411143e-01   1.286221689327773e-01  -5.009999999999999e-02
  4.934700177433932e-01   1.286635682211228e-01  -5.010000000000000e-02
  4.934770757617157e-01   1.287054785674447e-01  -5.010000000000000e-02
  4.934848293326557e-01   1.287478880075493e-01  -5.009999999999999e-02
  4.934926935224254e-01   1.287909024956592e-01  -5.010000000000000e-02
  4.935006695334580e-01   1.288345286086814e-01  -5.010000000000000e-02
  4.935089482545519e-01   1.288787357782520e-01  -5.010000000000000e-02
  4.935182776181267e-01   1.289233843388676e-01  -5.010000000000001e-02
  4.935277382609129e-01   1.289686611768338e-01  -5.010000000000000e-02
  4.935373315521661e-01   1.290145728451470e-01  -5.010000000000000e-02
  4.935473331565911e-01   1.290610650414308e-01  -5.010000000000000e-02
  4.935583558825469e-01   1.291080086625601e-01  -5.010000000000000e-02
  4.935695314410998e-01   1.291556031676505e-01  -5.010000000000000e-02
  4.935808613545591e-01   1.292038550399180e-01  -5.010000000000000e-02
  4.935930585074843e-01   1.292525947188902e-01  -5.010000000000000e-02
  4.936058831547965e-01   1.293018883529466e-01  -5.010000000000000e-02
  4.936188828226331e-01   1.293518547070761e-01  -5.010000000000000e-02
  4.936323424986223e-01   1.294024228832103e-01  -5.010000000000000e-02
  4.936468936674796e-01   1.294534274666562e-01  -5.010000000000000e-02
  4.936616409244965e-01   1.295051193759794e-01  -5.010000000000000e-02
  4.936766993692292e-01   1.295574711145225e-01  -5.010000000000000e-02
  4.936930449027294e-01   1.296101989666859e-01  -5.010000000000000e-02
  4.937096077883650e-01   1.296636279590886e-01  -5.009999999999999e-02
  4.937265689226112e-01   1.297177064844567e-01  -5.010000000000001e-02
  4.937447785213341e-01   1.297721672690158e-01  -5.010000000000000e-02
  4.937632268795220e-01   1.298273421290453e-01  -5.010000000000000e-02
  4.937823700713011e-01   1.298830796542005e-01  -5.010000000000000e-02
  4.938025111125159e-01   1.299392813738139e-01  -5.010000000000000e-02
  4.938229123512566e-01   1.299962091506472e-01  -5.010000000000000e-02
  4.938444906323511e-01   1.300535299743242e-01  -5.010000000000000e-02
  4.938666293175581e-01   1.301114783868440e-01  -5.010000000000001e-02
  4.938893928108615e-01   1.301700286606634e-01  -5.010000000000000e-02
  4.939132987654767e-01   1.302289831399950e-01  -5.010000000000000e-02
  4.939375054650104e-01   1.302886792864284e-01  -5.010000000000000e-02
  4.939631297676775e-01   1.303486573120682e-01  -5.010000000000000e-02
  4.939891490725550e-01   1.304093495937883e-01  -5.010000000000000e-02
  4.940163073223315e-01   1.304704328406608e-01  -5.009999999999999e-02
  4.940441562469422e-01   1.305321100315956e-01  -5.010000000000000e-02
  4.940729969769632e-01   1.305942394161070e-01  -5.010000000000001e-02
  4.941027029116382e-01   1.306568850836817e-01  -5.010000000000000e-02
  4.941333627536124e-01   1.307199978791294e-01  -5.010000000000000e-02
  4.941649541427089e-01   1.307835939167727e-01  -5.010000000000000e-02
  4.941975489829047e-01   1.308476293835620e-01  -5.010000000000000e-02
  4.942310368739745e-01   1.309121653336380e-01  -5.010000000000000e-02
  4.942656741503109e-01   1.309770596940478e-01  -5.009999999999999e-02
  4.943010893865523e-01   1.310425139976055e-01  -5.010000000000000e-02
  4.943378576498403e-01   1.311082073292165e-01  -5.010000000000000e-02
  4.943753259064733e-01   1.311745018824337e-01  -5.010000000000000e-02
  4.944142049801689e-01   1.312409906475466e-01  -5.010000000000000e-02
  4.944539713237979e-01   1.313079683352081e-01  -5.010000000000000e-02
  4.944948082402626e-01   1.313753296495745e-01  -5.010000000000000e-02
  4.945369327884247e-01   1.314429310857185e-01  -5.010000000000000e-02
  4.945799617537451e-01   1.315110080718437e-01  -5.010000000000000e-02
  4.946242973459226e-01   1.315793021734429e-01  -5.010000000000000e-02
  4.946697927484670e-01   1.316478957097016e-01  -5.010000000000000e-02
  4.947162945785560e-01   1.317168890984168e-01  -5.010000000000000e-02
  4.947641299441271e-01   1.317860548726551e-01  -5.010000000000000e-02
  4.948131821045779e-01   1.318554598133426e-01  -5.010000000000000e-02
  4.948633226605231e-01   1.319251900689856e-01  -5.010000000000001e-02
  4.949146684031853e-01   1.319951569693082e-01  -5.010000000000000e-02
  4.949674151555161e-01   1.320652020984555e-01  -5.010000000000000e-02
  4.950213119646888e-01   1.321355023658503e-01  -5.010000000000000e-02
  4.950763887487344e-01   1.322060294034152e-01  -5.010000000000000e-02
  4.951327173772279e-01   1.322767187371950e-01  -5.010000000000000e-02
  4.951904615586287e-01   1.323474239989173e-01  -5.010000000000000e-02
  4.952494196819545e-01   1.324182953894471e-01  -5.010000000000000e-02
  4.953096136486607e-01   1.324893054790429e-01  -5.010000000000001e-02
  4.953710619925628e-01   1.325604280996540e-01  -5.010000000000000e-02
  4.954337783412788e-01   1.326316398171330e-01  -5.010000000000000e-02
  4.954979146793591e-01   1.327027897468611e-01  -5.010000000000000e-02
  4.955633265812505e-01   1.327739904715888e-01  -5.010000000000000e-02
  4.956300176868463e-01   1.328452251024987e-01  -5.010000000000000e-02
  4.956979957340651e-01   1.329164721743200e-01  -5.010000000000000e-02
  4.957672650538919e-01   1.329877124629060e-01  -5.010000000000000e-02
  4.958378294721994e-01   1.330589263316923e-01  -5.010000000000000e-02
  4.959096937969862e-01   1.331300923537344e-01  -5.010000000000000e-02
  4.959828577284776e-01   1.332011933854977e-01  -5.010000000000000e-02
  4.960573350298005e-01   1.332721967424840e-01  -5.010000000000000e-02
  4.961331435174770e-01   1.333430634097815e-01  -5.010000000000000e-02
  4.962102335379671e-01   1.334138263459331e-01  -5.010000000000000e-02
  4.962886074637004e-01   1.334844634835007e-01  -5.010000000000000e-02
  4.963682655520447e-01   1.335549542040694e-01  -5.009999999999999e-02
  4.964491900590975e-01   1.336252978313281e-01  -5.010000000000000e-02
  4.965313825085385e-01   1.336954711230097e-01  -5.010000000000000e-02
  4.966148327423199e-01   1.337654640186680e-01  -5.009999999999999e-02
  4.966995337114770e-01   1.338352621907487e-01  -5.010000000000000e-02
  4.967854784888719e-01   1.339048507478099e-01  -5.010000000000000e-02
  4.968726524600983e-01   1.339742239023510e-01  -5.010000000000000e-02
  4.969610476306463e-01   1.340433671826432e-01  -5.010000000000000e-02
  4.970506526747480e-01   1.341122700602211e-01  -5.010000000000000e-02
  4.971414577425992e-01   1.341809195325835e-01  -5.010000000000000e-02
  4.972334477186146e-01   1.342493093504885e-01  -5.010000000000000e-02
  4.973266066718005e-01   1.343174340506115e-01  -5.010000000000000e-02
  4.974209233070346e-01   1.343852816377328e-01  -5.010000000000000e-02
  4.975163822474528e-01   1.344528454353060e-01  -5.010000000000000e-02
  4.976129683758166e-01   1.345201180887082e-01  -5.010000000000000e-02
  4.977106702264756e-01   1.345870866481227e-01  -5.010000000000000e-02
  4.978094698257904e-01   1.346537473216786e-01  -5.010000000000001e-02
  4.979093492350201e-01   1.347200960221466e-01  -5.009999999999999e-02
  4.980102918307769e-01   1.347861265364844e-01  -5.010000000000001e-02
  4.981122787658682e-01   1.348518358182260e-01  -5.010000000000001e-02
  4.982152952183696e-01   1.349172142805599e-01  -5.010000000000001e-02
  4.983193222552312e-01   1.349822585396191e-01  -5.010000000000001e-02
  4.984243423221596e-01   1.350469626978494e-01  -5.009999999999999e-02
  4.985303320920229e-01   1.351113301459917e-01  -5.010000000000000e-02
  4.986372802181492e-01   1.351753441742753e-01  -5.010000000000000e-02
  4.987451616659024e-01   1.352390107241622e-01  -5.010000000000000e-02
  4.988539606192062e-01   1.353023197944776e-01  -5.010000000000001e-02
  4.989636517566928e-01   1.353652776711883e-01  -5.010000000000000e-02
  4.990742209796925e-01   1.354278707321938e-01  -5.010000000000000e-02
  4.991856478256332e-01   1.354900962924561e-01  -5.010000000000000e-02
  4.992979111445023e-01   1.355519525636841e-01  -5.010000000000000e-02
  4.994109855736511e-01   1.356134453894085e-01  -5.010000000000000e-02
  4.995248562768198e-01   1.356745609659379e-01  -5.010000000000000e-02
  4.996394991863277e-01   1.357353024454991e-01  -5.010000000000001e-02
  4.997548909348434e-01   1.357956714668424e-01  -5.010000000000000e-02
  4.998710150629753e-01   1.358556562469453e-01  -5.010000000000000e-02
  4.999878502434833e-01   1.359152540552512e-01  -5.010000000000000e-02
  5.001053718128343e-01   1.359744684942976e-01  -5.010000000000000e-02
  5.002235606418385e-01   1.360332919984366e-01  -5.010000000000000e-02
  5.003423934885277e-01   1.360917251086243e-01  -5.010000000000000e-02
  5.004618486691341e-01   1.361497648928481e-01  -5.010000000000000e-02
  5.005819062503678e-01   1.362074046926342e-01  -5.010000000000000e-02
  5.007025428192361e-01   1.362646447941119e-01  -5.010000000000000e-02
  5.008237356091917e-01   1.363214840143986e-01  -5.010000000000000e-02
  5.009454638875972e-01   1.363779166510711e-01  -5.010000000000001e-02
  5.010677071578260e-01   1.364339362733184e-01  -5.010000000000000e-02
  5.011904412611069e-01   1.364895442280585e-01  -5.010000000000000e-02
  5.013136425219331e-01   1.365447407457224e-01  -5.010000000000000e-02
  5.014372921445884e-01   1.365995150923681e-01  -5.010000000000000e-02
  5.015613662618867e-01   1.366538676993131e-01  -5.010000000000000e-02
  5.016858491357749e-01   1.367077801714361e-01  -5.010000000000000e-02
  5.018107213779717e-01   1.367612418575321e-01  -5.010000000000000e-02
  5.019359536314538e-01   1.368142654414060e-01  -5.010000000000000e-02
  5.020615223724063e-01   1.368668503646992e-01  -5.010000000000001e-02
  5.021874055550308e-01   1.369189925564378e-01  -5.010000000000001e-02
  5.023135799501479e-01   1.369706908353003e-01  -5.010000000000000e-02
  5.024400240413275e-01   1.370219398524115e-01  -5.010000000000000e-02
  5.025667167480148e-01   1.370727331960674e-01  -5.010000000000000e-02
  5.026936354581364e-01   1.371230683081827e-01  -5.009999999999999e-02
  5.028207565192525e-01   1.371729453764392e-01  -5.010000000000000e-02
  5.029480578543644e-01   1.372223607786780e-01  -5.010000000000000e-02
  5.030755291951720e-01   1.372712801943666e-01  -5.010000000000000e-02
  5.032031538716901e-01   1.373196849106213e-01  -5.010000000000000e-02
  5.033308949200560e-01   1.373676101859704e-01  -5.010000000000000e-02
  5.034587319416628e-01   1.374150485007848e-01  -5.010000000000000e-02
  5.035866419707615e-01   1.374619995218202e-01  -5.010000000000000e-02
  5.037146020797261e-01   1.375084631770806e-01  -5.010000000000000e-02
  5.038425909114165e-01   1.375544354618052e-01  -5.010000000000000e-02
  5.039705885611833e-01   1.375999086986270e-01  -5.010000000000000e-02
  5.040985891628986e-01   1.376448351552238e-01  -5.010000000000000e-02
  5.042265685826144e-01   1.376892181748695e-01  -5.010000000000000e-02
  5.043544945712934e-01   1.377330858570445e-01  -5.010000000000001e-02
  5.044823429468629e-01   1.377764445778700e-01  -5.010000000000000e-02
  5.046100934716798e-01   1.378192896241170e-01  -5.010000000000000e-02
  5.047377273254194e-01   1.378616127762704e-01  -5.010000000000000e-02
  5.048652263742911e-01   1.379034039005277e-01  -5.010000000000000e-02
  5.049925989053277e-01   1.379445707677136e-01  -5.010000000000000e-02
  5.051197890105201e-01   1.379852196255081e-01  -5.010000000000000e-02
  5.052467802065412e-01   1.380253372586199e-01  -5.010000000000000e-02
  5.053735529970242e-01   1.380649207539111e-01  -5.009999999999999e-02
  5.055000856482654e-01   1.381039751152707e-01  -5.010000000000000e-02
  5.056263858607076e-01   1.381424090708921e-01  -5.010000000000000e-02
  5.057524197162008e-01   1.381802666163455e-01  -5.010000000000000e-02
  5.058781549604697e-01   1.382175899791949e-01  -5.010000000000000e-02
  5.060035722269091e-01   1.382543803955159e-01  -5.010000000000000e-02
  5.061286526790383e-01   1.382906384458757e-01  -5.010000000000000e-02
  5.062534184535552e-01   1.383262211547253e-01  -5.010000000000000e-02
  5.063778148177680e-01   1.383612532301371e-01  -5.010000000000000e-02
  5.065018200076377e-01   1.383957485132484e-01  -5.010000000000000e-02
  5.066254165268118e-01   1.384297075521325e-01  -5.010000000000000e-02
  5.067486066088451e-01   1.384630583632128e-01  -5.010000000000001e-02
  5.068713753965506e-01   1.384957897407287e-01  -5.010000000000000e-02
  5.069936820548600e-01   1.385279914083480e-01  -5.010000000000000e-02
  5.071155093121902e-01   1.385596685512650e-01  -5.010000000000000e-02
  5.072368613335467e-01   1.385907433393850e-01  -5.010000000000000e-02
  5.073577295607877e-01   1.386211843684849e-01  -5.010000000000000e-02
  5.074780686809993e-01   1.386511099594373e-01  -5.010000000000000e-02
  5.075978625885350e-01   1.386805270831455e-01  -5.010000000000000e-02
  5.077171330410996e-01   1.387092861041807e-01  -5.010000000000001e-02
  5.078358420428356e-01   1.387374816949799e-01  -5.010000000000000e-02
  5.079539594556340e-01   1.387651837144928e-01  -5.010000000000000e-02
  5.080714812024522e-01   1.387923542044678e-01  -5.010000000000000e-02
  5.081884272266314e-01   1.388188459916539e-01  -5.010000000000000e-02
  5.083047387275120e-01   1.388448600583190e-01  -5.010000000000001e-02
  5.084204021336845e-01   1.388704057353766e-01  -5.010000000000000e-02
  5.085354533205467e-01   1.388952632793035e-01  -5.010000000000000e-02
  5.086498367308442e-01   1.389196317052402e-01  -5.010000000000000e-02
  5.087635336831839e-01   1.389435500453275e-01  -5.010000000000000e-02
  5.088765724290307e-01   1.389668310281115e-01  -5.010000000000000e-02
  5.089889145021012e-01   1.389896061786080e-01  -5.010000000000000e-02
  5.091005344715019e-01   1.390119550318616e-01  -5.010000000000000e-02
  5.092114619892560e-01   1.390336797868327e-01  -5.010000000000000e-02
  5.093216584507855e-01   1.390549255488399e-01  -5.010000000000000e-02
  5.094311005122603e-01   1.390757718259745e-01  -5.010000000000000e-02
  5.095398274733508e-01   1.390959643419630e-01  -5.010000000000000e-02
  5.096477848058643e-01   1.391157481481977e-01  -5.010000000000000e-02
  5.097549670721903e-01   1.391351160833041e-01  -5.010000000000000e-02
  5.098614038642764e-01   1.391538585974303e-01  -5.010000000000000e-02
  5.099670390265363e-01   1.391722526673268e-01  -5.010000000000000e-02
  5.100718926334138e-01   1.391901480596887e-01  -5.010000000000000e-02
  5.101759556128277e-01   1.392075564186641e-01  -5.010000000000000e-02
  5.102791946318981e-01   1.392246458863759e-01  -5.010000000000000e-02
  5.103816537101010e-01   1.392411130582041e-01  -5.010000000000000e-02
  5.104832762962865e-01   1.392572728836814e-01  -5.010000000000001e-02
  5.105840816341357e-01   1.392729785316542e-01  -5.010000000000000e-02
  5.106840627303038e-01   1.392882415272812e-01  -5.009999999999999e-02
  5.107831945873461e-01   1.393032030839048e-01  -5.010000000000000e-02
  5.108815118387122e-01   1.393176040982485e-01  -5.010000000000000e-02
  5.109789639257563e-01   1.393317644575475e-01  -5.010000000000000e-02
  5.110755866573399e-01   1.393454169986906e-01  -5.010000000000000e-02
  5.111713461502917e-01   1.393587775001686e-01  -5.010000000000000e-02
  5.112662556931633e-01   1.393717374783529e-01  -5.010000000000000e-02
  5.113603072461113e-01   1.393843359887311e-01  -5.010000000000000e-02
  5.114534924999936e-01   1.393966260529275e-01  -5.010000000000000e-02
  5.115458232700808e-01   1.394085026894102e-01  -5.010000000000000e-02
  5.116372759350653e-01   1.394201433707196e-01  -5.010000000000000e-02
  5.117278762351989e-01   1.394313349325383e-01  -5.010000000000000e-02
  5.118175906493161e-01   1.394423449369775e-01  -5.010000000000001e-02
  5.119064522620355e-01   1.394528978078702e-01  -5.010000000000000e-02
  5.119944236511106e-01   1.394633077809924e-01  -5.010000000000000e-02
  5.120815421899325e-01   1.394732577844640e-01  -5.010000000000000e-02
  5.121677696328441e-01   1.394830853232808e-01  -5.010000000000000e-02
  5.122531426209023e-01   1.394924727371752e-01  -5.010000000000000e-02
  5.123376264838029e-01   1.395017428598957e-01  -5.010000000000000e-02
  5.124212540814876e-01   1.395106051928646e-01  -5.010000000000000e-02
  5.125039971044900e-01   1.395193403447971e-01  -5.010000000000000e-02
  5.125858816639102e-01   1.395277152812257e-01  -5.010000000000000e-02
  5.126668883851036e-01   1.395359396455440e-01  -5.010000000000000e-02
  5.127470344185938e-01   1.395438642980833e-01  -5.010000000000001e-02
  5.128263111875562e-01   1.395516029598773e-01  -5.010000000000000e-02
  5.129047254220954e-01   1.395591120442877e-01  -5.010000000000000e-02
  5.129822805452899e-01   1.395663885567385e-01  -5.009999999999999e-02
  5.130589717240084e-01   1.395735150495112e-01  -5.010000000000001e-02
  5.131348151525795e-01   1.395803535702875e-01  -5.010000000000000e-02
  5.132097951798639e-01   1.395871142413707e-01  -5.010000000000000e-02
  5.132839370468724e-01   1.395935551181847e-01  -5.010000000000000e-02
  5.133572243064957e-01   1.395999075799500e-01  -5.010000000000000e-02
  5.134296715203294e-01   1.396060488379351e-01  -5.010000000000000e-02
  5.135012795782787e-01   1.396120192642491e-01  -5.009999999999999e-02
  5.135720470866856e-01   1.396178865727387e-01  -5.010000000000000e-02
  5.136419913578685e-01   1.396234954631905e-01  -5.010000000000000e-02
  5.137111014762845e-01   1.396290374622242e-01  -5.010000000000000e-02
  5.137793925629640e-01   1.396343824054614e-01  -5.010000000000000e-02
  5.138468648863150e-01   1.396395904823773e-01  -5.010000000000001e-02
  5.139135185909030e-01   1.396447246015082e-01  -5.010000000000000e-02
  5.139793709972406e-01   1.396496254041177e-01  -5.010000000000000e-02
  5.140444143343685e-01   1.396544659949792e-01  -5.010000000000000e-02
  5.141086587571094e-01   1.396591821116826e-01  -5.009999999999999e-02
  5.141721123261138e-01   1.396637395100540e-01  -5.010000000000000e-02
  5.142347732510419e-01   1.396682399786911e-01  -5.010000000000000e-02
  5.142966538650835e-01   1.396725901869470e-01  -5.010000000000000e-02
  5.143577571062575e-01   1.396768310783769e-01  -5.010000000000000e-02
  5.144180849664316e-01   1.396810181542224e-01  -5.010000000000000e-02
  5.144776500332278e-01   1.396850548408039e-01  -5.010000000000000e-02
  5.145364535688035e-01   1.396890113416174e-01  -5.010000000000000e-02
  5.145944997043636e-01   1.396929168819956e-01  -5.010000000000000e-02
  5.146518007239740e-01   1.396966795400698e-01  -5.010000000000000e-02
  5.147083581309297e-01   1.397003709628967e-01  -5.010000000000000e-02
  5.147641767075913e-01   1.397040141633039e-01  -5.010000000000000e-02
  5.148192668416329e-01   1.397075466432644e-01  -5.010000000000000e-02
  5.148736323902324e-01   1.397110079446405e-01  -5.010000000000000e-02
  5.149272781692362e-01   1.397144234203135e-01  -5.010000000000000e-02
  5.149802130936719e-01   1.397177545293540e-01  -5.010000000000000e-02
  5.150324436171135e-01   1.397210024274209e-01  -5.010000000000000e-02
  5.150839738030296e-01   1.397242067757634e-01  -5.010000000000000e-02
  5.151348107040681e-01   1.397273600328540e-01  -5.010000000000000e-02
  5.151849634566972e-01   1.397304212561020e-01  -5.009999999999999e-02
  5.152344355867559e-01   1.397334409355159e-01  -5.010000000000000e-02
  5.152832337252581e-01   1.397364194758395e-01  -5.010000000000000e-02
  5.153313661277453e-01   1.397393307362919e-01  -5.010000000000000e-02
  5.153788388234375e-01   1.397421855390799e-01  -5.010000000000000e-02
  5.154256574697969e-01   1.397450010101671e-01  -5.010000000000000e-02
  5.154718287448318e-01   1.397477775511403e-01  -5.010000000000000e-02
  5.155173608731682e-01   1.397504897855656e-01  -5.010000000000000e-02
  5.155622591197113e-01   1.397531618392239e-01  -5.010000000000000e-02
  5.156065300215506e-01   1.397557965573772e-01  -5.010000000000000e-02
  5.156501802648550e-01   1.397583942345350e-01  -5.010000000000000e-02
  5.156932170453601e-01   1.397609464876670e-01  -5.010000000000000e-02
  5.157356464935757e-01   1.397634627235664e-01  -5.010000000000000e-02
  5.157774752647366e-01   1.397659433369151e-01  -5.010000000000000e-02
  5.158187100012089e-01   1.397683887216319e-01  -5.010000000000000e-02
  5.158593574087745e-01   1.397707979476567e-01  -5.010000000000000e-02
  5.158994240285298e-01   1.397731725732593e-01  -5.010000000000000e-02
  5.159389164410507e-01   1.397755131673612e-01  -5.010000000000001e-02
  5.159778412164445e-01   1.397778201193524e-01  -5.010000000000000e-02
  5.160162044889487e-01   1.397801007636667e-01  -5.010000000000000e-02
  5.160540127799365e-01   1.397823555063252e-01  -5.009999999999999e-02
  5.160912730116593e-01   1.397845775648138e-01  -5.010000000000000e-02
  5.161279916520611e-01   1.397867673248562e-01  -5.010000000000000e-02
  5.161641751394616e-01   1.397889251704092e-01  -5.010000000000000e-02
  5.161998286506830e-01   1.397910719916914e-01  -5.010000000000000e-02
  5.162349595192739e-01   1.397931921846245e-01  -5.009999999999999e-02
  5.162695743793192e-01   1.397952812357807e-01  -5.010000000000000e-02
  5.163036795358783e-01   1.397973395256785e-01  -5.010000000000000e-02
  5.163372812574557e-01   1.397993674326300e-01  -5.010000000000000e-02
  5.163703841099544e-01   1.398013926765602e-01  -5.010000000000000e-02
  5.164029955013072e-01   1.398033956578451e-01  -5.009999999999999e-02
  5.164351220635604e-01   1.398053688610810e-01  -5.010000000000000e-02
  5.164667699071623e-01   1.398073126615696e-01  -5.009999999999999e-02
  5.164979451005703e-01   1.398092274320336e-01  -5.010000000000000e-02
  5.165286527562788e-01   1.398111282385139e-01  -5.010000000000000e-02
  5.165588980257871e-01   1.398130288117737e-01  -5.010000000000001e-02
  5.165886886294741e-01   1.398149008144267e-01  -5.010000000000000e-02
  5.166180304585850e-01   1.398167446166710e-01  -5.010000000000000e-02
  5.166469293582625e-01   1.398185605858079e-01  -5.010000000000000e-02
  5.166753911268668e-01   1.398203490861987e-01  -5.010000000000000e-02
  5.167034201567519e-01   1.398221317895590e-01  -5.010000000000000e-02
  5.167310216639106e-01   1.398239166923294e-01  -5.010000000000000e-02
  5.167582031970252e-01   1.398256744366976e-01  -5.010000000000000e-02
  5.167849703607778e-01   1.398274053851006e-01  -5.010000000000000e-02
  5.168113287103341e-01   1.398291098967737e-01  -5.010000000000001e-02
  5.168372837509173e-01   1.398307883277223e-01  -5.010000000000000e-02
  5.168628409374204e-01   1.398324410306971e-01  -5.010000000000000e-02
  5.168880023991125e-01   1.398341181587611e-01  -5.010000000000000e-02
  5.169127765016334e-01   1.398357742466627e-01  -5.009999999999999e-02
  5.169371688639357e-01   1.398374048161683e-01  -5.010000000000000e-02
  5.169611847356732e-01   1.398390102182044e-01  -5.010000000000000e-02
  5.169848293147619e-01   1.398405908002390e-01  -5.009999999999999e-02
  5.170081077471953e-01   1.398421469062690e-01  -5.009999999999999e-02
  5.170310251268897e-01   1.398436788768102e-01  -5.010000000000000e-02
  5.170535836854348e-01   1.398452282522899e-01  -5.010000000000000e-02
  5.170757899504117e-01   1.398467728128348e-01  -5.010000000000000e-02
  5.170976501944192e-01   1.398482933058323e-01  -5.010000000000000e-02
  5.171191693011810e-01   1.398497900709704e-01  -5.010000000000000e-02
  5.171403521019929e-01   1.398512634442909e-01  -5.010000000000000e-02
  5.171612033757280e-01   1.398527137581890e-01  -5.010000000000000e-02
  5.171817278488635e-01   1.398541413414158e-01  -5.010000000000001e-02
  5.172019301955307e-01   1.398555465190811e-01  -5.010000000000000e-02
  5.172218128181306e-01   1.398569608454774e-01  -5.010000000000000e-02
  5.172413805557470e-01   1.398583808472531e-01  -5.010000000000000e-02
  5.172606399417362e-01   1.398597784724073e-01  -5.010000000000000e-02
  5.172795954408125e-01   1.398611540449377e-01  -5.010000000000000e-02
  5.172982514659099e-01   1.398625078850844e-01  -5.010000000000000e-02
  5.173166123783500e-01   1.398638403093421e-01  -5.010000000000000e-02
  5.173346824880236e-01   1.398651516304731e-01  -5.010000000000000e-02
  5.173524660535909e-01   1.398664421575222e-01  -5.010000000000000e-02
  5.173699672826942e-01   1.398677121958317e-01  -5.010000000000000e-02
  5.173871895864662e-01   1.398689720788355e-01  -5.010000000000000e-02
  5.174041341333737e-01   1.398702616256370e-01  -5.009999999999999e-02
  5.174208087335622e-01   1.398715306284293e-01  -5.010000000000001e-02
  5.174372173919807e-01   1.398727793920048e-01  -5.009999999999999e-02
  5.174533640638491e-01   1.398740082173713e-01  -5.010000000000000e-02
  5.174692526549494e-01   1.398752174017741e-01  -5.010000000000000e-02
  5.174848870219276e-01   1.398764072387193e-01  -5.010000000000000e-02
  5.175002709726060e-01   1.398775780179972e-01  -5.010000000000000e-02
  5.175154082663045e-01   1.398787300257067e-01  -5.010000000000001e-02
  5.175303026141718e-01   1.398798635442811e-01  -5.010000000000000e-02
  5.175449576795241e-01   1.398809788525129e-01  -5.010000000000000e-02
  5.175593763504535e-01   1.398820855335274e-01  -5.010000000000000e-02
  5.175735590630244e-01   1.398832239260237e-01  -5.010000000000000e-02
  5.175875132734654e-01   1.398843439775215e-01  -5.010000000000000e-02
  5.176012424561847e-01   1.398854459668983e-01  -5.010000000000000e-02
  5.176147500395794e-01   1.398865301693386e-01  -5.009999999999999e-02
  5.176280394064160e-01   1.398875968563642e-01  -5.010000000000000e-02
  5.176411138942159e-01   1.398886462958653e-01  -5.010000000000000e-02
  5.176539767956446e-01   1.398896787521316e-01  -5.010000000000000e-02
  5.176666313589078e-01   1.398906944858843e-01  -5.010000000000000e-02
  5.176790807881495e-01   1.398916937543078e-01  -5.009999999999999e-02
  5.176913282438544e-01   1.398926768110822e-01  -5.009999999999999e-02
  5.177033768432547e-01   1.398936439064160e-01  -5.010000000000000e-02
  5.177152296607384e-01   1.398945952870786e-01  -5.010000000000000e-02
  5.177268897282618e-01   1.398955311964337e-01  -5.010000000000000e-02
  5.177383692360472e-01   1.398963253685580e-01  -5.010000000000000e-02
  5.177496650416158e-01   1.398970617901557e-01  -5.010000000000000e-02
  5.177607767420226e-01   1.398977862091551e-01  -5.010000000000000e-02
  5.177717135795232e-01   1.398983713019253e-01  -5.010000000000000e-02
  5.177824819503882e-01   1.398987458788194e-01  -5.010000000000000e-02
  5.177930744374695e-01   1.398991143376106e-01  -5.010000000000001e-02
  5.178034937945668e-01   1.398994767740896e-01  -5.010000000000000e-02
  5.178137478634798e-01   1.398995669704570e-01  -5.010000000000000e-02
  5.178238350928206e-01   1.398996045893197e-01  -5.010000000000000e-02
  5.178337571215166e-01   1.398996415920906e-01  -5.010000000000001e-02
  5.178435162155277e-01   1.398996514749078e-01  -5.010000000000000e-02
  5.178531116349641e-01   1.398993729730806e-01  -5.010000000000000e-02
  5.178625496104967e-01   1.398990990409769e-01  -5.010000000000000e-02
  5.178718326310738e-01   1.398988296063566e-01  -5.010000000000000e-02
  5.178809614844514e-01   1.398985286060206e-01  -5.010000000000000e-02
  5.178899276279931e-01   1.398979590554631e-01  -5.010000000000000e-02
  5.178987463028549e-01   1.398973988724634e-01  -5.010000000000000e-02
  5.179074198519242e-01   1.398968479081959e-01  -5.010000000000000e-02
  5.179159505836094e-01   1.398963060160251e-01  -5.010000000000000e-02
  5.179243177645420e-01   1.398954917955645e-01  -5.010000000000000e-02
  5.179325451341754e-01   1.398946679143217e-01  -5.010000000000000e-02
  5.179406368132608e-01   1.398938576210057e-01  -5.009999999999999e-02
  5.179485949699629e-01   1.398930606984987e-01  -5.010000000000000e-02
  5.179564030740375e-01   1.398921219361952e-01  -5.010000000000000e-02
  5.179640634820385e-01   1.398910432212153e-01  -5.010000000000001e-02
  5.179715972925950e-01   1.398899823332963e-01  -5.010000000000000e-02
  5.179790065371511e-01   1.398889389863765e-01  -5.009999999999999e-02
  5.179862932165756e-01   1.398879128986998e-01  -5.010000000000000e-02
  5.179934173902278e-01   1.398866469142312e-01  -5.010000000000000e-02
  5.180004147808558e-01   1.398853478118980e-01  -5.010000000000000e-02
  5.180072962583477e-01   1.398840702294474e-01  -5.010000000000000e-02
  5.180140636917980e-01   1.398828138198724e-01  -5.010000000000000e-02
  5.180207189218626e-01   1.398815782414455e-01  -5.010000000000000e-02
  5.180272051590983e-01   1.398800848849765e-01  -5.010000000000000e-02
  5.180335766632573e-01   1.398785825967226e-01  -5.010000000000000e-02
  5.180398423936817e-01   1.398771052480489e-01  -5.010000000000000e-02
  5.180460040635939e-01   1.398756524350078e-01  -5.010000000000000e-02
  5.180520633598925e-01   1.398742237598584e-01  -5.010000000000000e-02
  5.180579640052502e-01   1.398725999191033e-01  -5.010000000000000e-02
  5.180637397937826e-01   1.398709020348332e-01  -5.010000000000000e-02
  5.180694195075698e-01   1.398692323932520e-01  -5.010000000000000e-02
  5.180750047091018e-01   1.398675905350411e-01  -5.010000000000001e-02
  5.180804969366466e-01   1.398659760080022e-01  -5.010000000000000e-02
  5.180858792053437e-01   1.398643318330720e-01  -5.010000000000000e-02
  5.180910855911650e-01   1.398624515514622e-01  -5.010000000000000e-02
  5.180962052157945e-01   1.398606026035796e-01  -5.010000000000000e-02
  5.181012394955308e-01   1.398587844779292e-01  -5.010000000000000e-02
  5.181061898245400e-01   1.398569966710093e-01  -5.010000000000001e-02
  5.181110575751672e-01   1.398552386871987e-01  -5.010000000000000e-02
  5.181157986562264e-01   1.398533967368428e-01  -5.010000000000000e-02
  5.181203754475142e-01   1.398513732250903e-01  -5.010000000000001e-02
  5.181248758175193e-01   1.398493835010624e-01  -5.010000000000000e-02
  5.181293010188323e-01   1.398474270109581e-01  -5.010000000000000e-02
  5.181336522842979e-01   1.398455032097065e-01  -5.010000000000001e-02
  5.181379308272993e-01   1.398436115608410e-01  -5.010000000000000e-02
  5.181421131724764e-01   1.398417012696179e-01  -5.010000000000000e-02
  5.181460906474784e-01   1.398395479905893e-01  -5.010000000000000e-02
  5.181500015890068e-01   1.398374307306768e-01  -5.010000000000000e-02
  5.181538470915799e-01   1.398353488973426e-01  -5.010000000000000e-02
  5.181576282323273e-01   1.398333019074631e-01  -5.010000000000000e-02
  5.181613460712448e-01   1.398312891871899e-01  -5.009999999999999e-02
  5.181650016514480e-01   1.398293101718135e-01  -5.010000000000000e-02
  5.181684913805257e-01   1.398271904626418e-01  -5.010000000000000e-02
  5.181718367908490e-01   1.398249636142607e-01  -5.010000000000000e-02
  5.181751261356684e-01   1.398227740854801e-01  -5.010000000000000e-02
  5.181783603408134e-01   1.398206212600281e-01  -5.010000000000000e-02
  5.181815403172869e-01   1.398185045315023e-01  -5.010000000000000e-02
  5.181846669614858e-01   1.398164233032226e-01  -5.010000000000001e-02
  5.181877411554207e-01   1.398143769880846e-01  -5.010000000000000e-02
  5.181906626698805e-01   1.398122292294854e-01  -5.010000000000000e-02
  5.181934098332750e-01   1.398099492060848e-01  -5.010000000000000e-02
  5.181961108805928e-01   1.398077074569762e-01  -5.010000000000000e-02
  5.181987665759323e-01   1.398055033479921e-01  -5.010000000000000e-02
  5.182013776710681e-01   1.398033362551927e-01  -5.010000000000000e-02
  5.182039449056388e-01   1.398012055647112e-01  -5.010000000000000e-02
  5.182064690073314e-01   1.397991106725995e-01  -5.010000000000000e-02
  5.182089506920644e-01   1.397970509846772e-01  -5.010000000000000e-02
  5.182112069188194e-01   1.397948296406014e-01  -5.010000000000000e-02
  5.182133516473765e-01   1.397925670563251e-01  -5.010000000000001e-02
  5.182154603126417e-01   1.397903425170672e-01  -5.009999999999999e-02
  5.182175335141674e-01   1.397881553903287e-01  -5.010000000000000e-02
  5.182195718417688e-01   1.397860050538838e-01  -5.010000000000000e-02
  5.182215758756731e-01   1.397838908956206e-01  -5.010000000000000e-02
  5.182235461866688e-01   1.397818123133853e-01  -5.010000000000001e-02
  5.182254833362514e-01   1.397797687148274e-01  -5.009999999999999e-02
  5.182273488210322e-01   1.397777271646609e-01  -5.010000000000000e-02
  5.182289412117294e-01   1.397755197816946e-01  -5.010000000000000e-02
  5.182305067876093e-01   1.397733495696125e-01  -5.010000000000000e-02
  5.182320459957788e-01   1.397712159086328e-01  -5.010000000000000e-02
  5.182335592760382e-01   1.397691181891008e-01  -5.010000000000000e-02
  5.182350470609964e-01   1.397670558113311e-01  -5.010000000000000e-02
  5.182365097761834e-01   1.397650281854514e-01  -5.010000000000000e-02
  5.182379478401612e-01   1.397630347312476e-01  -5.010000000000000e-02
  5.182393616646339e-01   1.397610748780130e-01  -5.010000000000000e-02
  5.182407516545554e-01   1.397591480643977e-01  -5.010000000000000e-02
  5.182420142620468e-01   1.397571896931371e-01  -5.010000000000000e-02
  5.182430735979099e-01   1.397551522216046e-01  -5.010000000000000e-02
  5.182441150674023e-01   1.397531491133209e-01  -5.010000000000000e-02
  5.182451389693614e-01   1.397511797935178e-01  -5.010000000000000e-02
  5.182461455977093e-01   1.397492436968802e-01  -5.010000000000000e-02
  5.182471352415321e-01   1.397473402673956e-01  -5.010000000000000e-02
  5.182481081851554e-01   1.397454689582064e-01  -5.010000000000000e-02
  5.182490647082211e-01   1.397436292314643e-01  -5.009999999999999e-02
  5.182500050857613e-01   1.397418205581865e-01  -5.010000000000000e-02
  5.182509295882722e-01   1.397400424181149e-01  -5.010000000000000e-02
  5.182518384817866e-01   1.397382942995758e-01  -5.010000000000000e-02
  5.182527320279449e-01   1.397365756993437e-01  -5.010000000000000e-02
  5.182534166498565e-01   1.397348035525642e-01  -5.009999999999999e-02
  5.182540161122503e-01   1.397330299862850e-01  -5.010000000000000e-02
  5.182546054486394e-01   1.397312863787497e-01  -5.010000000000000e-02
  5.182551848289216e-01   1.397295722272998e-01  -5.010000000000000e-02
  5.182557544201827e-01   1.397278870375964e-01  -5.010000000000001e-02
  5.182563143867416e-01   1.397262303234861e-01  -5.010000000000000e-02
  5.182568648901951e-01   1.397246016068696e-01  -5.010000000000000e-02
  5.182574060894618e-01   1.397230004175714e-01  -5.010000000000000e-02
  5.182579381408249e-01   1.397214262932122e-01  -5.010000000000000e-02
  5.182584611979755e-01   1.397198787790830e-01  -5.010000000000000e-02
  5.182589754120536e-01   1.397183574280210e-01  -5.010000000000000e-02
  5.182594809316904e-01   1.397168618002876e-01  -5.010000000000001e-02
  5.182599779030479e-01   1.397153914634481e-01  -5.010000000000000e-02
  5.182604664698597e-01   1.397139459922533e-01  -5.010000000000000e-02
  5.182609467734700e-01   1.397125249685230e-01  -5.010000000000000e-02
