888
  4.930539978523240e-01   1.259912605220510e-01  -5.010000000000000e-02
  4.930528143996185e-01   1.259921821725779e-01  -5.010000000000000e-02
  4.930516160489327e-01   1.259931154253693e-01  -5.009999999999999e-02
  4.930504026141788e-01   1.259940604253470e-01  -5.010000000000001e-02
  4.930491739069809e-01   1.259950173192144e-01  -5.009999999999999e-02
  4.930479297366494e-01   1.259959862554771e-01  -5.010000000000000e-02
  4.930466699101520e-01   1.259969673844649e-01  -5.010000000000000e-02
  4.930453942320869e-01   1.259979608583530e-01  -5.010000000000000e-02
  4.930441025046547e-01   1.259989668311840e-01  -5.010000000000000e-02
  4.930427945276292e-01   1.259999854588901e-01  -5.010000000000000e-02
  4.930414700983298e-01   1.260010168993151e-01  -5.010000000000000e-02
  4.930402664468047e-01   1.260021965506795e-01  -5.010000000000000e-02
  4.930392309159407e-01   1.260035713652332e-01  -5.010000000000000e-02
  4.930381823639675e-01   1.260049634671617e-01  -5.010000000000000e-02
  4.930371206286155e-01   1.260063730719014e-01  -5.010000000000000e-02
  4.930360455456300e-01   1.260078003975237e-01  -5.010000000000000e-02
  4.930349569487474e-01   1.260092456647669e-01  -5.010000000000000e-02
  4.930338546696729e-01   1.260107090970667e-01  -5.010000000000000e-02
  4.930327385380553e-01   1.260121909205883e-01  -5.010000000000001e-02
  4.930316083814637e-01   1.260136913642584e-01  -5.010000000000000e-02
  4.930304640253628e-01   1.260152106597972e-01  -5.010000000000000e-02
  4.930293052930886e-01   1.260167490417514e-01  -5.010000000000000e-02
  4.930281976309201e-01   1.260183479767757e-01  -5.010000000000000e-02
  4.930272922436285e-01   1.260201028139269e-01  -5.010000000000000e-02
  4.930263754864889e-01   1.260218796883124e-01  -5.010000000000000e-02
  4.930254472181850e-01   1.260236788738333e-01  -5.010000000000000e-02
  4.930245072956818e-01   1.260255006477231e-01  -5.010000000000001e-02
  4.930235555742047e-01   1.260273452905858e-01  -5.010000000000000e-02
  4.930225919072203e-01   1.260292130864356e-01  -5.010000000000000e-02
  4.930216161464150e-01   1.260311043227362e-01  -5.010000000000000e-02
  4.930206281416751e-01   1.260330192904403e-01  -5.010000000000000e-02
  4.930196277410658e-01   1.260349582840308e-01  -5.010000000000001e-02
  4.930186147908102e-01   1.260369216015607e-01  -5.009999999999999e-02
  4.930175891352680e-01   1.260389095446945e-01  -5.010000000000000e-02
  4.930166679222106e-01   1.260409748624734e-01  -5.010000000000000e-02
  4.930158503402574e-01   1.260431175724433e-01  -5.010000000000000e-02
  4.930150225079381e-01   1.260452871464619e-01  -5.010000000000000e-02
  4.930141842982776e-01   1.260474839173046e-01  -5.010000000000000e-02
  4.930133355827667e-01   1.260497082217667e-01  -5.009999999999999e-02
  4.930124762313449e-01   1.260519604007094e-01  -5.010000000000000e-02
  4.930116061123827e-01   1.260542407991061e-01  -5.010000000000000e-02
  4.930107250926633e-01   1.260565497660896e-01  -5.010000000000000e-02
  4.930098330373651e-01   1.260588876549992e-01  -5.010000000000000e-02
  4.930089298100430e-01   1.260612548234285e-01  -5.010000000000000e-02
  4.930080152726104e-01   1.260636516332736e-01  -5.010000000000000e-02
  4.930070892853201e-01   1.260660784507822e-01  -5.010000000000000e-02
  4.930062630304605e-01   1.260685732117163e-01  -5.009999999999999e-02
  4.930055108300757e-01   1.260711276746918e-01  -5.010000000000000e-02
  4.930047492170142e-01   1.260737141029977e-01  -5.010000000000001e-02
  4.930039780751331e-01   1.260763328910542e-01  -5.009999999999999e-02
  4.930031972868980e-01   1.260789844380068e-01  -5.010000000000001e-02
  4.930024067333674e-01   1.260816691477792e-01  -5.010000000000000e-02
  4.930016062941769e-01   1.260843874291273e-01  -5.010000000000000e-02
  4.930007958475235e-01   1.260871396956926e-01  -5.010000000000000e-02
  4.929999752701494e-01   1.260899263660569e-01  -5.010000000000001e-02
  4.929991444373258e-01   1.260927478637978e-01  -5.010000000000000e-02
  4.929983032228366e-01   1.260956046175437e-01  -5.010000000000000e-02
  4.929974514989617e-01   1.260984970610300e-01  -5.010000000000000e-02
  4.929967133634527e-01   1.261014583490841e-01  -5.010000000000000e-02
  4.929960127523261e-01   1.261044689283576e-01  -5.010000000000000e-02
  4.929953033935208e-01   1.261075170970724e-01  -5.010000000000000e-02
  4.929945851795907e-01   1.261106033169309e-01  -5.010000000000001e-02
  4.929938580018156e-01   1.261137280551131e-01  -5.010000000000000e-02
  4.929931217501862e-01   1.261168917843371e-01  -5.010000000000000e-02
  4.929923763133903e-01   1.261200949829192e-01  -5.010000000000000e-02
  4.929916215787992e-01   1.261233381348353e-01  -5.010000000000000e-02
  4.929908574324518e-01   1.261266217297827e-01  -5.010000000000000e-02
  4.929900837590420e-01   1.261299462632420e-01  -5.010000000000000e-02
  4.929893004419026e-01   1.261333122365402e-01  -5.010000000000000e-02
  4.929885373644495e-01   1.261367264573816e-01  -5.010000000000000e-02
  4.929878845076080e-01   1.261402083605364e-01  -5.010000000000000e-02
  4.929872235184807e-01   1.261437336358824e-01  -5.010000000000000e-02
  4.929865542976644e-01   1.261473028135690e-01  -5.010000000000000e-02
  4.929858767445892e-01   1.261509164299703e-01  -5.009999999999999e-02
  4.929851907575053e-01   1.261545750277510e-01  -5.010000000000000e-02
  4.929844962334710e-01   1.261582791559341e-01  -5.010000000000000e-02
  4.929837930683396e-01   1.261620293699682e-01  -5.010000000000000e-02
  4.929830811567469e-01   1.261658262317959e-01  -5.010000000000000e-02
  4.929823603920981e-01   1.261696703099225e-01  -5.010000000000001e-02
  4.929816306665551e-01   1.261735621794852e-01  -5.010000000000000e-02
  4.929809097625313e-01   1.261775054553312e-01  -5.010000000000000e-02
  4.929803012139781e-01   1.261815182960852e-01  -5.010000000000000e-02
  4.929796851055100e-01   1.261855809878071e-01  -5.010000000000001e-02
  4.929790613452364e-01   1.261896941364348e-01  -5.010000000000000e-02
  4.929784298402008e-01   1.261938583549343e-01  -5.010000000000001e-02
  4.929777904963699e-01   1.261980742633722e-01  -5.010000000000000e-02
  4.929771432186224e-01   1.262023424889895e-01  -5.010000000000000e-02
  4.929764879107378e-01   1.262066636662758e-01  -5.009999999999999e-02
  4.929758244753850e-01   1.262110384370434e-01  -5.010000000000000e-02
  4.929751528141111e-01   1.262154674505025e-01  -5.010000000000000e-02
  4.929744728273298e-01   1.262199513633371e-01  -5.010000000000001e-02
  4.929738587969444e-01   1.262245010604258e-01  -5.010000000000000e-02
  4.929732903521638e-01   1.262291144285529e-01  -5.010000000000000e-02
  4.929727148675483e-01   1.262337849303734e-01  -5.010000000000000e-02
  4.929721322580802e-01   1.262385132558725e-01  -5.009999999999999e-02
  4.929715424377694e-01   1.262433001029247e-01  -5.010000000000000e-02
  4.929709453196443e-01   1.262481461773731e-01  -5.010000000000000e-02
  4.929703408157414e-01   1.262530521931085e-01  -5.010000000000001e-02
  4.929697288370958e-01   1.262580188721496e-01  -5.009999999999999e-02
  4.929691092937314e-01   1.262630469447232e-01  -5.010000000000000e-02
  4.929684820946504e-01   1.262681371493454e-01  -5.010000000000000e-02
  4.929679189226971e-01   1.262732982327459e-01  -5.010000000000000e-02
  4.929673973209128e-01   1.262785284576421e-01  -5.009999999999999e-02
  4.929668692801777e-01   1.262838232474249e-01  -5.010000000000000e-02
  4.929663347232532e-01   1.262891833765855e-01  -5.010000000000000e-02
  4.929657935720307e-01   1.262946096283383e-01  -5.010000000000000e-02
  4.929652457475231e-01   1.263001027947047e-01  -5.010000000000000e-02
  4.929646911698566e-01   1.263056636765972e-01  -5.010000000000001e-02
  4.929641297582625e-01   1.263112930839048e-01  -5.010000000000000e-02
  4.929635614310682e-01   1.263169918355772e-01  -5.010000000000000e-02
  4.929630062540593e-01   1.263227625685194e-01  -5.010000000000000e-02
  4.929625391781090e-01   1.263286128562293e-01  -5.010000000000000e-02
  4.929620663551048e-01   1.263345351277738e-01  -5.010000000000001e-02
  4.929615877165801e-01   1.263405302407241e-01  -5.010000000000000e-02
  4.929611031933087e-01   1.263465990621606e-01  -5.010000000000000e-02
  4.929606127152983e-01   1.263527424687605e-01  -5.010000000000000e-02
  4.929601162117835e-01   1.263589613468859e-01  -5.010000000000000e-02
  4.929596136112185e-01   1.263652565926716e-01  -5.010000000000000e-02
  4.929591048412704e-01   1.263716291121138e-01  -5.010000000000000e-02
  4.929586240809952e-01   1.263780822579179e-01  -5.010000000000000e-02
  4.929582157520730e-01   1.263846201215634e-01  -5.010000000000000e-02
  4.929578024172850e-01   1.263912381354641e-01  -5.010000000000000e-02
  4.929573840174545e-01   1.263979372471168e-01  -5.010000000000000e-02
  4.929569604927600e-01   1.264047184143385e-01  -5.010000000000000e-02
  4.929565317827298e-01   1.264115826053571e-01  -5.010000000000001e-02
  4.929560978262365e-01   1.264185307989009e-01  -5.010000000000000e-02
  4.929556585614910e-01   1.264255639842897e-01  -5.010000000000000e-02
  4.929552139260374e-01   1.264326831615252e-01  -5.010000000000000e-02
  4.929548699926368e-01   1.264398951572158e-01  -5.010000000000001e-02
  4.929545258369801e-01   1.264471954662360e-01  -5.010000000000000e-02
  4.929541774794367e-01   1.264545849066436e-01  -5.010000000000001e-02
  4.929538248707656e-01   1.264620645229500e-01  -5.010000000000000e-02
  4.929534679612004e-01   1.264696353708126e-01  -5.010000000000000e-02
  4.929531067004450e-01   1.264772985171259e-01  -5.010000000000000e-02
  4.929527410376690e-01   1.264850550401128e-01  -5.010000000000000e-02
  4.929523843936646e-01   1.264929065732212e-01  -5.010000000000000e-02
  4.929521173126303e-01   1.265008574708751e-01  -5.009999999999999e-02
  4.929518469822070e-01   1.265089051015660e-01  -5.010000000000000e-02
  4.929515733646023e-01   1.265170505903562e-01  -5.010000000000000e-02
  4.929512964216279e-01   1.265252950740979e-01  -5.010000000000000e-02
  4.929510161146964e-01   1.265336397015242e-01  -5.010000000000001e-02
  4.929507324048182e-01   1.265420856333397e-01  -5.010000000000000e-02
  4.929504452525985e-01   1.265506340423107e-01  -5.010000000000000e-02
  4.929502367046550e-01   1.265592883633985e-01  -5.010000000000000e-02
  4.929500507136365e-01   1.265680482585703e-01  -5.009999999999999e-02
  4.929498624697930e-01   1.265769142583794e-01  -5.010000000000000e-02
  4.929496719471722e-01   1.265858875851510e-01  -5.010000000000000e-02
  4.929494791195557e-01   1.265949694737239e-01  -5.010000000000000e-02
  4.929492839604578e-01   1.266041611715386e-01  -5.010000000000000e-02
  4.929490864431232e-01   1.266134639387254e-01  -5.010000000000000e-02
  4.929489787225894e-01   1.266228804786992e-01  -5.010000000000000e-02
  4.929488852722543e-01   1.266324109056122e-01  -5.010000000000000e-02
  4.929487906948081e-01   1.266420562796750e-01  -5.010000000000000e-02
  4.929486949773863e-01   1.266518179128784e-01  -5.010000000000000e-02
  4.929485981069952e-01   1.266616971303375e-01  -5.010000000000000e-02
  4.929485000705122e-01   1.266716952703749e-01  -5.010000000000000e-02
  4.929484419819976e-01   1.266818138637309e-01  -5.010000000000000e-02
  4.929484531895924e-01   1.266920544032756e-01  -5.010000000000000e-02
  4.929484645318283e-01   1.267024179662886e-01  -5.010000000000000e-02
  4.929484760102288e-01   1.267129059448197e-01  -5.010000000000000e-02
  4.929484876263324e-01   1.267235197445373e-01  -5.009999999999999e-02
  4.929484993816923e-01   1.267342607848079e-01  -5.010000000000000e-02
  4.929485433626958e-01   1.267451302992050e-01  -5.010000000000000e-02
  4.929486681585819e-01   1.267561294325071e-01  -5.010000000000000e-02
  4.929487944472945e-01   1.267672601390354e-01  -5.010000000000000e-02
  4.929489222455670e-01   1.267785238936246e-01  -5.010000000000000e-02
  4.929490515702925e-01   1.267899221851861e-01  -5.010000000000001e-02
  4.929491824385247e-01   1.268014565167800e-01  -5.010000000000000e-02
  4.929493823192732e-01   1.268131273051530e-01  -5.010000000000000e-02
  4.929496336930473e-01   1.268249363680025e-01  -5.010000000000000e-02
  4.929498880599608e-01   1.268368860428564e-01  -5.010000000000000e-02
  4.929501454532226e-01   1.268489778898103e-01  -5.009999999999999e-02
  4.929504059063500e-01   1.268612134834452e-01  -5.010000000000000e-02
  4.929506838876919e-01   1.268735940696103e-01  -5.010000000000000e-02
  4.929510130504627e-01   1.268861204525197e-01  -5.010000000000000e-02
  4.929513461165111e-01   1.268987953757646e-01  -5.009999999999999e-02
  4.929516831287466e-01   1.269116204722861e-01  -5.010000000000000e-02
  4.929520241304675e-01   1.269245973898056e-01  -5.010000000000000e-02
  4.929523691653615e-01   1.269377277908783e-01  -5.010000000000000e-02
  4.929527182775078e-01   1.269510133529445e-01  -5.010000000000000e-02
  4.929530715113777e-01   1.269644557683788e-01  -5.010000000000000e-02
  4.929534289118364e-01   1.269780567445368e-01  -5.010000000000000e-02
  4.929537905241441e-01   1.269918180037998e-01  -5.010000000000000e-02
  4.929541563939563e-01   1.270057412836166e-01  -5.010000000000000e-02
  4.929545265673263e-01   1.270198283365432e-01  -5.010000000000000e-02
  4.929549010907047e-01   1.270340809302795e-01  -5.010000000000000e-02
  4.929552800109412e-01   1.270485008477038e-01  -5.010000000000000e-02
  4.929556633752852e-01   1.270630898869038e-01  -5.010000000000000e-02
  4.929560512313866e-01   1.270778498612056e-01  -5.010000000000000e-02
  4.929564436272961e-01   1.270927825991988e-01  -5.010000000000000e-02
  4.929568099521796e-01   1.271078906011098e-01  -5.010000000000000e-02
  4.929570627872187e-01   1.271231775986175e-01  -5.010000000000000e-02
  4.929573185724980e-01   1.271386429745438e-01  -5.010000000000000e-02
  4.929575773392804e-01   1.271542886191198e-01  -5.010000000000000e-02
  4.929578391190828e-01   1.271701164379234e-01  -5.010000000000000e-02
  4.929581039436758e-01   1.271861283518849e-01  -5.009999999999999e-02
  4.929583718450840e-01   1.272023262972892e-01  -5.010000000000000e-02
  4.929586428555861e-01   1.272187122257738e-01  -5.010000000000000e-02
  4.929589170077143e-01   1.272352881043236e-01  -5.010000000000000e-02
  4.929591943342548e-01   1.272520559152607e-01  -5.010000000000000e-02
  4.929594748682472e-01   1.272690176562314e-01  -5.010000000000000e-02
  4.929597586429840e-01   1.272861753401877e-01  -5.010000000000000e-02
  4.929600456920107e-01   1.273035309953655e-01  -5.010000000000000e-02
  4.929603360491251e-01   1.273210866652575e-01  -5.009999999999999e-02
  4.929606482157448e-01   1.273388439742716e-01  -5.010000000000000e-02
  4.929611958482904e-01   1.273567999724028e-01  -5.010000000000000e-02
  4.929617497686910e-01   1.273749621392761e-01  -5.010000000000000e-02
  4.929623100410995e-01   1.273933325783628e-01  -5.010000000000000e-02
  4.929628767301277e-01   1.274119134081820e-01  -5.009999999999999e-02
  4.929634499008448e-01   1.274307067622453e-01  -5.010000000000000e-02
  4.929640296187752e-01   1.274497147889951e-01  -5.010000000000000e-02
  4.929646159498967e-01   1.274689396517385e-01  -5.010000000000000e-02
  4.929652089606382e-01   1.274883835285751e-01  -5.009999999999999e-02
  4.929658087178777e-01   1.275080486123191e-01  -5.010000000000000e-02
  4.929664152889388e-01   1.275279371104159e-01  -5.010000000000001e-02
  4.929670287415890e-01   1.275480512448524e-01  -5.010000000000000e-02
  4.929677484736862e-01   1.275683891559808e-01  -5.010000000000000e-02
  4.929688169784589e-01   1.275889430976575e-01  -5.010000000000000e-02
  4.929698975533614e-01   1.276097292224270e-01  -5.010000000000000e-02
  4.929709903167704e-01   1.276307498074075e-01  -5.010000000000000e-02
  4.929720953877902e-01   1.276520071437047e-01  -5.010000000000000e-02
  4.929732128862451e-01   1.276735035362832e-01  -5.010000000000000e-02
  4.929743429326731e-01   1.276952413038315e-01  -5.010000000000000e-02
  4.929754856483182e-01   1.277172227786203e-01  -5.010000000000000e-02
  4.929766411551227e-01   1.277394503063526e-01  -5.010000000000000e-02
  4.929778095757191e-01   1.277619262460076e-01  -5.010000000000000e-02
  4.929790353896687e-01   1.277846501126975e-01  -5.010000000000000e-02
  4.929807986732266e-01   1.278075933778132e-01  -5.010000000000000e-02
  4.929825815668324e-01   1.278307918024146e-01  -5.010000000000000e-02
  4.929843842554370e-01   1.278542477930220e-01  -5.010000000000001e-02
  4.929862069249407e-01   1.278779637685122e-01  -5.010000000000000e-02
  4.929880497621783e-01   1.279019421599146e-01  -5.010000000000000e-02
  4.929899129549019e-01   1.279261854101992e-01  -5.010000000000000e-02
  4.929917966917643e-01   1.279506959740554e-01  -5.010000000000000e-02
  4.929937011623017e-01   1.279754763176629e-01  -5.010000000000000e-02
  4.929957782251075e-01   1.280005152761981e-01  -5.010000000000000e-02
  4.929983826816080e-01   1.280257834416106e-01  -5.010000000000000e-02
  4.930010156476889e-01   1.280513282040009e-01  -5.010000000000001e-02
  4.930036773814237e-01   1.280771520671689e-01  -5.010000000000000e-02
  4.930063681419350e-01   1.281032575450965e-01  -5.010000000000000e-02
  4.930090881893657e-01   1.281296471616628e-01  -5.010000000000000e-02
  4.930118377848486e-01   1.281563234503502e-01  -5.010000000000000e-02
  4.930146171904749e-01   1.281832889539396e-01  -5.010000000000000e-02
  4.930177187081880e-01   1.282105122451871e-01  -5.010000000000000e-02
  4.930212804291171e-01   1.282379798481886e-01  -5.010000000000000e-02
  4.930248805311289e-01   1.282657434419103e-01  -5.009999999999999e-02
  4.930285193473289e-01   1.282938055952256e-01  -5.010000000000000e-02
  4.930321972118082e-01   1.283221688846077e-01  -5.010000000000000e-02
  4.930359144595958e-01   1.283508358937632e-01  -5.010000000000000e-02
  4.930396714266094e-01   1.283798092132553e-01  -5.010000000000000e-02
  4.930437785368945e-01   1.284090471018212e-01  -5.009999999999999e-02
  4.930483883383222e-01   1.284385303985405e-01  -5.010000000000000e-02
  4.930530470699424e-01   1.284683266422280e-01  -5.009999999999999e-02
  4.930577551389355e-01   1.284984384371233e-01  -5.010000000000000e-02
  4.930625129532302e-01   1.285288683922496e-01  -5.010000000000000e-02
  4.930673209214337e-01   1.285596191209701e-01  -5.010000000000000e-02
  4.930722388376817e-01   1.285906831711723e-01  -5.010000000000000e-02
  4.930779546200035e-01   1.286219465890095e-01  -5.010000000000000e-02
  4.930837302239453e-01   1.286535372111023e-01  -5.009999999999999e-02
  4.930895661275266e-01   1.286854576520583e-01  -5.010000000000000e-02
  4.930954628091200e-01   1.287177105284149e-01  -5.009999999999999e-02
  4.931014207473565e-01   1.287502984581236e-01  -5.010000000000000e-02
  4.931076919859433e-01   1.287831747893723e-01  -5.010000000000000e-02
  4.931146087619104e-01   1.288162771643148e-01  -5.010000000000001e-02
  4.931215968371530e-01   1.288497207640368e-01  -5.010000000000000e-02
  4.931286567560587e-01   1.288835081938735e-01  -5.010000000000000e-02
  4.931357890627339e-01   1.289176420578147e-01  -5.010000000000001e-02
  4.931429985879026e-01   1.289521240068655e-01  -5.010000000000000e-02
  4.931511334113896e-01   1.289867686195736e-01  -5.009999999999999e-02
  4.931593509578149e-01   1.290217655330002e-01  -5.010000000000000e-02
  4.931676518326185e-01   1.290571173255950e-01  -5.010000000000000e-02
  4.931760366402074e-01   1.290928265714089e-01  -5.010000000000001e-02
  4.931846011792026e-01   1.291288722832831e-01  -5.010000000000000e-02
  4.931940237130872e-01   1.291650893367335e-01  -5.009999999999999e-02
  4.932035406853884e-01   1.292016693797176e-01  -5.010000000000000e-02
  4.932131527555729e-01   1.292386149470043e-01  -5.010000000000001e-02
  4.932228605810926e-01   1.292759285656165e-01  -5.010000000000000e-02
  4.932331608969796e-01   1.293134774781878e-01  -5.010000000000000e-02
  4.932439492952619e-01   1.293512928431144e-01  -5.010000000000000e-02
  4.932548441618447e-01   1.293894813994566e-01  -5.010000000000000e-02
  4.932658462022351e-01   1.294280456201505e-01  -5.010000000000000e-02
  4.932772390354301e-01   1.294669037698737e-01  -5.010000000000000e-02
  4.932893470060143e-01   1.295059619800544e-01  -5.010000000000001e-02
  4.933015729102293e-01   1.295454006236452e-01  -5.010000000000000e-02
  4.933139174940492e-01   1.295852221070290e-01  -5.010000000000001e-02
  4.933266854261391e-01   1.296253309160584e-01  -5.010000000000001e-02
  4.933401624424301e-01   1.296656376186875e-01  -5.010000000000001e-02
  4.933537689254888e-01   1.297063315270891e-01  -5.010000000000000e-02
  4.933675056533378e-01   1.297474149681533e-01  -5.010000000000000e-02
  4.933819058496967e-01   1.297887058515778e-01  -5.009999999999999e-02
  4.933967996283223e-01   1.298302655684450e-01  -5.010000000000000e-02
  4.934118344155097e-01   1.298722187567108e-01  -5.010000000000000e-02
  4.934270696409386e-01   1.299145459483077e-01  -5.010000000000000e-02
  4.934432753238971e-01   1.299569646191757e-01  -5.009999999999999e-02
  4.934596326917448e-01   1.299997803280094e-01  -5.010000000000000e-02
  4.934761425663758e-01   1.300429952261312e-01  -5.009999999999999e-02
  4.934934415391226e-01   1.300863611205271e-01  -5.010000000000000e-02
  4.935111492769885e-01   1.301300301763262e-01  -5.010000000000000e-02
  4.935290201338377e-01   1.301741014998818e-01  -5.010000000000000e-02
  4.935475291920752e-01   1.302183793338505e-01  -5.009999999999999e-02
  4.935666124614989e-01   1.302628927122614e-01  -5.010000000000000e-02
  4.935858693302160e-01   1.303078110260570e-01  -5.010000000000000e-02
  4.936057438929847e-01   1.303529411407917e-01  -5.010000000000001e-02
  4.936262210247570e-01   1.303982919751155e-01  -5.010000000000000e-02
  4.936468820205106e-01   1.304440500141712e-01  -5.010000000000000e-02
  4.936682619352979e-01   1.304899698357005e-01  -5.010000000000000e-02
  4.936901587277868e-01   1.305361471130096e-01  -5.010000000000000e-02
  4.937122494788695e-01   1.305827334219052e-01  -5.010000000000000e-02
  4.937352659293122e-01   1.306293756624996e-01  -5.010000000000000e-02
  4.937586088136408e-01   1.306763667886552e-01  -5.010000000000000e-02
  4.937823238351781e-01   1.307236828661512e-01  -5.010000000000000e-02
  4.938069135226526e-01   1.307710707067270e-01  -5.010000000000000e-02
  4.938317158803693e-01   1.308188683932412e-01  -5.010000000000000e-02
  4.938572742487332e-01   1.308667898950177e-01  -5.010000000000000e-02
  4.938833418103621e-01   1.309149678622701e-01  -5.010000000000000e-02
  4.939097913175413e-01   1.309634680182854e-01  -5.010000000000000e-02
  4.939371167700620e-01   1.310120194919604e-01  -5.010000000000000e-02
  4.939646725900524e-01   1.310609802792648e-01  -5.010000000000000e-02
  4.939931330044998e-01   1.311099652227731e-01  -5.010000000000000e-02
  4.940219692401655e-01   1.311592793014708e-01  -5.010000000000000e-02
  4.940514715207170e-01   1.312087482842969e-01  -5.010000000000000e-02
  4.940815784315720e-01   1.312584102387799e-01  -5.010000000000000e-02
  4.941121890974227e-01   1.313083211372986e-01  -5.010000000000000e-02
  4.941435752281169e-01   1.313583147265338e-01  -5.010000000000000e-02
  4.941753562167697e-01   1.314086241307933e-01  -5.010000000000001e-02
  4.942080199975744e-01   1.314589390911972e-01  -5.010000000000000e-02
  4.942410216093141e-01   1.315096071005531e-01  -5.010000000000000e-02
  4.942749634684098e-01   1.315602318290259e-01  -5.010000000000000e-02
  4.943092307941719e-01   1.316112187406545e-01  -5.010000000000000e-02
  4.943444498121975e-01   1.316621423746766e-01  -5.010000000000000e-02
  4.943800221431795e-01   1.317134094724698e-01  -5.010000000000000e-02
  4.944165246462285e-01   1.317646158153214e-01  -5.010000000000000e-02
  4.944534415832415e-01   1.318161214943559e-01  -5.010000000000000e-02
  4.944912214987060e-01   1.318676027553611e-01  -5.009999999999999e-02
  4.945295081451873e-01   1.319193132688849e-01  -5.010000000000000e-02
  4.945685665062580e-01   1.319710563184867e-01  -5.010000000000000e-02
  4.946082508308257e-01   1.320229338247666e-01  -5.010000000000000e-02
  4.946485893210066e-01   1.320749245388360e-01  -5.010000000000000e-02
  4.946896944620957e-01   1.321269327949733e-01  -5.010000000000000e-02
  4.947313110914332e-01   1.321791593781639e-01  -5.010000000000000e-02
  4.947738543408142e-01   1.322312648742255e-01  -5.010000000000000e-02
  4.948168888682658e-01   1.322835977081559e-01  -5.010000000000000e-02
  4.948607388850443e-01   1.323358883941103e-01  -5.010000000000000e-02
  4.949052425569120e-01   1.323882635909521e-01  -5.010000000000001e-02
  4.949503611178001e-01   1.324407558483283e-01  -5.010000000000000e-02
  4.949963459829432e-01   1.324931397513141e-01  -5.010000000000000e-02
  4.950428813861274e-01   1.325456862341227e-01  -5.010000000000000e-02
  4.950902031692102e-01   1.325981828630499e-01  -5.010000000000000e-02
  4.951382355288181e-01   1.326506882888807e-01  -5.010000000000000e-02
  4.951868472390065e-01   1.327033204250466e-01  -5.010000000000000e-02
  4.952363420442426e-01   1.327557904329812e-01  -5.010000000000000e-02
  4.952864619545416e-01   1.328083315797463e-01  -5.010000000000000e-02
  4.953372011578338e-01   1.328609480814132e-01  -5.010000000000000e-02
  4.953888246461049e-01   1.329133741843674e-01  -5.010000000000001e-02
  4.954410545973310e-01   1.329658737728666e-01  -5.010000000000000e-02
  4.954939286116947e-01   1.330184073106227e-01  -5.010000000000000e-02
  4.955476628676185e-01   1.330707466038926e-01  -5.009999999999999e-02
  4.956020158743280e-01   1.331231298768582e-01  -5.010000000000000e-02
  4.956569967601821e-01   1.331755449145552e-01  -5.010000000000000e-02
  4.957128430267846e-01   1.332277317196259e-01  -5.010000000000000e-02
  4.957693133503728e-01   1.332799375482236e-01  -5.010000000000000e-02
  4.958264141409615e-01   1.333321516872631e-01  -5.010000000000000e-02
  4.958843140421884e-01   1.333841805217312e-01  -5.010000000000000e-02
  4.959428981141970e-01   1.334361404431638e-01  -5.010000000000000e-02
  4.960021140177925e-01   1.334880844867964e-01  -5.010000000000000e-02
  4.960620324758770e-01   1.335399248492405e-01  -5.010000000000000e-02
  4.961227048936827e-01   1.335915904068701e-01  -5.010000000000000e-02
  4.961840052469562e-01   1.336432200230953e-01  -5.010000000000000e-02
  4.962459345528734e-01   1.336948064806664e-01  -5.010000000000000e-02
  4.963086444856092e-01   1.337461565982190e-01  -5.010000000000000e-02
  4.963720026242517e-01   1.337974197888055e-01  -5.010000000000000e-02
  4.964359827335447e-01   1.338486211626729e-01  -5.010000000000000e-02
  4.965006167016213e-01   1.338997128449864e-01  -5.010000000000000e-02
  4.965659939050311e-01   1.339505691648711e-01  -5.010000000000001e-02
  4.966319824070083e-01   1.340013483153331e-01  -5.010000000000000e-02
  4.966985816588081e-01   1.340520432178341e-01  -5.010000000000000e-02
  4.967658602197557e-01   1.341025536873547e-01  -5.010000000000000e-02
  4.968338141892520e-01   1.341528717482038e-01  -5.010000000000000e-02
  4.969023638122075e-01   1.342030944234121e-01  -5.009999999999999e-02
  4.969715069258789e-01   1.342532159491392e-01  -5.010000000000000e-02
  4.970413254143845e-01   1.343031117097147e-01  -5.010000000000000e-02
  4.971117727000493e-01   1.343528331791925e-01  -5.010000000000000e-02
  4.971827969342877e-01   1.344024430850781e-01  -5.010000000000001e-02
  4.972543949544017e-01   1.344519363146890e-01  -5.010000000000000e-02
  4.973266569876582e-01   1.345011693793310e-01  -5.010000000000001e-02
  4.973995086115309e-01   1.345502371389057e-01  -5.010000000000000e-02
  4.974729146183432e-01   1.345991807623988e-01  -5.010000000000000e-02
  4.975468704934816e-01   1.346479965079134e-01  -5.010000000000000e-02
  4.976214662645701e-01   1.346965339857000e-01  -5.010000000000000e-02
  4.976966138697878e-01   1.347449136251601e-01  -5.010000000000000e-02
  4.977722908265148e-01   1.347931587116342e-01  -5.010000000000001e-02
  4.978484926798730e-01   1.348412648562172e-01  -5.010000000000000e-02
  4.979253109508249e-01   1.348890719716500e-01  -5.009999999999999e-02
  4.980026452019919e-01   1.349367258260969e-01  -5.010000000000000e-02
  4.980804797744917e-01   1.349842396870382e-01  -5.009999999999999e-02
  4.981588112879272e-01   1.350316067250090e-01  -5.010000000000000e-02
  4.982377342002403e-01   1.350786545472792e-01  -5.010000000000000e-02
  4.983171327646866e-01   1.351255611338946e-01  -5.010000000000000e-02
  4.983970026478187e-01   1.351723209577085e-01  -5.010000000000000e-02
  4.984773605741176e-01   1.352188917768649e-01  -5.010000000000000e-02
  4.985582481157451e-01   1.352651850606874e-01  -5.010000000000000e-02
  4.986395856517926e-01   1.353113237776252e-01  -5.010000000000000e-02
  4.987213661119896e-01   1.353573066654296e-01  -5.010000000000001e-02
  4.988036202552909e-01   1.354030637428272e-01  -5.010000000000000e-02
  4.988863543801042e-01   1.354485660438795e-01  -5.010000000000000e-02
  4.989695028892234e-01   1.354939167152690e-01  -5.010000000000001e-02
  4.990530586815560e-01   1.355391141573974e-01  -5.009999999999999e-02
  4.991370832212817e-01   1.355840277164969e-01  -5.010000000000000e-02
  4.992215243719101e-01   1.356287364728205e-01  -5.010000000000000e-02
  4.993063476632537e-01   1.356732894967611e-01  -5.009999999999999e-02
  4.993915502732883e-01   1.357176765719828e-01  -5.010000000000000e-02
  4.994772068121363e-01   1.357617354571633e-01  -5.010000000000000e-02
  4.995632215262288e-01   1.358056332203535e-01  -5.010000000000000e-02
  4.996495862332641e-01   1.358493697772312e-01  -5.010000000000000e-02
  4.997363325999873e-01   1.358928649162854e-01  -5.010000000000000e-02
  4.998234586217191e-01   1.359361028046040e-01  -5.010000000000000e-02
  4.999109081402930e-01   1.359791783395631e-01  -5.010000000000000e-02
  4.999986722897214e-01   1.360220925081618e-01  -5.010000000000000e-02
  5.000868274583424e-01   1.360646687785047e-01  -5.010000000000000e-02
  5.001752828551247e-01   1.361070744213674e-01  -5.010000000000000e-02
  5.002640281702538e-01   1.361493132617181e-01  -5.010000000000000e-02
  5.003530996402281e-01   1.361912897958503e-01  -5.010000000000000e-02
  5.004424796914415e-01   1.362330200848518e-01  -5.010000000000000e-02
  5.005321236297883e-01   1.362745803624180e-01  -5.010000000000000e-02
  5.006220395943614e-01   1.363159341478059e-01  -5.010000000000000e-02
  5.007122674917515e-01   1.363569727760012e-01  -5.010000000000000e-02
  5.008027312514479e-01   1.363978421876249e-01  -5.010000000000000e-02
  5.008934226274807e-01   1.364385415971965e-01  -5.010000000000000e-02
  5.009844076487284e-01   1.364789018144011e-01  -5.010000000000000e-02
  5.010756104629288e-01   1.365190711062574e-01  -5.010000000000000e-02
  5.011670151318877e-01   1.365590658349894e-01  -5.010000000000000e-02
  5.012586674039572e-01   1.365987596531720e-01  -5.010000000000000e-02
  5.013505271202305e-01   1.366382220609880e-01  -5.010000000000000e-02
  5.014425618015884e-01   1.366775077092620e-01  -5.010000000000000e-02
  5.015348060558493e-01   1.367165137345496e-01  -5.010000000000001e-02
  5.016272443574978e-01   1.367552530096198e-01  -5.010000000000000e-02
  5.017198312455765e-01   1.367938120630169e-01  -5.010000000000000e-02
  5.018125928076993e-01   1.368321062668269e-01  -5.010000000000000e-02
  5.019055281360259e-01   1.368701134867828e-01  -5.010000000000000e-02
  5.019985852274386e-01   1.369079381408942e-01  -5.009999999999999e-02
  5.020917878250010e-01   1.369454994884832e-01  -5.009999999999999e-02
  5.021851416748242e-01   1.369827583741494e-01  -5.010000000000000e-02
  5.022785906735395e-01   1.370198320470954e-01  -5.010000000000001e-02
  5.023721594533204e-01   1.370566355908803e-01  -5.010000000000000e-02
  5.024658491572797e-01   1.370931408010558e-01  -5.010000000000000e-02
  5.025596077261443e-01   1.371294576581204e-01  -5.009999999999999e-02
  5.026534678896876e-01   1.371654781810699e-01  -5.010000000000000e-02
  5.027474162132533e-01   1.372012115560479e-01  -5.010000000000000e-02
  5.028414063487834e-01   1.372367559861596e-01  -5.010000000000000e-02
  5.029354807861142e-01   1.372719747919001e-01  -5.010000000000001e-02
  5.030296089937014e-01   1.373069232482062e-01  -5.010000000000000e-02
  5.031237536007174e-01   1.373416785553932e-01  -5.010000000000000e-02
  5.032179702653921e-01   1.373760644333510e-01  -5.010000000000000e-02
  5.033121984928711e-01   1.374102200346193e-01  -5.010000000000000e-02
  5.034064202409674e-01   1.374441719806397e-01  -5.010000000000000e-02
  5.035006991561132e-01   1.374777168481717e-01  -5.010000000000000e-02
  5.035949505844237e-01   1.375110658554372e-01  -5.010000000000000e-02
  5.036891928332333e-01   1.375441435929164e-01  -5.010000000000000e-02
  5.037834420588138e-01   1.375768769509667e-01  -5.010000000000000e-02
  5.038776378014214e-01   1.376094146987185e-01  -5.010000000000000e-02
  5.039718262508984e-01   1.376415978808072e-01  -5.010000000000000e-02
  5.040659705579202e-01   1.376735069016467e-01  -5.010000000000000e-02
  5.041600364236555e-01   1.377052190863975e-01  -5.010000000000000e-02
  5.042540970559128e-01   1.377364897343194e-01  -5.010000000000000e-02
  5.043480613133327e-01   1.377675653725398e-01  -5.010000000000001e-02
  5.044419557125530e-01   1.377983417002036e-01  -5.010000000000000e-02
  5.045357857412739e-01   1.378287742234582e-01  -5.010000000000000e-02
  5.046294950085309e-01   1.378590118962755e-01  -5.010000000000000e-02
  5.047231450241353e-01   1.378888373575495e-01  -5.009999999999999e-02
  5.048166691121268e-01   1.379184321130810e-01  -5.010000000000001e-02
  5.049100793154167e-01   1.379477341005948e-01  -5.010000000000000e-02
  5.050033892347592e-01   1.379766719804535e-01  -5.010000000000000e-02
  5.050965372928757e-01   1.380054191756735e-01  -5.010000000000000e-02
  5.051895893292129e-01   1.380337355004516e-01  -5.010000000000000e-02
  5.052824734576541e-01   1.380618291929320e-01  -5.010000000000000e-02
  5.053752100072434e-01   1.380896090459755e-01  -5.010000000000000e-02
  5.054677998684259e-01   1.381170441365605e-01  -5.010000000000000e-02
  5.055601917453118e-01   1.381442833384550e-01  -5.010000000000000e-02
  5.056524564410957e-01   1.381710586664580e-01  -5.010000000000000e-02
  5.057445048861657e-01   1.381976494759767e-01  -5.010000000000000e-02
  5.058363881913996e-01   1.382238542337393e-01  -5.010000000000000e-02
  5.059280671561558e-01   1.382497824984932e-01  -5.010000000000000e-02
  5.060195347173300e-01   1.382754358102554e-01  -5.010000000000001e-02
  5.061108151261220e-01   1.383006999558143e-01  -5.010000000000000e-02
  5.062018444053457e-01   1.383257818721451e-01  -5.010000000000000e-02
  5.062926963034317e-01   1.383503864130804e-01  -5.010000000000000e-02
  5.063832796829978e-01   1.383748228864438e-01  -5.010000000000000e-02
  5.064736527771704e-01   1.383988511174824e-01  -5.010000000000000e-02
  5.065637655075149e-01   1.384226320745779e-01  -5.010000000000000e-02
  5.066536338379413e-01   1.384460824626844e-01  -5.010000000000000e-02
  5.067432485922508e-01   1.384692103126752e-01  -5.010000000000000e-02
  5.068325855491077e-01   1.384920869567936e-01  -5.010000000000000e-02
  5.069216762674889e-01   1.385145622495019e-01  -5.010000000000000e-02
  5.070104601991271e-01   1.385368529598108e-01  -5.010000000000000e-02
  5.070990000839344e-01   1.385586826483362e-01  -5.010000000000000e-02
  5.071872110095372e-01   1.385803708107768e-01  -5.010000000000000e-02
  5.072751697781948e-01   1.386015798195771e-01  -5.010000000000000e-02
  5.073627921071107e-01   1.386226329426970e-01  -5.010000000000000e-02
  5.074501371515746e-01   1.386432610608327e-01  -5.010000000000000e-02
  5.075371452844987e-01   1.386636908750843e-01  -5.010000000000000e-02
  5.076238547989963e-01   1.386837377179724e-01  -5.009999999999999e-02
  5.077102256995764e-01   1.387035491740782e-01  -5.010000000000000e-02
  5.077962803265083e-01   1.387230072048510e-01  -5.010000000000000e-02
  5.078819915148313e-01   1.387422069430833e-01  -5.010000000000000e-02
  5.079673689152110e-01   1.387610853860492e-01  -5.010000000000000e-02
  5.080523974530780e-01   1.387796862687762e-01  -5.010000000000000e-02
  5.081370788839139e-01   1.387979822328962e-01  -5.010000000000001e-02
  5.082214040088431e-01   1.388159918703729e-01  -5.010000000000000e-02
  5.083053706264747e-01   1.388337067055155e-01  -5.010000000000000e-02
  5.083889712341654e-01   1.388511389289744e-01  -5.009999999999999e-02
  5.084722035832374e-01   1.388682811121375e-01  -5.010000000000000e-02
  5.085550600260202e-01   1.388851476041376e-01  -5.010000000000000e-02
  5.086375420522782e-01   1.389017134617596e-01  -5.010000000000000e-02
  5.087196353387679e-01   1.389180278583110e-01  -5.010000000000000e-02
  5.088013483627840e-01   1.389340310598667e-01  -5.010000000000000e-02
  5.088826600229366e-01   1.389498094058182e-01  -5.010000000000000e-02
  5.089635895484420e-01   1.389652470783243e-01  -5.010000000000001e-02
  5.090441030967028e-01   1.389805007088459e-01  -5.010000000000001e-02
  5.091242331142210e-01   1.389953822676024e-01  -5.010000000000000e-02
  5.092039318202301e-01   1.390101290721730e-01  -5.010000000000000e-02
  5.092832477013539e-01   1.390244615255832e-01  -5.010000000000000e-02
  5.093621169948016e-01   1.390387132801854e-01  -5.010000000000000e-02
  5.094406052512128e-01   1.390525021988412e-01  -5.010000000000000e-02
  5.095186425810119e-01   1.390662069409178e-01  -5.010000000000000e-02
  5.095962780838349e-01   1.390795303606022e-01  -5.010000000000000e-02
  5.096734693398080e-01   1.390927046123393e-01  -5.010000000000001e-02
  5.097502398276719e-01   1.391055753395152e-01  -5.010000000000000e-02
  5.098265745573241e-01   1.391182196604121e-01  -5.010000000000000e-02
  5.099024678220854e-01   1.391306561955185e-01  -5.010000000000000e-02
  5.099779340918605e-01   1.391427850966702e-01  -5.010000000000000e-02
  5.100529386826918e-01   1.391548073849515e-01  -5.010000000000000e-02
  5.101275266133007e-01   1.391664283150149e-01  -5.010000000000000e-02
  5.102016444251301e-01   1.391779759997500e-01  -5.010000000000000e-02
  5.102753326997829e-01   1.391891764696819e-01  -5.009999999999999e-02
  5.103485596415771e-01   1.392002283057790e-01  -5.010000000000000e-02
  5.104213345699065e-01   1.392110578282420e-01  -5.010000000000000e-02
  5.104936625846981e-01   1.392216229252448e-01  -5.010000000000000e-02
  5.105655163618712e-01   1.392320998491739e-01  -5.010000000000000e-02
  5.106369376213755e-01   1.392421914877344e-01  -5.010000000000000e-02
  5.107078798488528e-01   1.392522154403131e-01  -5.010000000000000e-02
  5.107783711269832e-01   1.392619638678685e-01  -5.010000000000000e-02
  5.108483983367476e-01   1.392715261424659e-01  -5.010000000000000e-02
  5.109179513928752e-01   1.392809685923004e-01  -5.010000000000000e-02
  5.109870577223064e-01   1.392900829230523e-01  -5.010000000000000e-02
  5.110556813840393e-01   1.392991335954812e-01  -5.010000000000000e-02
  5.111238484909239e-01   1.393079163118334e-01  -5.010000000000000e-02
  5.111915455265098e-01   1.393165332243857e-01  -5.010000000000001e-02
  5.112587628835369e-01   1.393250557887351e-01  -5.010000000000000e-02
  5.113255297459534e-01   1.393332496052898e-01  -5.010000000000000e-02
  5.113918124092883e-01   1.393413839995756e-01  -5.010000000000000e-02
  5.114576282469643e-01   1.393493151616895e-01  -5.010000000000001e-02
  5.115229767738468e-01   1.393570480895831e-01  -5.010000000000000e-02
  5.115878411947863e-01   1.393647237314670e-01  -5.010000000000000e-02
  5.116522491584405e-01   1.393721063522054e-01  -5.010000000000001e-02
  5.117161781774056e-01   1.393793924886625e-01  -5.010000000000000e-02
  5.117796280672025e-01   1.393865858900387e-01  -5.010000000000000e-02
  5.118426204211596e-01   1.393934978236505e-01  -5.010000000000000e-02
  5.119051302331008e-01   1.394003568095921e-01  -5.010000000000000e-02
  5.119671683693334e-01   1.394070676811057e-01  -5.010000000000000e-02
  5.120287422389438e-01   1.394135680129355e-01  -5.010000000000000e-02
  5.120898353960703e-01   1.394200175961169e-01  -5.010000000000000e-02
  5.121504623308257e-01   1.394262844114846e-01  -5.010000000000000e-02
  5.122106214699291e-01   1.394323921846393e-01  -5.010000000000000e-02
  5.122703023189903e-01   1.394384513984708e-01  -5.010000000000000e-02
  5.123295207345300e-01   1.394443129146644e-01  -5.010000000000000e-02
  5.123882707032678e-01   1.394500478373211e-01  -5.010000000000000e-02
  5.124465453653463e-01   1.394557363625585e-01  -5.010000000000000e-02
  5.125043601839112e-01   1.394612292966143e-01  -5.010000000000000e-02
  5.125617084257083e-01   1.394666099236867e-01  -5.010000000000000e-02
  5.126185848715545e-01   1.394719462850940e-01  -5.009999999999999e-02
  5.126750030846843e-01   1.394771055884592e-01  -5.010000000000000e-02
  5.127309586633628e-01   1.394821508955419e-01  -5.010000000000000e-02
  5.127864464517493e-01   1.394871540237082e-01  -5.010000000000000e-02
  5.128414769140655e-01   1.394920136007376e-01  -5.009999999999999e-02
  5.128960503319240e-01   1.394967439665901e-01  -5.010000000000000e-02
  5.129501604285479e-01   1.395014341722506e-01  -5.010000000000000e-02
  5.130038138014362e-01   1.395060259528033e-01  -5.010000000000000e-02
  5.130570170249080e-01   1.395104618491884e-01  -5.010000000000000e-02
  5.131097618272866e-01   1.395148595240461e-01  -5.009999999999999e-02
  5.131620505263870e-01   1.395192123449021e-01  -5.010000000000000e-02
  5.132138972343486e-01   1.395233699764040e-01  -5.010000000000000e-02
  5.132652908174805e-01   1.395274912714413e-01  -5.010000000000000e-02
  5.133162331607665e-01   1.395315763811725e-01  -5.010000000000000e-02
  5.133667339037159e-01   1.395355273981370e-01  -5.010000000000000e-02
  5.134167913262459e-01   1.395393912476948e-01  -5.010000000000000e-02
  5.134664032834601e-01   1.395432207125227e-01  -5.010000000000000e-02
  5.135155734156752e-01   1.395469947220706e-01  -5.010000000000000e-02
  5.135643107339676e-01   1.395506218025365e-01  -5.010000000000000e-02
  5.136126086888229e-01   1.395542161851316e-01  -5.010000000000000e-02
  5.136604694096594e-01   1.395577780283293e-01  -5.010000000000000e-02
  5.137078999757488e-01   1.395612402160456e-01  -5.010000000000000e-02
  5.137549016196770e-01   1.395646159948843e-01  -5.010000000000000e-02
  5.138014725150022e-01   1.395679608362516e-01  -5.010000000000000e-02
  5.138476149071387e-01   1.395712749014189e-01  -5.010000000000000e-02
  5.138933374244279e-01   1.395744683343522e-01  -5.010000000000000e-02
  5.139386373439345e-01   1.395776123908166e-01  -5.010000000000000e-02
  5.139835155788224e-01   1.395807271801154e-01  -5.010000000000000e-02
  5.140279744742219e-01   1.395838128650130e-01  -5.010000000000000e-02
  5.140720224692195e-01   1.395867807717858e-01  -5.010000000000000e-02
  5.141156561076550e-01   1.395897165905981e-01  -5.010000000000000e-02
  5.141588775129836e-01   1.395926246729722e-01  -5.010000000000000e-02
  5.142016891145406e-01   1.395955051823622e-01  -5.010000000000000e-02
  5.142440986912614e-01   1.395982778477065e-01  -5.009999999999999e-02
  5.142861036310428e-01   1.396010194513601e-01  -5.010000000000000e-02
  5.143277061098297e-01   1.396037347869477e-01  -5.010000000000000e-02
  5.143689086265104e-01   1.396064240175682e-01  -5.010000000000000e-02
  5.144097169509079e-01   1.396090368043719e-01  -5.009999999999999e-02
  5.144501312545564e-01   1.396116098692712e-01  -5.010000000000000e-02
  5.144901531397584e-01   1.396141579499932e-01  -5.009999999999999e-02
  5.145297851611103e-01   1.396166812091817e-01  -5.010000000000000e-02
  5.145690314610868e-01   1.396191547636994e-01  -5.010000000000000e-02
  5.146078950778804e-01   1.396215714552724e-01  -5.010000000000000e-02
  5.146463765268032e-01   1.396239643821537e-01  -5.010000000000000e-02
  5.146844784052418e-01   1.396263337058589e-01  -5.010000000000000e-02
  5.147222033193091e-01   1.396286795884463e-01  -5.010000000000000e-02
  5.147595562376941e-01   1.396309639754255e-01  -5.010000000000000e-02
  5.147965376735512e-01   1.396332212479630e-01  -5.010000000000000e-02
  5.148331499824665e-01   1.396354559897337e-01  -5.010000000000000e-02
  5.148693957984084e-01   1.396376683615097e-01  -5.010000000000000e-02
  5.149052780443061e-01   1.396398538404834e-01  -5.010000000000000e-02
  5.149408007310580e-01   1.396419900213700e-01  -5.010000000000001e-02
  5.149759648356223e-01   1.396441046386734e-01  -5.010000000000000e-02
  5.150107730088700e-01   1.396461978518054e-01  -5.010000000000000e-02
  5.150452279042601e-01   1.396482698203335e-01  -5.010000000000000e-02
  5.150793323746875e-01   1.396503174032336e-01  -5.010000000000000e-02
  5.151130899339509e-01   1.396523264351373e-01  -5.009999999999999e-02
  5.151465021723722e-01   1.396543149157748e-01  -5.010000000000000e-02
  5.151795717478477e-01   1.396562830033268e-01  -5.010000000000000e-02
  5.152123013179217e-01   1.396582308559533e-01  -5.010000000000000e-02
  5.152446935392391e-01   1.396601586317605e-01  -5.010000000000000e-02
  5.152767514246862e-01   1.396620604681600e-01  -5.010000000000000e-02
  5.153084773057162e-01   1.396639419397356e-01  -5.009999999999999e-02
  5.153398737931468e-01   1.396658038769540e-01  -5.010000000000000e-02
  5.153709435348282e-01   1.396676464368432e-01  -5.010000000000000e-02
  5.154016891751589e-01   1.396694697762266e-01  -5.010000000000000e-02
  5.154321133772682e-01   1.396712736695677e-01  -5.010000000000000e-02
  5.154622187978615e-01   1.396730579254634e-01  -5.010000000000000e-02
  5.154920080242322e-01   1.396748234414978e-01  -5.010000000000000e-02
  5.155214836823721e-01   1.396765703733054e-01  -5.010000000000000e-02
  5.155506483925769e-01   1.396782988761831e-01  -5.010000000000000e-02
  5.155795047690335e-01   1.396800091050656e-01  -5.010000000000000e-02
  5.156080551460233e-01   1.396817058131097e-01  -5.010000000000000e-02
  5.156363020531714e-01   1.396833903512058e-01  -5.010000000000000e-02
  5.156642484350880e-01   1.396850569671203e-01  -5.010000000000000e-02
  5.156918968775595e-01   1.396867058150595e-01  -5.010000000000000e-02
  5.157192499583649e-01   1.396883370487525e-01  -5.010000000000000e-02
  5.157463102469299e-01   1.396899508214300e-01  -5.010000000000000e-02
  5.157730801414500e-01   1.396915499950717e-01  -5.010000000000000e-02
  5.157995613867107e-01   1.396931481721539e-01  -5.010000000000000e-02
  5.158257575067609e-01   1.396947291415644e-01  -5.010000000000000e-02
  5.158516710342428e-01   1.396962930561513e-01  -5.010000000000000e-02
  5.158773044918675e-01   1.396978400681634e-01  -5.010000000000000e-02
  5.159026603921282e-01   1.396993703292330e-01  -5.009999999999999e-02
  5.159277412370252e-01   1.397008839903589e-01  -5.010000000000000e-02
  5.159525488942410e-01   1.397023914433856e-01  -5.010000000000000e-02
  5.159770855008516e-01   1.397038984739599e-01  -5.010000000000000e-02
  5.160013545098670e-01   1.397053890687750e-01  -5.009999999999999e-02
  5.160253583785844e-01   1.397068633787573e-01  -5.010000000000000e-02
  5.160490995525698e-01   1.397083215541127e-01  -5.010000000000000e-02
  5.160725804654356e-01   1.397097637443129e-01  -5.010000000000001e-02
  5.160958035386284e-01   1.397111900980824e-01  -5.010000000000001e-02
  5.161187709807056e-01   1.397126039908586e-01  -5.010000000000000e-02
  5.161414835944398e-01   1.397140312218611e-01  -5.010000000000000e-02
  5.161639455798609e-01   1.397154427037076e-01  -5.010000000000000e-02
  5.161861593075866e-01   1.397168385853645e-01  -5.010000000000000e-02
  5.162081271351311e-01   1.397182190149750e-01  -5.010000000000000e-02
  5.162298514067414e-01   1.397195841398485e-01  -5.010000000000000e-02
  5.162513344532398e-01   1.397209341064508e-01  -5.010000000000000e-02
  5.162725785918756e-01   1.397222690603948e-01  -5.010000000000000e-02
  5.162935857038810e-01   1.397235957704845e-01  -5.010000000000000e-02
  5.163143565123542e-01   1.397249389534265e-01  -5.010000000000000e-02
  5.163348953088194e-01   1.397262671328806e-01  -5.010000000000000e-02
  5.163552043546188e-01   1.397275804550809e-01  -5.010000000000000e-02
  5.163752858968821e-01   1.397288790653420e-01  -5.010000000000000e-02
  5.163951421684182e-01   1.397301631080528e-01  -5.010000000000000e-02
  5.164147753876136e-01   1.397314327266694e-01  -5.010000000000000e-02
  5.164341877583367e-01   1.397326880637090e-01  -5.010000000000000e-02
  5.164533814698488e-01   1.397339292607442e-01  -5.010000000000000e-02
  5.164723574031214e-01   1.397351761307691e-01  -5.010000000000000e-02
  5.164911176264115e-01   1.397364302056158e-01  -5.010000000000000e-02
  5.165096657001163e-01   1.397376700987839e-01  -5.010000000000000e-02
  5.165280037539860e-01   1.397388959526418e-01  -5.009999999999999e-02
  5.165461339028050e-01   1.397401079085578e-01  -5.010000000000000e-02
  5.165640582463367e-01   1.397413061068958e-01  -5.010000000000000e-02
  5.165817788692715e-01   1.397424906870123e-01  -5.010000000000000e-02
  5.165992978411831e-01   1.397436617872533e-01  -5.010000000000001e-02
  5.166166172164867e-01   1.397448195449512e-01  -5.010000000000000e-02
  5.166337390344034e-01   1.397459640964231e-01  -5.010000000000000e-02
  5.166506627205816e-01   1.397471336752215e-01  -5.010000000000000e-02
  5.166673924051199e-01   1.397482973112807e-01  -5.009999999999999e-02
  5.166839305936840e-01   1.397494476278048e-01  -5.010000000000000e-02
  5.167002792640886e-01   1.397505847623609e-01  -5.010000000000000e-02
  5.167164403788458e-01   1.397517088514521e-01  -5.010000000000000e-02
  5.167324158851560e-01   1.397528200305160e-01  -5.010000000000000e-02
  5.167482077149009e-01   1.397539184339252e-01  -5.010000000000000e-02
  5.167638177846434e-01   1.397550041949865e-01  -5.010000000000000e-02
  5.167792479956284e-01   1.397560774459412e-01  -5.010000000000000e-02
  5.167945002337888e-01   1.397571383179657e-01  -5.010000000000000e-02
  5.168095763697556e-01   1.397581869411722e-01  -5.010000000000000e-02
  5.168244750952101e-01   1.397592679645063e-01  -5.010000000000000e-02
  5.168392014396391e-01   1.397603366335394e-01  -5.010000000000000e-02
  5.168537572384336e-01   1.397613929263281e-01  -5.010000000000001e-02
  5.168681443007880e-01   1.397624369741629e-01  -5.009999999999999e-02
  5.168823644206931e-01   1.397634689072310e-01  -5.010000000000000e-02
  5.168964193769651e-01   1.397644888546187e-01  -5.010000000000000e-02
  5.169103109332762e-01   1.397654969443128e-01  -5.010000000000000e-02
  5.169240408381893e-01   1.397664933032041e-01  -5.010000000000001e-02
  5.169376108251946e-01   1.397674780570893e-01  -5.010000000000000e-02
  5.169510226127491e-01   1.397684513306745e-01  -5.010000000000000e-02
  5.169642779043180e-01   1.397694132475774e-01  -5.010000000000000e-02
  5.169773783884201e-01   1.397703639303314e-01  -5.010000000000000e-02
  5.169903237113006e-01   1.397713307734865e-01  -5.010000000000000e-02
  5.170031162425193e-01   1.397723043355302e-01  -5.009999999999999e-02
  5.170157589817792e-01   1.397732664978154e-01  -5.010000000000001e-02
  5.170282535578750e-01   1.397742173843000e-01  -5.010000000000000e-02
  5.170406015849142e-01   1.397751571178237e-01  -5.009999999999999e-02
  5.170528046623739e-01   1.397760858201131e-01  -5.010000000000000e-02
  5.170648643751604e-01   1.397770036117859e-01  -5.010000000000000e-02
  5.170767822936703e-01   1.397779106123555e-01  -5.010000000000000e-02
  5.170885599738531e-01   1.397788069402356e-01  -5.010000000000000e-02
  5.171001989572759e-01   1.397796927127456e-01  -5.010000000000000e-02
  5.171117007711895e-01   1.397805680461154e-01  -5.010000000000000e-02
  5.171230669285960e-01   1.397814330554903e-01  -5.010000000000000e-02
  5.171342989283179e-01   1.397822878549367e-01  -5.010000000000000e-02
  5.171453982550689e-01   1.397831325574471e-01  -5.010000000000000e-02
  5.171563660533725e-01   1.397839714465217e-01  -5.010000000000000e-02
  5.171672009271618e-01   1.397848411207084e-01  -5.010000000000000e-02
  5.171779075396874e-01   1.397857004998504e-01  -5.010000000000000e-02
  5.171884873194981e-01   1.397865496986118e-01  -5.010000000000000e-02
  5.171989416814110e-01   1.397873888305547e-01  -5.010000000000000e-02
  5.172092720265888e-01   1.397882180081451e-01  -5.009999999999999e-02
  5.172194797426197e-01   1.397890373427594e-01  -5.009999999999999e-02
  5.172295662035964e-01   1.397898469446908e-01  -5.010000000000000e-02
  5.172395327701975e-01   1.397906469231558e-01  -5.010000000000000e-02
  5.172493807897696e-01   1.397914373863008e-01  -5.010000000000000e-02
  5.172591115964090e-01   1.397922184412088e-01  -5.010000000000000e-02
  5.172687265110461e-01   1.397929901939056e-01  -5.010000000000000e-02
  5.172782268415287e-01   1.397937527493674e-01  -5.010000000000000e-02
  5.172876138827074e-01   1.397945062115268e-01  -5.009999999999999e-02
  5.172968889165206e-01   1.397952506832802e-01  -5.010000000000000e-02
  5.173060532120813e-01   1.397959862664945e-01  -5.010000000000000e-02
  5.173151080257632e-01   1.397967130620140e-01  -5.010000000000000e-02
  5.173240546012877e-01   1.397974311696675e-01  -5.010000000000000e-02
  5.173328993369075e-01   1.397980696395930e-01  -5.010000000000000e-02
  5.173416426452486e-01   1.397986396530426e-01  -5.010000000000001e-02
  5.173502812574710e-01   1.397992028409071e-01  -5.010000000000000e-02
  5.173588163688722e-01   1.397997592811128e-01  -5.010000000000000e-02
  5.173672514554296e-01   1.398002631726105e-01  -5.010000000000000e-02
  5.173755957427385e-01   1.398005534279576e-01  -5.010000000000000e-02
  5.173838398904445e-01   1.398008401999570e-01  -5.010000000000000e-02
  5.173919850472339e-01   1.398011235285654e-01  -5.010000000000000e-02
  5.174000323499127e-01   1.398014034533266e-01  -5.010000000000000e-02
  5.174079856647010e-01   1.398015376316337e-01  -5.010000000000000e-02
  5.174158453186281e-01   1.398015669430761e-01  -5.010000000000000e-02
  5.174236104019826e-01   1.398015959018313e-01  -5.010000000000000e-02
  5.174312820056097e-01   1.398016245119674e-01  -5.010000000000000e-02
  5.174388612089225e-01   1.398016527775098e-01  -5.010000000000000e-02
  5.174463468397852e-01   1.398015035291336e-01  -5.010000000000000e-02
  5.174537413728864e-01   1.398012889068345e-01  -5.010000000000001e-02
  5.174610467131720e-01   1.398010768733083e-01  -5.010000000000000e-02
  5.174682638948109e-01   1.398008673985389e-01  -5.010000000000000e-02
  5.174753939410008e-01   1.398006604528285e-01  -5.010000000000000e-02
  5.174824310378534e-01   1.398003084440171e-01  -5.010000000000000e-02
  5.174893787665624e-01   1.397998671079241e-01  -5.010000000000000e-02
  5.174962424983658e-01   1.397994311075124e-01  -5.010000000000000e-02
  5.175030232119269e-01   1.397990003806149e-01  -5.010000000000000e-02
  5.175097218754082e-01   1.397985748657319e-01  -5.010000000000000e-02
  5.175163349555596e-01   1.397980996021164e-01  -5.010000000000000e-02
  5.175228529588810e-01   1.397974468952470e-01  -5.010000000000001e-02
  5.175292919898419e-01   1.397968020965972e-01  -5.010000000000000e-02
  5.175356529727513e-01   1.397961651136077e-01  -5.010000000000000e-02
  5.175419368218969e-01   1.397955358547224e-01  -5.009999999999999e-02
  5.175481444416350e-01   1.397949142293801e-01  -5.010000000000000e-02
  5.175542598720678e-01   1.397941601947920e-01  -5.010000000000001e-02
  5.175602885256062e-01   1.397933112584326e-01  -5.010000000000000e-02
  5.175662439585151e-01   1.397924726327759e-01  -5.010000000000000e-02
  5.175721270321358e-01   1.397916441965305e-01  -5.010000000000000e-02
  5.175779385983638e-01   1.397908258297352e-01  -5.010000000000000e-02
  5.175836794997339e-01   1.397900174137468e-01  -5.010000000000000e-02
  5.175893252721783e-01   1.397890637814700e-01  -5.010000000000000e-02
  5.175948875565841e-01   1.397880311141468e-01  -5.009999999999999e-02
  5.176003821326458e-01   1.397870110172333e-01  -5.010000000000000e-02
  5.176058098005955e-01   1.397860033421624e-01  -5.010000000000000e-02
  5.176111713517957e-01   1.397850079420134e-01  -5.009999999999999e-02
  5.176164675688244e-01   1.397840246714965e-01  -5.010000000000000e-02
  5.176216787960289e-01   1.397829563770090e-01  -5.010000000000000e-02
  5.176267946845180e-01   1.397817501407745e-01  -5.010000000000000e-02
  5.176318481686638e-01   1.397805586183828e-01  -5.010000000000000e-02
  5.176368399892061e-01   1.397793816351809e-01  -5.010000000000000e-02
  5.176417708785952e-01   1.397782190184697e-01  -5.010000000000001e-02
  5.176466415610734e-01   1.397770705974858e-01  -5.010000000000000e-02
  5.176514527527535e-01   1.397759362033823e-01  -5.010000000000000e-02
  5.176561479072495e-01   1.397745993410129e-01  -5.010000000000000e-02
  5.176607751633460e-01   1.397732390859939e-01  -5.010000000000000e-02
  5.176653458489672e-01   1.397718954607597e-01  -5.010000000000000e-02
  5.176698606387208e-01   1.397705682669986e-01  -5.010000000000000e-02
  5.176743201995880e-01   1.397692573086410e-01  -5.009999999999999e-02
  5.176787251909999e-01   1.397679623918369e-01  -5.010000000000000e-02
  5.176830762649118e-01   1.397666833249334e-01  -5.010000000000000e-02
  5.176872917625334e-01   1.397651683985281e-01  -5.010000000000000e-02
  5.176914534654153e-01   1.397636654032328e-01  -5.010000000000000e-02
  5.176955641850214e-01   1.397621808205023e-01  -5.010000000000000e-02
  5.176996245319051e-01   1.397607144298357e-01  -5.010000000000000e-02
  5.177036351096539e-01   1.397592660132479e-01  -5.010000000000000e-02
  5.177075965149598e-01   1.397578353552441e-01  -5.010000000000000e-02
  5.177115093376900e-01   1.397564222427944e-01  -5.010000000000000e-02
  5.177152928860207e-01   1.397548238203397e-01  -5.010000000000000e-02
  5.177190049819535e-01   1.397531826116251e-01  -5.010000000000000e-02
  5.177226715171210e-01   1.397515615464429e-01  -5.010000000000000e-02
  5.177262930392470e-01   1.397499603826312e-01  -5.010000000000000e-02
  5.177298700897534e-01   1.397483788808140e-01  -5.010000000000001e-02
  5.177334032038253e-01   1.397468168043726e-01  -5.010000000000000e-02
  5.177368929104774e-01   1.397452739194169e-01  -5.010000000000000e-02
  5.177403161862746e-01   1.397437020166785e-01  -5.010000000000000e-02
  5.177435896307437e-01   1.397419298774889e-01  -5.010000000000000e-02
  5.177468228291797e-01   1.397401795262274e-01  -5.010000000000000e-02
  5.177500162671193e-01   1.397384507000398e-01  -5.010000000000000e-02
  5.177531704244700e-01   1.397367431391192e-01  -5.010000000000000e-02
  5.177562857755711e-01   1.397350565866735e-01  -5.009999999999999e-02
  5.177593627892512e-01   1.397333907888936e-01  -5.010000000000000e-02
  5.177624019288879e-01   1.397317454949217e-01  -5.010000000000001e-02
  5.177653750417689e-01   1.397300729150358e-01  -5.010000000000000e-02
  5.177681814894487e-01   1.397282048232717e-01  -5.010000000000000e-02
  5.177709533709738e-01   1.397263597402206e-01  -5.010000000000001e-02
  5.177736911048820e-01   1.397245373872856e-01  -5.010000000000000e-02
  5.177763951048219e-01   1.397227374891247e-01  -5.010000000000000e-02
  5.177790657796043e-01   1.397209597736157e-01  -5.010000000000000e-02
  5.177817035332555e-01   1.397192039718216e-01  -5.010000000000001e-02
  5.177843087650683e-01   1.397174698179559e-01  -5.010000000000000e-02
  5.177868818696542e-01   1.397157570493483e-01  -5.010000000000000e-02
  5.177892897470465e-01   1.397138861220318e-01  -5.010000000000000e-02
  5.177916099671701e-01   1.397119604425521e-01  -5.010000000000000e-02
  5.177939015581936e-01   1.397100585239517e-01  -5.010000000000000e-02
  5.177961648680449e-01   1.397081800774661e-01  -5.010000000000000e-02
  5.177984002405554e-01   1.397063248177305e-01  -5.010000000000000e-02
  5.178006080155042e-01   1.397044924627433e-01  -5.010000000000000e-02
  5.178027885286638e-01   1.397026827338283e-01  -5.010000000000000e-02
  5.178049421118435e-01   1.397008953555987e-01  -5.010000000000000e-02
  5.178070690929331e-01   1.396991300559203e-01  -5.010000000000000e-02
  5.178090339447204e-01   1.396972414503357e-01  -5.010000000000000e-02
  5.178108888231745e-01   1.396952846438155e-01  -5.010000000000000e-02
  5.178127207774275e-01   1.396933520212121e-01  -5.010000000000000e-02
  5.178145300869896e-01   1.396914432876556e-01  -5.010000000000000e-02
  5.178163170280580e-01   1.396895581517718e-01  -5.010000000000000e-02
  5.178180818735522e-01   1.396876963256437e-01  -5.010000000000000e-02
  5.178198248931516e-01   1.396858575247726e-01  -5.009999999999999e-02
  5.178215463533318e-01   1.396840414680399e-01  -5.010000000000000e-02
  5.178232465174001e-01   1.396822478776691e-01  -5.010000000000000e-02
  5.178249256455308e-01   1.396804764791887e-01  -5.010000000000000e-02
  5.178264005888584e-01   1.396785750734757e-01  -5.010000000000000e-02
  5.178277934281054e-01   1.396766443101058e-01  -5.009999999999999e-02
  5.178291690260499e-01   1.396747374467481e-01  -5.010000000000001e-02
  5.178305275935904e-01   1.396728541910540e-01  -5.010000000000000e-02
  5.178318693391076e-01   1.396709942541647e-01  -5.010000000000000e-02
  5.178331944684937e-01   1.396691573506709e-01  -5.010000000000000e-02
  5.178345031851802e-01   1.396673431985745e-01  -5.010000000000000e-02
  5.178357956901661e-01   1.396655515192492e-01  -5.010000000000000e-02
  5.178370721820454e-01   1.396637820374027e-01  -5.010000000000000e-02
  5.178383328570345e-01   1.396620344810385e-01  -5.010000000000000e-02
  5.178395779089993e-01   1.396603085814183e-01  -5.010000000000000e-02
  5.178406066578135e-01   1.396584803084972e-01  -5.010000000000000e-02
  5.178415641759437e-01   1.396566386678995e-01  -5.010000000000000e-02
  5.178425098232362e-01   1.396548198590542e-01  -5.010000000000000e-02
  5.178434437453470e-01   1.396530236018139e-01  -5.010000000000000e-02
  5.178443660861826e-01   1.396512496193962e-01  -5.010000000000000e-02
  5.178452769879196e-01   1.396494976383460e-01  -5.010000000000000e-02
  5.178461765910253e-01   1.396477673884961e-01  -5.010000000000000e-02
  5.178470650342764e-01   1.396460586029303e-01  -5.010000000000001e-02
  5.178479424547793e-01   1.396443710179455e-01  -5.010000000000000e-02
  5.178488089879888e-01   1.396427043730147e-01  -5.010000000000000e-02
  5.178496647677278e-01   1.396410584107504e-01  -5.010000000000000e-02
  5.178505099262052e-01   1.396394328768682e-01  -5.010000000000000e-02
  5.178513027686005e-01   1.396378097032560e-01  -5.010000000000000e-02
  5.178518749427833e-01   1.396361168717338e-01  -5.010000000000000e-02
  5.178524400131691e-01   1.396344450574681e-01  -5.010000000000000e-02
  5.178529980671764e-01   1.396327940018226e-01  -5.010000000000000e-02
  5.178535491911678e-01   1.396311634492864e-01  -5.010000000000000e-02
  5.178540934704610e-01   1.396295531474379e-01  -5.010000000000000e-02
  5.178546309893419e-01   1.396279628469089e-01  -5.010000000000000e-02
  5.178551618310769e-01   1.396263923013493e-01  -5.010000000000000e-02
  5.178556860779238e-01   1.396248412673910e-01  -5.010000000000000e-02
  5.178562038111438e-01   1.396233095046142e-01  -5.010000000000000e-02
  5.178567151110143e-01   1.396217967755120e-01  -5.010000000000000e-02
  5.178572200568388e-01   1.396203028454569e-01  -5.010000000000000e-02
  5.178577187269590e-01   1.396188274826667e-01  -5.010000000000000e-02
  5.178582111987666e-01   1.396173704581718e-01  -5.010000000000000e-02
  5.178586975487138e-01   1.396159315457813e-01  -5.010000000000000e-02
  5.178591778523241e-01   1.396145105220510e-01  -5.010000000000000e-02
