689
  4.931509648304700e-01   1.257567298085230e-01  -5.010000000000000e-02
  4.931497813777645e-01   1.257576514590499e-01  -5.010000000000000e-02
  4.931485775647951e-01   1.257585889657642e-01  -5.010000000000000e-02
  4.931473530432943e-01   1.257595425998901e-01  -5.010000000000000e-02
  4.931461074591074e-01   1.257605126372365e-01  -5.010000000000000e-02
  4.931448404520955e-01   1.257614993582730e-01  -5.010000000000000e-02
  4.931435516560366e-01   1.257625030482059e-01  -5.010000000000000e-02
  4.931422406985261e-01   1.257635239970572e-01  -5.010000000000000e-02
  4.931409072008746e-01   1.257645624997429e-01  -5.010000000000000e-02
  4.931395507780047e-01   1.257656188561540e-01  -5.010000000000000e-02
  4.931381710383463e-01   1.257666933712378e-01  -5.010000000000000e-02
  4.931369829929819e-01   1.257679983212206e-01  -5.010000000000000e-02
  4.931358943701424e-01   1.257694436229254e-01  -5.010000000000000e-02
  4.931347870403401e-01   1.257709137607849e-01  -5.010000000000000e-02
  4.931336606843469e-01   1.257724091586198e-01  -5.010000000000000e-02
  4.931325149775646e-01   1.257739302473803e-01  -5.010000000000000e-02
  4.931313495899378e-01   1.257754774652622e-01  -5.010000000000000e-02
  4.931301641858643e-01   1.257770512578247e-01  -5.010000000000000e-02
  4.931289584241057e-01   1.257786520781108e-01  -5.009999999999999e-02
  4.931277319576945e-01   1.257802803867689e-01  -5.010000000000000e-02
  4.931264844338422e-01   1.257819366521761e-01  -5.010000000000000e-02
  4.931252534007289e-01   1.257836451657265e-01  -5.010000000000000e-02
  4.931242697480429e-01   1.257855516982052e-01  -5.010000000000000e-02
  4.931232692136532e-01   1.257874909510913e-01  -5.010000000000000e-02
  4.931222515102239e-01   1.257894634813036e-01  -5.010000000000001e-02
  4.931212163456121e-01   1.257914698550790e-01  -5.010000000000000e-02
  4.931201634227896e-01   1.257935106481225e-01  -5.010000000000000e-02
  4.931190924397645e-01   1.257955864457598e-01  -5.010000000000000e-02
  4.931180030895016e-01   1.257976978430920e-01  -5.010000000000001e-02
  4.931168950598409e-01   1.257998454451529e-01  -5.010000000000000e-02
  4.931157680334155e-01   1.258020298670681e-01  -5.010000000000000e-02
  4.931146216875688e-01   1.258042517342168e-01  -5.010000000000000e-02
  4.931135867719534e-01   1.258065702833456e-01  -5.010000000000000e-02
  4.931126646666700e-01   1.258089869269323e-01  -5.010000000000000e-02
  4.931117267624211e-01   1.258114449762779e-01  -5.009999999999999e-02
  4.931107727912175e-01   1.258139451337249e-01  -5.009999999999999e-02
  4.931098024806185e-01   1.258164881132831e-01  -5.010000000000000e-02
  4.931088155536607e-01   1.258190746408153e-01  -5.010000000000000e-02
  4.931078117287867e-01   1.258217054542244e-01  -5.010000000000000e-02
  4.931067907197717e-01   1.258243813036447e-01  -5.010000000000000e-02
  4.931057522356507e-01   1.258271029516347e-01  -5.010000000000000e-02
  4.931046959806427e-01   1.258298711733736e-01  -5.010000000000000e-02
  4.931036285427263e-01   1.258326890813677e-01  -5.010000000000000e-02
  4.931027627248045e-01   1.258356293880587e-01  -5.010000000000000e-02
  4.931018820992957e-01   1.258386199811277e-01  -5.010000000000000e-02
  4.931009864159625e-01   1.258416617103778e-01  -5.010000000000000e-02
  4.931000754204429e-01   1.258447554396185e-01  -5.010000000000000e-02
  4.930991488541864e-01   1.258479020468845e-01  -5.010000000000000e-02
  4.930982064543882e-01   1.258511024246574e-01  -5.010000000000000e-02
  4.930972479539234e-01   1.258543574800899e-01  -5.010000000000001e-02
  4.930962730812801e-01   1.258576681352334e-01  -5.009999999999999e-02
  4.930952815604911e-01   1.258610353272689e-01  -5.010000000000000e-02
  4.930942731110653e-01   1.258644600087401e-01  -5.010000000000000e-02
  4.930934326638822e-01   1.258679919255331e-01  -5.010000000000000e-02
  4.930925956149383e-01   1.258715887884800e-01  -5.010000000000000e-02
  4.930917442847101e-01   1.258752470191918e-01  -5.010000000000001e-02
  4.930908784330414e-01   1.258789676496372e-01  -5.010000000000000e-02
  4.930899978158591e-01   1.258827517286172e-01  -5.010000000000000e-02
  4.930891021851133e-01   1.258866003220211e-01  -5.010000000000000e-02
  4.930881912887167e-01   1.258905145130866e-01  -5.010000000000000e-02
  4.930872648704837e-01   1.258944954026628e-01  -5.010000000000000e-02
  4.930863226700686e-01   1.258985441094761e-01  -5.010000000000000e-02
  4.930854149721888e-01   1.259026723860225e-01  -5.010000000000000e-02
  4.930846225916432e-01   1.259068984155998e-01  -5.010000000000000e-02
  4.930838167233533e-01   1.259111963798121e-01  -5.010000000000000e-02
  4.930829971415949e-01   1.259155674825240e-01  -5.010000000000000e-02
  4.930821636169991e-01   1.259200129470345e-01  -5.010000000000000e-02
  4.930813159164993e-01   1.259245340163669e-01  -5.010000000000000e-02
  4.930804538032755e-01   1.259291319535603e-01  -5.010000000000000e-02
  4.930795770366994e-01   1.259338080419661e-01  -5.010000000000001e-02
  4.930786853722781e-01   1.259385635855469e-01  -5.010000000000000e-02
  4.930778114192054e-01   1.259434054792739e-01  -5.010000000000000e-02
  4.930770611153967e-01   1.259483530708597e-01  -5.010000000000000e-02
  4.930762980747093e-01   1.259533846509214e-01  -5.010000000000001e-02
  4.930755220851815e-01   1.259585016171612e-01  -5.010000000000000e-02
  4.930747329314706e-01   1.259637053895720e-01  -5.010000000000000e-02
  4.930739303948053e-01   1.259689974107592e-01  -5.010000000000000e-02
  4.930731142529354e-01   1.259743791462661e-01  -5.010000000000000e-02
  4.930722842800824e-01   1.259798520849024e-01  -5.009999999999999e-02
  4.930714402468892e-01   1.259854177390765e-01  -5.010000000000000e-02
  4.930706875488948e-01   1.259910921591597e-01  -5.010000000000000e-02
  4.930699756225967e-01   1.259968699905422e-01  -5.010000000000000e-02
  4.930692516491487e-01   1.260027455938440e-01  -5.009999999999999e-02
  4.930685154293856e-01   1.260087205854445e-01  -5.010000000000000e-02
  4.930677667610117e-01   1.260147966071306e-01  -5.010000000000000e-02
  4.930670054385566e-01   1.260209753264508e-01  -5.010000000000001e-02
  4.930662312533323e-01   1.260272584370719e-01  -5.010000000000000e-02
  4.930654439933876e-01   1.260336476591399e-01  -5.010000000000000e-02
  4.930647473974034e-01   1.260401563260826e-01  -5.010000000000000e-02
  4.930640868147397e-01   1.260467801452431e-01  -5.010000000000000e-02
  4.930634150901303e-01   1.260535156873380e-01  -5.009999999999999e-02
  4.930627320406268e-01   1.260603647868336e-01  -5.010000000000000e-02
  4.930620374804485e-01   1.260673293065980e-01  -5.010000000000000e-02
  4.930613312209443e-01   1.260744111382810e-01  -5.010000000000000e-02
  4.930606130705543e-01   1.260816122026970e-01  -5.010000000000000e-02
  4.930599168942081e-01   1.260889375078776e-01  -5.010000000000000e-02
  4.930593214127481e-01   1.260963961189762e-01  -5.010000000000000e-02
  4.930587159199106e-01   1.261039801260371e-01  -5.010000000000000e-02
  4.930581002524284e-01   1.261116915740401e-01  -5.010000000000000e-02
  4.930574742445450e-01   1.261195325391414e-01  -5.010000000000000e-02
  4.930568377279830e-01   1.261275051290747e-01  -5.010000000000000e-02
  4.930561905319117e-01   1.261356114835529e-01  -5.010000000000000e-02
  4.930555720074251e-01   1.261438565865144e-01  -5.010000000000000e-02
  4.930550479546022e-01   1.261522473365018e-01  -5.010000000000000e-02
  4.930545151234336e-01   1.261607786389319e-01  -5.010000000000000e-02
  4.930539733718632e-01   1.261694527683014e-01  -5.010000000000000e-02
  4.930534225557074e-01   1.261782720331730e-01  -5.010000000000000e-02
  4.930528625286291e-01   1.261872387765908e-01  -5.009999999999999e-02
  4.930522931421113e-01   1.261963553764975e-01  -5.010000000000000e-02
  4.930518244383613e-01   1.262056302842968e-01  -5.009999999999999e-02
  4.930513798139440e-01   1.262150617597955e-01  -5.010000000000000e-02
  4.930509277723213e-01   1.262246505707643e-01  -5.010000000000000e-02
  4.930504681945125e-01   1.262343992410469e-01  -5.010000000000000e-02
  4.930500009597912e-01   1.262443103315199e-01  -5.010000000000000e-02
  4.930495259456651e-01   1.262543864405175e-01  -5.010000000000000e-02
  4.930491411471683e-01   1.262646341648521e-01  -5.010000000000000e-02
  4.930487911330919e-01   1.262750539466478e-01  -5.010000000000000e-02
  4.930484353031162e-01   1.262856468654843e-01  -5.010000000000000e-02
  4.930480735647336e-01   1.262964156752736e-01  -5.010000000000000e-02
  4.930477058241066e-01   1.263073631695294e-01  -5.010000000000000e-02
  4.930473367091317e-01   1.263184923112541e-01  -5.010000000000000e-02
  4.930470964204101e-01   1.263298095459668e-01  -5.010000000000000e-02
  4.930468521534231e-01   1.263413141509520e-01  -5.009999999999999e-02
  4.930466038453842e-01   1.263530090833625e-01  -5.010000000000000e-02
  4.930463514326207e-01   1.263648973420771e-01  -5.010000000000001e-02
  4.930460948505655e-01   1.263769819681177e-01  -5.010000000000000e-02
  4.930459367005562e-01   1.263892676382779e-01  -5.010000000000000e-02
  4.930458142413075e-01   1.264017565065035e-01  -5.009999999999999e-02
  4.930456897642507e-01   1.264144511586021e-01  -5.010000000000000e-02
  4.930455632378681e-01   1.264273548088680e-01  -5.010000000000001e-02
  4.930454346302089e-01   1.264404707157967e-01  -5.010000000000000e-02
  4.930454160953290e-01   1.264538026711009e-01  -5.010000000000000e-02
  4.930454309260239e-01   1.264673536889278e-01  -5.010000000000000e-02
  4.930454460000245e-01   1.264811270186451e-01  -5.010000000000000e-02
  4.930454613210951e-01   1.264951260996740e-01  -5.009999999999999e-02
  4.930454962118331e-01   1.265093542974314e-01  -5.010000000000000e-02
  4.930456602764953e-01   1.265238144623130e-01  -5.010000000000000e-02
  4.930458270225852e-01   1.265385109601501e-01  -5.010000000000000e-02
  4.930459964912438e-01   1.265534474169965e-01  -5.010000000000000e-02
  4.930461687241527e-01   1.265686275065255e-01  -5.010000000000000e-02
  4.930464654445850e-01   1.265840529650488e-01  -5.009999999999999e-02
  4.930467991325246e-01   1.265997289911756e-01  -5.010000000000000e-02
  4.930471382464290e-01   1.266156599188269e-01  -5.009999999999999e-02
  4.930474828686112e-01   1.266318496149253e-01  -5.010000000000000e-02
  4.930478935969208e-01   1.266483005565113e-01  -5.010000000000000e-02
  4.930483328801393e-01   1.266650176043903e-01  -5.010000000000000e-02
  4.930487792749563e-01   1.266820052861780e-01  -5.010000000000000e-02
  4.930492328881977e-01   1.266992676671550e-01  -5.009999999999999e-02
  4.930496938280135e-01   1.267168088630073e-01  -5.010000000000000e-02
  4.930501622038852e-01   1.267346330400820e-01  -5.010000000000000e-02
  4.930506381266319e-01   1.267527444156307e-01  -5.010000000000000e-02
  4.930511217084161e-01   1.267711472580387e-01  -5.010000000000000e-02
  4.930516130627503e-01   1.267898458870392e-01  -5.010000000000000e-02
  4.930521123045007e-01   1.268088446739134e-01  -5.010000000000000e-02
  4.930526195498935e-01   1.268281480416733e-01  -5.010000000000000e-02
  4.930531349165183e-01   1.268477604652284e-01  -5.010000000000000e-02
  4.930536585233325e-01   1.268676864715359e-01  -5.010000000000000e-02
  4.930540179803047e-01   1.268879343328122e-01  -5.010000000000000e-02
  4.930543582127291e-01   1.269085055805443e-01  -5.010000000000000e-02
  4.930547038624990e-01   1.269294043736438e-01  -5.010000000000000e-02
  4.930550550079647e-01   1.269506354493595e-01  -5.009999999999999e-02
  4.930554117283452e-01   1.269722035974552e-01  -5.010000000000000e-02
  4.930557741037285e-01   1.269941136602371e-01  -5.010000000000000e-02
  4.930561422150716e-01   1.270163705325587e-01  -5.009999999999999e-02
  4.930565161442003e-01   1.270389791618005e-01  -5.009999999999999e-02
  4.930568959738084e-01   1.270619445478253e-01  -5.010000000000000e-02
  4.930572817874568e-01   1.270852717429067e-01  -5.010000000000001e-02
  4.930577570315401e-01   1.271089638911448e-01  -5.010000000000000e-02
  4.930584907751748e-01   1.271330221751918e-01  -5.010000000000000e-02
  4.930592360215174e-01   1.271574576146905e-01  -5.010000000000000e-02
  4.930599929309575e-01   1.271822754685653e-01  -5.010000000000000e-02
  4.930607616654591e-01   1.272074810473530e-01  -5.010000000000000e-02
  4.930615423885524e-01   1.272330797129535e-01  -5.010000000000000e-02
  4.930623352653258e-01   1.272590768783481e-01  -5.010000000000000e-02
  4.930631404624160e-01   1.272854780072827e-01  -5.010000000000000e-02
  4.930639581479965e-01   1.273122886139156e-01  -5.010000000000000e-02
  4.930650089991573e-01   1.273395051693127e-01  -5.010000000000000e-02
  4.930664449324742e-01   1.273671270296925e-01  -5.010000000000000e-02
  4.930679030085350e-01   1.273951748317056e-01  -5.010000000000000e-02
  4.930693835239937e-01   1.274236542818358e-01  -5.010000000000000e-02
  4.930708867780009e-01   1.274525711346013e-01  -5.010000000000000e-02
  4.930724130721743e-01   1.274819311919649e-01  -5.010000000000000e-02
  4.930739627105644e-01   1.275117403027002e-01  -5.009999999999999e-02
  4.930755359996203e-01   1.275420043617124e-01  -5.010000000000000e-02
  4.930777370428039e-01   1.275726904190080e-01  -5.010000000000000e-02
  4.930801304406339e-01   1.276038325235738e-01  -5.010000000000000e-02
  4.930825601250054e-01   1.276354467766705e-01  -5.010000000000000e-02
  4.930850265618091e-01   1.276675392403140e-01  -5.010000000000000e-02
  4.930875302201594e-01   1.277001160184675e-01  -5.010000000000000e-02
  4.930900715723195e-01   1.277331832560654e-01  -5.010000000000000e-02
  4.930928222173845e-01   1.277667317457389e-01  -5.009999999999999e-02
  4.930963253624428e-01   1.278007188938383e-01  -5.010000000000000e-02
  4.930998808622015e-01   1.278352139817809e-01  -5.009999999999999e-02
  4.931034893642908e-01   1.278702232928094e-01  -5.010000000000000e-02
  4.931071515199663e-01   1.279057531453368e-01  -5.010000000000000e-02
  4.931108679839727e-01   1.279418098916291e-01  -5.010000000000000e-02
  4.931149939293653e-01   1.279783586682682e-01  -5.010000000000000e-02
  4.931197938578708e-01   1.280153751929336e-01  -5.010000000000000e-02
  4.931246643883335e-01   1.280529361921866e-01  -5.010000000000000e-02
  4.931296063575783e-01   1.280910481195281e-01  -5.010000000000001e-02
  4.931346206058304e-01   1.281297174546843e-01  -5.010000000000000e-02
  4.931398716443455e-01   1.281689272996093e-01  -5.010000000000000e-02
  4.931460718443323e-01   1.282085824428507e-01  -5.010000000000000e-02
  4.931523619212823e-01   1.282488124197839e-01  -5.010000000000000e-02
  4.931587428981141e-01   1.282896237727759e-01  -5.010000000000001e-02
  4.931652158003929e-01   1.283310230611214e-01  -5.010000000000000e-02
  4.931722738187154e-01   1.283729334074433e-01  -5.010000000000000e-02
  4.931800273896554e-01   1.284153428475478e-01  -5.010000000000000e-02
  4.931878915794251e-01   1.284583573356577e-01  -5.010000000000000e-02
  4.931958675904576e-01   1.285019834486799e-01  -5.010000000000000e-02
  4.932041463115516e-01   1.285461906182505e-01  -5.010000000000000e-02
  4.932134756751263e-01   1.285908391788660e-01  -5.010000000000000e-02
  4.932229363179125e-01   1.286361160168321e-01  -5.010000000000000e-02
  4.932325296091656e-01   1.286820276851453e-01  -5.010000000000000e-02
  4.932425312135907e-01   1.287285198814291e-01  -5.010000000000000e-02
  4.932535539395465e-01   1.287754635025584e-01  -5.010000000000000e-02
  4.932647294980994e-01   1.288230580076487e-01  -5.010000000000000e-02
  4.932760594115586e-01   1.288713098799162e-01  -5.010000000000000e-02
  4.932882565644837e-01   1.289200495588884e-01  -5.010000000000000e-02
  4.933010812117960e-01   1.289693431929447e-01  -5.010000000000000e-02
  4.933140808796326e-01   1.290193095470742e-01  -5.010000000000000e-02
  4.933275405556217e-01   1.290698777232084e-01  -5.010000000000000e-02
  4.933420917244790e-01   1.291208823066543e-01  -5.010000000000000e-02
  4.933568389814959e-01   1.291725742159774e-01  -5.010000000000001e-02
  4.933718974262286e-01   1.292249259545204e-01  -5.010000000000000e-02
  4.933882429597287e-01   1.292776538066839e-01  -5.010000000000000e-02
  4.934048058453643e-01   1.293310827990865e-01  -5.010000000000000e-02
  4.934217669796104e-01   1.293851613244546e-01  -5.010000000000000e-02
  4.934399765783334e-01   1.294396221090136e-01  -5.010000000000000e-02
  4.934584249365212e-01   1.294947969690431e-01  -5.009999999999999e-02
  4.934775681283003e-01   1.295505344941982e-01  -5.010000000000000e-02
  4.934977091695151e-01   1.296067362138116e-01  -5.010000000000000e-02
  4.935181104082557e-01   1.296636639906449e-01  -5.010000000000000e-02
  4.935396886893502e-01   1.297209848143218e-01  -5.010000000000000e-02
  4.935618273745571e-01   1.297789332268416e-01  -5.010000000000000e-02
  4.935845908678605e-01   1.298374835006610e-01  -5.010000000000000e-02
  4.936084968224757e-01   1.298964379799925e-01  -5.010000000000000e-02
  4.936327035220093e-01   1.299561341264259e-01  -5.010000000000000e-02
  4.936583278246765e-01   1.300161121520657e-01  -5.010000000000000e-02
  4.936843471295539e-01   1.300768044337857e-01  -5.010000000000000e-02
  4.937115053793303e-01   1.301378876806583e-01  -5.010000000000000e-02
  4.937393543039410e-01   1.301995648715929e-01  -5.010000000000000e-02
  4.937681950339620e-01   1.302616942561044e-01  -5.009999999999999e-02
  4.937979009686370e-01   1.303243399236790e-01  -5.010000000000000e-02
  4.938285608106110e-01   1.303874527191267e-01  -5.010000000000000e-02
  4.938601521997075e-01   1.304510487567699e-01  -5.009999999999999e-02
  4.938927470399032e-01   1.305150842235592e-01  -5.010000000000000e-02
  4.939262349309730e-01   1.305796201736351e-01  -5.010000000000000e-02
  4.939608722073094e-01   1.306445145340449e-01  -5.010000000000001e-02
  4.939962874435506e-01   1.307099688376026e-01  -5.010000000000000e-02
  4.940330557068386e-01   1.307756621692136e-01  -5.010000000000000e-02
  4.940705239634716e-01   1.308419567224308e-01  -5.010000000000000e-02
  4.941094030371671e-01   1.309084454875436e-01  -5.010000000000000e-02
  4.941491693807960e-01   1.309754231752050e-01  -5.010000000000000e-02
  4.941900062972607e-01   1.310427844895714e-01  -5.010000000000000e-02
  4.942321308454227e-01   1.311103859257154e-01  -5.010000000000000e-02
  4.942751598107431e-01   1.311784629118406e-01  -5.010000000000000e-02
  4.943194954029205e-01   1.312467570134398e-01  -5.010000000000000e-02
  4.943649908054648e-01   1.313153505496984e-01  -5.010000000000000e-02
  4.944114926355538e-01   1.313843439384136e-01  -5.010000000000000e-02
  4.944593280011249e-01   1.314535097126519e-01  -5.010000000000000e-02
  4.945083801615755e-01   1.315229146533393e-01  -5.010000000000000e-02
  4.945585207175207e-01   1.315926449089823e-01  -5.010000000000000e-02
  4.946098664601829e-01   1.316626118093048e-01  -5.010000000000000e-02
  4.946626132125136e-01   1.317326569384522e-01  -5.009999999999999e-02
  4.947165100216862e-01   1.318029572058469e-01  -5.010000000000000e-02
  4.947715868057317e-01   1.318734842434118e-01  -5.010000000000000e-02
  4.948279154342251e-01   1.319441735771915e-01  -5.010000000000000e-02
  4.948856596156258e-01   1.320148788389138e-01  -5.010000000000000e-02
  4.949446177389515e-01   1.320857502294436e-01  -5.010000000000000e-02
  4.950048117056576e-01   1.321567603190394e-01  -5.009999999999999e-02
  4.950662600495596e-01   1.322278829396505e-01  -5.010000000000000e-02
  4.951289763982756e-01   1.322990946571295e-01  -5.010000000000000e-02
  4.951931127363559e-01   1.323702445868575e-01  -5.010000000000000e-02
  4.952585246382472e-01   1.324414453115852e-01  -5.009999999999999e-02
  4.953252157438429e-01   1.325126799424951e-01  -5.010000000000000e-02
  4.953931937910617e-01   1.325839270143164e-01  -5.010000000000000e-02
  4.954624631108883e-01   1.326551673029024e-01  -5.010000000000000e-02
  4.955330275291957e-01   1.327263811716887e-01  -5.010000000000000e-02
  4.956048918539825e-01   1.327975471937307e-01  -5.009999999999999e-02
  4.956780557854738e-01   1.328686482254941e-01  -5.010000000000000e-02
  4.957525330867966e-01   1.329396515824803e-01  -5.010000000000000e-02
  4.958283415744729e-01   1.330105182497778e-01  -5.010000000000000e-02
  4.959054315949630e-01   1.330812811859294e-01  -5.010000000000000e-02
  4.959838055206962e-01   1.331519183234969e-01  -5.010000000000000e-02
  4.960634636090404e-01   1.332224090440656e-01  -5.010000000000000e-02
  4.961443881160932e-01   1.332927526713244e-01  -5.010000000000000e-02
  4.962265805655341e-01   1.333629259630060e-01  -5.009999999999999e-02
  4.963100307993154e-01   1.334329188586643e-01  -5.010000000000000e-02
  4.963947317684724e-01   1.335027170307450e-01  -5.010000000000001e-02
  4.964806765458673e-01   1.335723055878061e-01  -5.010000000000000e-02
  4.965678505170935e-01   1.336416787423472e-01  -5.010000000000000e-02
  4.966562456876414e-01   1.337108220226394e-01  -5.010000000000000e-02
  4.967458507317430e-01   1.337797249002173e-01  -5.010000000000000e-02
  4.968366557995941e-01   1.338483743725798e-01  -5.010000000000000e-02
  4.969286457756094e-01   1.339167641904848e-01  -5.010000000000000e-02
  4.970218047287954e-01   1.339848888906077e-01  -5.010000000000000e-02
  4.971161213640293e-01   1.340527364777291e-01  -5.010000000000000e-02
  4.972115803044475e-01   1.341203002753022e-01  -5.010000000000000e-02
  4.973081664328111e-01   1.341875729287045e-01  -5.010000000000000e-02
  4.974058682834701e-01   1.342545414881190e-01  -5.010000000000000e-02
  4.975046678827848e-01   1.343212021616748e-01  -5.010000000000000e-02
  4.976045472920144e-01   1.343875508621428e-01  -5.010000000000000e-02
  4.977054898877712e-01   1.344535813764807e-01  -5.010000000000001e-02
  4.978074768228623e-01   1.345192906582222e-01  -5.010000000000000e-02
  4.979104932753636e-01   1.345846691205561e-01  -5.010000000000001e-02
  4.980145203122253e-01   1.346497133796154e-01  -5.010000000000000e-02
  4.981195403791535e-01   1.347144175378457e-01  -5.010000000000000e-02
  4.982255301490167e-01   1.347787849859880e-01  -5.010000000000000e-02
  4.983324782751429e-01   1.348427990142715e-01  -5.010000000000000e-02
  4.984403597228961e-01   1.349064655641585e-01  -5.010000000000000e-02
  4.985491586761998e-01   1.349697746344739e-01  -5.010000000000001e-02
  4.986588498136862e-01   1.350327325111846e-01  -5.010000000000000e-02
  4.987694190366859e-01   1.350953255721901e-01  -5.010000000000000e-02
  4.988808458826265e-01   1.351575511324524e-01  -5.010000000000000e-02
  4.989931092014955e-01   1.352194074036804e-01  -5.010000000000000e-02
  4.991061836306442e-01   1.352809002294048e-01  -5.010000000000000e-02
  4.992200543338129e-01   1.353420158059342e-01  -5.010000000000000e-02
  4.993346972433208e-01   1.354027572854955e-01  -5.009999999999999e-02
  4.994500889918364e-01   1.354631263068388e-01  -5.010000000000001e-02
  4.995662131199681e-01   1.355231110869417e-01  -5.010000000000000e-02
  4.996830483004761e-01   1.355827088952475e-01  -5.010000000000000e-02
  4.998005698698271e-01   1.356419233342939e-01  -5.010000000000000e-02
  4.999187586988312e-01   1.357007468384330e-01  -5.010000000000000e-02
  5.000375915455204e-01   1.357591799486208e-01  -5.010000000000000e-02
  5.001570467261266e-01   1.358172197328444e-01  -5.010000000000000e-02
  5.002771043073604e-01   1.358748595326307e-01  -5.010000000000000e-02
  5.003977408762286e-01   1.359320996341084e-01  -5.010000000000000e-02
  5.005189336661842e-01   1.359889388543950e-01  -5.010000000000000e-02
  5.006406619445895e-01   1.360453714910675e-01  -5.010000000000000e-02
  5.007629052148184e-01   1.361013911133149e-01  -5.010000000000000e-02
  5.008856393180990e-01   1.361569990680550e-01  -5.010000000000000e-02
  5.010088405789253e-01   1.362121955857189e-01  -5.010000000000001e-02
  5.011324902015805e-01   1.362669699323646e-01  -5.009999999999999e-02
  5.012565643188788e-01   1.363213225393097e-01  -5.010000000000000e-02
  5.013810471927669e-01   1.363752350114326e-01  -5.010000000000000e-02
  5.015059194349636e-01   1.364286966975286e-01  -5.010000000000000e-02
  5.016311516884457e-01   1.364817202814026e-01  -5.010000000000000e-02
  5.017567204293981e-01   1.365343052046958e-01  -5.010000000000000e-02
  5.018826036120228e-01   1.365864473964343e-01  -5.010000000000000e-02
  5.020087780071396e-01   1.366381456752969e-01  -5.010000000000000e-02
  5.021352220983192e-01   1.366893946924081e-01  -5.010000000000000e-02
  5.022619148050065e-01   1.367401880360641e-01  -5.010000000000000e-02
  5.023888335151280e-01   1.367905231481794e-01  -5.010000000000000e-02
  5.025159545762441e-01   1.368404002164359e-01  -5.010000000000000e-02
  5.026432559113558e-01   1.368898156186747e-01  -5.010000000000000e-02
  5.027707272521634e-01   1.369387350343633e-01  -5.010000000000000e-02
  5.028983519286816e-01   1.369871397506181e-01  -5.010000000000000e-02
  5.030260929770474e-01   1.370350650259672e-01  -5.010000000000000e-02
  5.031539299986542e-01   1.370825033407816e-01  -5.010000000000000e-02
  5.032818400277528e-01   1.371294543618171e-01  -5.010000000000000e-02
  5.034098001367173e-01   1.371759180170775e-01  -5.010000000000001e-02
  5.035377889684077e-01   1.372218903018021e-01  -5.010000000000000e-02
  5.036657866181744e-01   1.372673635386240e-01  -5.009999999999999e-02
  5.037937872198899e-01   1.373122899952207e-01  -5.010000000000000e-02
  5.039217666396056e-01   1.373566730148665e-01  -5.010000000000000e-02
  5.040496926282847e-01   1.374005406970414e-01  -5.010000000000001e-02
  5.041775410038540e-01   1.374438994178670e-01  -5.010000000000000e-02
  5.043052915286710e-01   1.374867444641141e-01  -5.010000000000000e-02
  5.044329253824106e-01   1.375290676162675e-01  -5.010000000000000e-02
  5.045604244312821e-01   1.375708587405248e-01  -5.010000000000000e-02
  5.046877969623187e-01   1.376120256077108e-01  -5.010000000000000e-02
  5.048149870675112e-01   1.376526744655052e-01  -5.010000000000000e-02
  5.049419782635324e-01   1.376927920986171e-01  -5.010000000000000e-02
  5.050687510540153e-01   1.377323755939083e-01  -5.010000000000000e-02
  5.051952837052564e-01   1.377714299552680e-01  -5.010000000000000e-02
  5.053215839176987e-01   1.378098639108894e-01  -5.010000000000000e-02
  5.054476177731918e-01   1.378477214563428e-01  -5.010000000000000e-02
  5.055733530174607e-01   1.378850448191922e-01  -5.010000000000000e-02
  5.056987702839001e-01   1.379218352355133e-01  -5.010000000000000e-02
  5.058238507360293e-01   1.379580932858731e-01  -5.010000000000000e-02
  5.059486165105462e-01   1.379936759947227e-01  -5.010000000000000e-02
  5.060730128747590e-01   1.380287080701346e-01  -5.010000000000000e-02
  5.061970180646286e-01   1.380632033532459e-01  -5.010000000000001e-02
  5.063206145838028e-01   1.380971623921301e-01  -5.010000000000000e-02
  5.064438046658362e-01   1.381305132032104e-01  -5.010000000000000e-02
  5.065665734535415e-01   1.381632445807263e-01  -5.009999999999999e-02
  5.066888801118510e-01   1.381954462483457e-01  -5.010000000000000e-02
  5.068107073691812e-01   1.382271233912626e-01  -5.010000000000000e-02
  5.069320593905378e-01   1.382581981793827e-01  -5.010000000000000e-02
  5.070529276177789e-01   1.382886392084826e-01  -5.010000000000000e-02
  5.071732667379904e-01   1.383185647994351e-01  -5.010000000000000e-02
  5.072930606455262e-01   1.383479819231434e-01  -5.010000000000000e-02
  5.074123310980907e-01   1.383767409441785e-01  -5.010000000000000e-02
  5.075310400998268e-01   1.384049365349778e-01  -5.010000000000000e-02
  5.076491575126252e-01   1.384326385544907e-01  -5.010000000000000e-02
  5.077666792594433e-01   1.384598090444657e-01  -5.010000000000000e-02
  5.078836252836225e-01   1.384863008316519e-01  -5.009999999999999e-02
  5.079999367845032e-01   1.385123148983170e-01  -5.010000000000001e-02
  5.081156001906756e-01   1.385378605753747e-01  -5.010000000000000e-02
  5.082306513775380e-01   1.385627181193016e-01  -5.010000000000001e-02
  5.083450347878354e-01   1.385870865452384e-01  -5.010000000000000e-02
  5.084587317401751e-01   1.386110048853257e-01  -5.010000000000000e-02
  5.085717704860221e-01   1.386342858681098e-01  -5.010000000000000e-02
  5.086841125590925e-01   1.386570610186063e-01  -5.010000000000000e-02
  5.087957325284933e-01   1.386794098718600e-01  -5.010000000000000e-02
  5.089066600462475e-01   1.387011346268310e-01  -5.009999999999999e-02
  5.090168565077770e-01   1.387223803888382e-01  -5.010000000000000e-02
  5.091262985692519e-01   1.387432266659729e-01  -5.010000000000000e-02
  5.092350255303424e-01   1.387634191819614e-01  -5.010000000000000e-02
  5.093429828628560e-01   1.387832029881962e-01  -5.010000000000000e-02
  5.094501651291818e-01   1.388025709233026e-01  -5.010000000000000e-02
  5.095566019212681e-01   1.388213134374288e-01  -5.010000000000000e-02
  5.096622370835279e-01   1.388397075073253e-01  -5.010000000000001e-02
  5.097670906904055e-01   1.388576028996873e-01  -5.010000000000000e-02
  5.098711536698194e-01   1.388750112586626e-01  -5.010000000000000e-02
  5.099743926888899e-01   1.388921007263745e-01  -5.010000000000000e-02
  5.100768517670928e-01   1.389085678982027e-01  -5.010000000000000e-02
  5.101784743532785e-01   1.389247277236801e-01  -5.009999999999999e-02
  5.102792796911277e-01   1.389404333716529e-01  -5.010000000000000e-02
  5.103792607872957e-01   1.389556963672800e-01  -5.010000000000000e-02
  5.104783926443380e-01   1.389706579239036e-01  -5.010000000000000e-02
  5.105767098957044e-01   1.389850589382473e-01  -5.010000000000000e-02
  5.106741619827484e-01   1.389992192975464e-01  -5.010000000000000e-02
  5.107707847143320e-01   1.390128718386895e-01  -5.010000000000000e-02
  5.108665442072840e-01   1.390262323401675e-01  -5.010000000000000e-02
  5.109614537501555e-01   1.390391923183519e-01  -5.010000000000000e-02
  5.110555053031035e-01   1.390517908287301e-01  -5.010000000000001e-02
  5.111486905569860e-01   1.390640808929265e-01  -5.010000000000000e-02
  5.112410213270732e-01   1.390759575294092e-01  -5.010000000000000e-02
  5.113324739920577e-01   1.390875982107186e-01  -5.010000000000000e-02
  5.114230742921914e-01   1.390987897725374e-01  -5.010000000000000e-02
  5.115127887063087e-01   1.391097997769765e-01  -5.010000000000000e-02
  5.116016503190281e-01   1.391203526478693e-01  -5.010000000000000e-02
  5.116896217081033e-01   1.391307626209915e-01  -5.010000000000000e-02
  5.117767402469252e-01   1.391407126244631e-01  -5.010000000000000e-02
  5.118629676898369e-01   1.391505401632800e-01  -5.010000000000000e-02
  5.119483406778952e-01   1.391599275771744e-01  -5.010000000000000e-02
  5.120328245407958e-01   1.391691976998949e-01  -5.010000000000000e-02
  5.121164521384807e-01   1.391780600328639e-01  -5.010000000000000e-02
  5.121991951614831e-01   1.391867951847964e-01  -5.010000000000000e-02
  5.122810797209032e-01   1.391951701212250e-01  -5.010000000000000e-02
  5.123620864420966e-01   1.392033944855432e-01  -5.010000000000000e-02
  5.124422324755870e-01   1.392113191380826e-01  -5.010000000000000e-02
  5.125215092445493e-01   1.392190577998766e-01  -5.010000000000000e-02
  5.125999234790888e-01   1.392265668842871e-01  -5.009999999999999e-02
  5.126774786022833e-01   1.392338433967378e-01  -5.009999999999999e-02
  5.127541697810018e-01   1.392409698895106e-01  -5.010000000000000e-02
  5.128300132095730e-01   1.392478084102869e-01  -5.010000000000000e-02
  5.129049932368575e-01   1.392545690813701e-01  -5.010000000000000e-02
  5.129791351038660e-01   1.392610099581841e-01  -5.010000000000000e-02
  5.130524223634894e-01   1.392673624199494e-01  -5.009999999999999e-02
  5.131248695773232e-01   1.392735036779346e-01  -5.010000000000001e-02
  5.131964776352724e-01   1.392794741042486e-01  -5.010000000000001e-02
  5.132672451436794e-01   1.392853414127382e-01  -5.009999999999999e-02
  5.133371894148624e-01   1.392909503031900e-01  -5.010000000000000e-02
  5.134062995332785e-01   1.392964923022237e-01  -5.010000000000000e-02
  5.134745906199580e-01   1.393018372454609e-01  -5.010000000000000e-02
  5.135420629433092e-01   1.393070453223769e-01  -5.010000000000000e-02
  5.136087166478971e-01   1.393121794415078e-01  -5.010000000000000e-02
  5.136745690542348e-01   1.393170802441173e-01  -5.010000000000000e-02
  5.137396123913628e-01   1.393219208349787e-01  -5.010000000000000e-02
  5.138038568141037e-01   1.393266369516822e-01  -5.010000000000000e-02
  5.138673103831082e-01   1.393311943500535e-01  -5.010000000000000e-02
  5.139299713080363e-01   1.393356948186907e-01  -5.010000000000000e-02
  5.139918519220780e-01   1.393400450269466e-01  -5.010000000000000e-02
  5.140529551632521e-01   1.393442859183766e-01  -5.010000000000000e-02
  5.141132830234262e-01   1.393484729942220e-01  -5.010000000000000e-02
  5.141728480902224e-01   1.393525096808035e-01  -5.009999999999999e-02
  5.142316516257982e-01   1.393564661816171e-01  -5.010000000000000e-02
  5.142896977613582e-01   1.393603717219952e-01  -5.010000000000000e-02
  5.143469987809688e-01   1.393641343800695e-01  -5.010000000000000e-02
  5.144035561879247e-01   1.393678258028964e-01  -5.010000000000000e-02
  5.144593747645863e-01   1.393714690033036e-01  -5.010000000000000e-02
  5.145144648986280e-01   1.393750014832641e-01  -5.010000000000000e-02
  5.145688304472275e-01   1.393784627846402e-01  -5.010000000000000e-02
  5.146224762262313e-01   1.393818782603131e-01  -5.010000000000000e-02
  5.146754111506671e-01   1.393852093693537e-01  -5.010000000000000e-02
  5.147276416741087e-01   1.393884572674206e-01  -5.010000000000000e-02
  5.147791718600250e-01   1.393916616157631e-01  -5.010000000000000e-02
  5.148300087610634e-01   1.393948148728537e-01  -5.010000000000000e-02
  5.148801615136925e-01   1.393978760961017e-01  -5.010000000000001e-02
  5.149296336437512e-01   1.394008957755156e-01  -5.010000000000000e-02
  5.149784317822537e-01   1.394038743158392e-01  -5.010000000000000e-02
  5.150265641847408e-01   1.394067855762916e-01  -5.010000000000000e-02
  5.150740368804331e-01   1.394096403790796e-01  -5.010000000000000e-02
  5.151208555267924e-01   1.394124558501669e-01  -5.010000000000000e-02
  5.151670268018275e-01   1.394152323911400e-01  -5.010000000000000e-02
  5.152125589301639e-01   1.394179446255653e-01  -5.010000000000000e-02
  5.152574571767070e-01   1.394206166792237e-01  -5.010000000000000e-02
  5.153017280785465e-01   1.394232513973770e-01  -5.010000000000000e-02
  5.153453783218509e-01   1.394258490745348e-01  -5.010000000000000e-02
  5.153884151023561e-01   1.394284013276668e-01  -5.010000000000000e-02
  5.154308445505718e-01   1.394309175635662e-01  -5.010000000000000e-02
  5.154726733217327e-01   1.394333981769148e-01  -5.010000000000000e-02
  5.155139080582051e-01   1.394358435616317e-01  -5.010000000000000e-02
  5.155545554657707e-01   1.394382527876564e-01  -5.010000000000000e-02
  5.155946220855261e-01   1.394406274132591e-01  -5.010000000000000e-02
  5.156341144980470e-01   1.394429680073610e-01  -5.010000000000000e-02
  5.156730392734409e-01   1.394452749593522e-01  -5.010000000000000e-02
  5.157114025459452e-01   1.394475556036665e-01  -5.010000000000000e-02
  5.157492108369328e-01   1.394498103463250e-01  -5.010000000000001e-02
  5.157864710686557e-01   1.394520324048136e-01  -5.010000000000000e-02
  5.158231897090577e-01   1.394542221648560e-01  -5.010000000000001e-02
  5.158593731964581e-01   1.394563800104090e-01  -5.010000000000000e-02
  5.158950267076797e-01   1.394585268316912e-01  -5.010000000000000e-02
  5.159301575762705e-01   1.394606470246243e-01  -5.010000000000000e-02
  5.159647724363159e-01   1.394627360757805e-01  -5.010000000000000e-02
  5.159988775928751e-01   1.394647943656783e-01  -5.010000000000000e-02
  5.160324793144525e-01   1.394668222726298e-01  -5.010000000000000e-02
  5.160655821669512e-01   1.394688475165600e-01  -5.010000000000000e-02
  5.160981935583040e-01   1.394708504978449e-01  -5.009999999999999e-02
  5.161303201205572e-01   1.394728237010808e-01  -5.010000000000000e-02
  5.161619679641593e-01   1.394747675015694e-01  -5.010000000000000e-02
  5.161931431575674e-01   1.394766822720334e-01  -5.010000000000000e-02
  5.162238508132758e-01   1.394785830785137e-01  -5.010000000000000e-02
  5.162540960827842e-01   1.394804836517735e-01  -5.010000000000000e-02
  5.162838866864712e-01   1.394823556544265e-01  -5.010000000000000e-02
  5.163132285155823e-01   1.394841994566708e-01  -5.010000000000000e-02
  5.163421274152596e-01   1.394860154258077e-01  -5.010000000000000e-02
  5.163705891838640e-01   1.394878039261985e-01  -5.010000000000000e-02
  5.163986182137492e-01   1.394895866295588e-01  -5.010000000000000e-02
  5.164262197209080e-01   1.394913715323292e-01  -5.010000000000001e-02
  5.164534012540225e-01   1.394931292766974e-01  -5.010000000000000e-02
  5.164801684177751e-01   1.394948602251004e-01  -5.010000000000000e-02
  5.165065267673314e-01   1.394965647367735e-01  -5.010000000000000e-02
  5.165324818079148e-01   1.394982431677221e-01  -5.010000000000000e-02
  5.165580389944179e-01   1.394998958706970e-01  -5.010000000000000e-02
  5.165832004561101e-01   1.395015729987609e-01  -5.009999999999999e-02
  5.166079745586309e-01   1.395032290866625e-01  -5.010000000000000e-02
  5.166323669209333e-01   1.395048596561681e-01  -5.010000000000000e-02
  5.166563827926709e-01   1.395064650582043e-01  -5.010000000000000e-02
  5.166800273717596e-01   1.395080456402388e-01  -5.010000000000000e-02
  5.167033058041930e-01   1.395096017462688e-01  -5.010000000000000e-02
  5.167262231838874e-01   1.395111337168101e-01  -5.010000000000000e-02
  5.167487817424326e-01   1.395126830922898e-01  -5.010000000000000e-02
  5.167709880074095e-01   1.395142276528347e-01  -5.010000000000001e-02
  5.167928482514170e-01   1.395157481458321e-01  -5.010000000000000e-02
  5.168143673581789e-01   1.395172449109702e-01  -5.010000000000000e-02
  5.168355501589910e-01   1.395187182842907e-01  -5.010000000000000e-02
  5.168564014327260e-01   1.395201685981889e-01  -5.010000000000000e-02
  5.168769259058614e-01   1.395215961814156e-01  -5.010000000000000e-02
  5.168971282525288e-01   1.395230013590810e-01  -5.010000000000000e-02
  5.169170108751287e-01   1.395244156854772e-01  -5.010000000000000e-02
  5.169365786127450e-01   1.395258356872529e-01  -5.010000000000000e-02
  5.169558379987344e-01   1.395272333124071e-01  -5.010000000000000e-02
  5.169747934978106e-01   1.395286088849375e-01  -5.010000000000000e-02
  5.169934495229082e-01   1.395299627250843e-01  -5.010000000000000e-02
  5.170118104353482e-01   1.395312951493419e-01  -5.010000000000000e-02
  5.170298805450219e-01   1.395326064704730e-01  -5.010000000000000e-02
  5.170476641105890e-01   1.395338969975221e-01  -5.010000000000000e-02
  5.170651653396926e-01   1.395351670358316e-01  -5.010000000000000e-02
  5.170823876434646e-01   1.395364269188354e-01  -5.010000000000000e-02
  5.170993321903721e-01   1.395377164656369e-01  -5.010000000000000e-02
  5.171160067905606e-01   1.395389854684292e-01  -5.010000000000000e-02
  5.171324154489790e-01   1.395402342320047e-01  -5.010000000000000e-02
  5.171485621208475e-01   1.395414630573711e-01  -5.010000000000000e-02
  5.171644507119478e-01   1.395426722417740e-01  -5.010000000000000e-02
  5.171800850789260e-01   1.395438620787192e-01  -5.010000000000000e-02
  5.171954690296045e-01   1.395450328579971e-01  -5.010000000000001e-02
  5.172106063233030e-01   1.395461848657066e-01  -5.010000000000000e-02
  5.172255006711704e-01   1.395473183842809e-01  -5.010000000000000e-02
  5.172401557365227e-01   1.395484336925128e-01  -5.010000000000000e-02
  5.172545744074520e-01   1.395495403735273e-01  -5.010000000000000e-02
  5.172687571200231e-01   1.395506787660236e-01  -5.010000000000000e-02
  5.172827113304641e-01   1.395517988175214e-01  -5.010000000000000e-02
  5.172964405131832e-01   1.395529008068982e-01  -5.010000000000000e-02
  5.173099480965779e-01   1.395539850093385e-01  -5.010000000000000e-02
  5.173232374634147e-01   1.395550516963641e-01  -5.010000000000000e-02
  5.173363119512145e-01   1.395561011358652e-01  -5.010000000000000e-02
  5.173491748526433e-01   1.395571335921315e-01  -5.010000000000000e-02
  5.173618294159066e-01   1.395581493258842e-01  -5.010000000000000e-02
  5.173742788451483e-01   1.395591485943077e-01  -5.010000000000000e-02
  5.173865263008532e-01   1.395601316510821e-01  -5.010000000000000e-02
  5.173985749002535e-01   1.395610987464159e-01  -5.010000000000000e-02
  5.174104277177373e-01   1.395620501270785e-01  -5.010000000000000e-02
  5.174220877852606e-01   1.395629860364336e-01  -5.010000000000000e-02
  5.174335672930461e-01   1.395637802085579e-01  -5.009999999999999e-02
  5.174448630986147e-01   1.395645166301557e-01  -5.010000000000000e-02
  5.174559747990215e-01   1.395652410491551e-01  -5.010000000000000e-02
  5.174669116365223e-01   1.395658261419253e-01  -5.010000000000000e-02
  5.174776800073871e-01   1.395662007188194e-01  -5.010000000000000e-02
  5.174882724944685e-01   1.395665691776106e-01  -5.010000000000000e-02
  5.174986918515658e-01   1.395669316140895e-01  -5.010000000000000e-02
  5.175089459204788e-01   1.395670218104570e-01  -5.009999999999999e-02
  5.175190331498196e-01   1.395670594293197e-01  -5.010000000000000e-02
  5.175289551785156e-01   1.395670964320906e-01  -5.010000000000000e-02
  5.175387142725269e-01   1.395671063149078e-01  -5.010000000000000e-02
  5.175483096919631e-01   1.395668278130806e-01  -5.009999999999999e-02
  5.175577476674959e-01   1.395665538809770e-01  -5.010000000000000e-02
  5.175670306880729e-01   1.395662844463566e-01  -5.010000000000000e-02
  5.175761595414505e-01   1.395659834460207e-01  -5.009999999999999e-02
  5.175851256849923e-01   1.395654138954631e-01  -5.010000000000000e-02
  5.175939443598541e-01   1.395648537124634e-01  -5.010000000000000e-02
  5.176026179089235e-01   1.395643027481960e-01  -5.010000000000000e-02
  5.176111486406086e-01   1.395637608560251e-01  -5.010000000000000e-02
  5.176195158215411e-01   1.395629466355646e-01  -5.010000000000000e-02
  5.176277431911746e-01   1.395621227543217e-01  -5.010000000000000e-02
  5.176358348702600e-01   1.395613124610058e-01  -5.010000000000000e-02
  5.176437930269622e-01   1.395605155384988e-01  -5.009999999999999e-02
  5.176516011310368e-01   1.395595767761953e-01  -5.009999999999999e-02
  5.176592615390379e-01   1.395584980612154e-01  -5.010000000000001e-02
  5.176667953495943e-01   1.395574371732964e-01  -5.010000000000000e-02
  5.176742045941505e-01   1.395563938263766e-01  -5.010000000000000e-02
  5.176814912735749e-01   1.395553677386999e-01  -5.010000000000000e-02
  5.176886154472271e-01   1.395541017542313e-01  -5.010000000000000e-02
  5.176956128378552e-01   1.395528026518981e-01  -5.010000000000000e-02
  5.177024943153470e-01   1.395515250694476e-01  -5.010000000000000e-02
  5.177092617487974e-01   1.395502686598725e-01  -5.010000000000000e-02
  5.177159169788621e-01   1.395490330814455e-01  -5.010000000000000e-02
  5.177224032160976e-01   1.395475397249767e-01  -5.010000000000000e-02
  5.177287747202568e-01   1.395460374367227e-01  -5.010000000000001e-02
  5.177350404506812e-01   1.395445600880491e-01  -5.010000000000000e-02
  5.177412021205934e-01   1.395431072750079e-01  -5.010000000000000e-02
  5.177472614168920e-01   1.395416785998585e-01  -5.010000000000000e-02
  5.177531620622496e-01   1.395400547591034e-01  -5.010000000000000e-02
  5.177589378507821e-01   1.395383568748334e-01  -5.009999999999999e-02
  5.177646175645694e-01   1.395366872332521e-01  -5.010000000000000e-02
  5.177702027661013e-01   1.395350453750412e-01  -5.009999999999999e-02
  5.177756949936462e-01   1.395334308480024e-01  -5.010000000000000e-02
  5.177810772623432e-01   1.395317866730722e-01  -5.010000000000000e-02
  5.177862836481646e-01   1.395299063914623e-01  -5.010000000000001e-02
  5.177914032727939e-01   1.395280574435797e-01  -5.010000000000000e-02
  5.177964375525304e-01   1.395262393179294e-01  -5.010000000000000e-02
  5.178013878815396e-01   1.395244515110095e-01  -5.010000000000000e-02
  5.178062556321668e-01   1.395226935271989e-01  -5.010000000000000e-02
  5.178109967132260e-01   1.395208515768430e-01  -5.010000000000000e-02
  5.178155735045138e-01   1.395188280650904e-01  -5.010000000000000e-02
  5.178200738745189e-01   1.395168383410626e-01  -5.010000000000000e-02
  5.178244990758320e-01   1.395148818509582e-01  -5.010000000000000e-02
  5.178288503412976e-01   1.395129580497066e-01  -5.010000000000000e-02
  5.178331288842989e-01   1.395110664008412e-01  -5.010000000000000e-02
  5.178373112294760e-01   1.395091561096180e-01  -5.010000000000000e-02
  5.178412887044781e-01   1.395070028305895e-01  -5.010000000000000e-02
  5.178451996460065e-01   1.395048855706769e-01  -5.010000000000000e-02
  5.178490451485797e-01   1.395028037373428e-01  -5.010000000000000e-02
  5.178528262893269e-01   1.395007567474633e-01  -5.010000000000000e-02
  5.178565441282446e-01   1.394987440271901e-01  -5.010000000000000e-02
  5.178601997084477e-01   1.394967650118136e-01  -5.010000000000000e-02
  5.178636894375255e-01   1.394946453026419e-01  -5.010000000000000e-02
  5.178670348478487e-01   1.394924184542609e-01  -5.010000000000001e-02
  5.178703241926681e-01   1.394902289254803e-01  -5.010000000000000e-02
  5.178735583978134e-01   1.394880761000283e-01  -5.010000000000000e-02
  5.178767383742868e-01   1.394859593715025e-01  -5.010000000000001e-02
  5.178798650184856e-01   1.394838781432227e-01  -5.010000000000000e-02
  5.178829392124206e-01   1.394818318280848e-01  -5.010000000000001e-02
  5.178858607268803e-01   1.394796840694856e-01  -5.010000000000000e-02
  5.178886078902748e-01   1.394774040460850e-01  -5.010000000000000e-02
  5.178913089375927e-01   1.394751622969764e-01  -5.010000000000000e-02
  5.178939646329321e-01   1.394729581879922e-01  -5.010000000000000e-02
  5.178965757280680e-01   1.394707910951929e-01  -5.010000000000000e-02
  5.178991429626386e-01   1.394686604047113e-01  -5.010000000000000e-02
  5.179016670643313e-01   1.394665655125996e-01  -5.010000000000000e-02
  5.179041487490643e-01   1.394645058246774e-01  -5.010000000000000e-02
  5.179064049758193e-01   1.394622844806016e-01  -5.010000000000000e-02
  5.179085497043764e-01   1.394600218963252e-01  -5.010000000000000e-02
  5.179106583696416e-01   1.394577973570673e-01  -5.010000000000000e-02
  5.179127315711674e-01   1.394556102303289e-01  -5.010000000000000e-02
  5.179147698987687e-01   1.394534598938839e-01  -5.010000000000000e-02
  5.179167739326730e-01   1.394513457356208e-01  -5.009999999999999e-02
  5.179187442436687e-01   1.394492671533855e-01  -5.010000000000000e-02
  5.179206813932513e-01   1.394472235548275e-01  -5.010000000000000e-02
  5.179225468780321e-01   1.394451820046610e-01  -5.010000000000000e-02
  5.179241392687292e-01   1.394429746216947e-01  -5.010000000000000e-02
  5.179257048446093e-01   1.394408044096127e-01  -5.009999999999999e-02
  5.179272440527788e-01   1.394386707486329e-01  -5.010000000000001e-02
  5.179287573330382e-01   1.394365730291009e-01  -5.010000000000000e-02
  5.179302451179964e-01   1.394345106513313e-01  -5.010000000000000e-02
  5.179317078331833e-01   1.394324830254515e-01  -5.010000000000001e-02
  5.179331458971611e-01   1.394304895712477e-01  -5.010000000000000e-02
  5.179345597216339e-01   1.394285297180131e-01  -5.010000000000000e-02
  5.179359497115554e-01   1.394266029043978e-01  -5.009999999999999e-02
  5.179372123190467e-01   1.394246445331372e-01  -5.010000000000000e-02
  5.179382716549099e-01   1.394226070616047e-01  -5.010000000000000e-02
  5.179393131244023e-01   1.394206039533210e-01  -5.010000000000000e-02
  5.179403370263613e-01   1.394186346335179e-01  -5.010000000000000e-02
  5.179413436547093e-01   1.394166985368803e-01  -5.010000000000000e-02
  5.179423332985320e-01   1.394147951073957e-01  -5.010000000000000e-02
  5.179433062421555e-01   1.394129237982065e-01  -5.010000000000000e-02
  5.179442627652211e-01   1.394110840714644e-01  -5.010000000000001e-02
  5.179452031427614e-01   1.394092753981866e-01  -5.010000000000000e-02
  5.179461276452723e-01   1.394074972581149e-01  -5.010000000000000e-02
  5.179470365387866e-01   1.394057491395759e-01  -5.010000000000000e-02
  5.179479300849448e-01   1.394040305393438e-01  -5.010000000000000e-02
  5.179486147068565e-01   1.394022583925642e-01  -5.010000000000000e-02
  5.179492141692502e-01   1.394004848262850e-01  -5.010000000000000e-02
  5.179498035056394e-01   1.393987412187497e-01  -5.009999999999999e-02
  5.179503828859217e-01   1.393970270672998e-01  -5.010000000000000e-02
  5.179509524771827e-01   1.393953418775964e-01  -5.010000000000000e-02
  5.179515124437416e-01   1.393936851634862e-01  -5.010000000000000e-02
  5.179520629471951e-01   1.393920564468696e-01  -5.010000000000000e-02
  5.179526041464617e-01   1.393904552575714e-01  -5.010000000000000e-02
  5.179531361978249e-01   1.393888811332122e-01  -5.010000000000000e-02
  5.179536592549754e-01   1.393873336190830e-01  -5.010000000000000e-02
  5.179541734690536e-01   1.393858122680211e-01  -5.010000000000000e-02
  5.179546789886904e-01   1.393843166402876e-01  -5.009999999999999e-02
  5.179551759600479e-01   1.393828463034481e-01  -5.010000000000000e-02
  5.179556645268598e-01   1.393814008322533e-01  -5.010000000000000e-02
  5.179561448304700e-01   1.393799798085230e-01  -5.010000000000000e-02
