338
  4.930539978523240e-01   1.259912605220510e-01  -5.010000000000000e-02
  4.930554278230517e-01   1.259908075499571e-01  -5.010000000000000e-02
  4.930569150762028e-01   1.259903364324994e-01  -5.010000000000001e-02
  4.930584618997606e-01   1.259898464449127e-01  -5.009999999999999e-02
  4.930600706725504e-01   1.259893368336563e-01  -5.009999999999999e-02
  4.930617438678017e-01   1.259888068152848e-01  -5.009999999999999e-02
  4.930634840568458e-01   1.259882555752770e-01  -5.010000000000000e-02
  4.930652939129556e-01   1.259876822668199e-01  -5.010000000000000e-02
  4.930671762153304e-01   1.259870860095459e-01  -5.010000000000000e-02
  4.930691338532318e-01   1.259864658882231e-01  -5.010000000000000e-02
  4.930712211757727e-01   1.259861096359912e-01  -5.010000000000000e-02
  4.930734400352574e-01   1.259860091226293e-01  -5.010000000000000e-02
  4.930757476594798e-01   1.259859045882636e-01  -5.009999999999999e-02
  4.930781475841386e-01   1.259857958727287e-01  -5.010000000000000e-02
  4.930806434845163e-01   1.259856828095357e-01  -5.010000000000000e-02
  4.930832391808868e-01   1.259855652256280e-01  -5.010000000000000e-02
  4.930859386441253e-01   1.259854429411268e-01  -5.010000000000000e-02
  4.930887460015252e-01   1.259853157690672e-01  -5.010000000000000e-02
  4.930916589224992e-01   1.259853566391806e-01  -5.010000000000001e-02
  4.930946757356993e-01   1.259857256458985e-01  -5.010000000000000e-02
  4.930978130511622e-01   1.259861093920588e-01  -5.010000000000000e-02
  4.931010756537082e-01   1.259865084629251e-01  -5.010000000000000e-02
  4.931044685158246e-01   1.259869234667157e-01  -5.010000000000000e-02
  4.931079968048360e-01   1.259873550354810e-01  -5.010000000000000e-02
  4.931116658903331e-01   1.259878038260116e-01  -5.010000000000000e-02
  4.931154781289633e-01   1.259882885147978e-01  -5.010000000000000e-02
  4.931193675539645e-01   1.259892104828390e-01  -5.010000000000000e-02
  4.931234120577666e-01   1.259901692115064e-01  -5.010000000000001e-02
  4.931276177753955e-01   1.259911661550760e-01  -5.010000000000000e-02
  4.931319910806453e-01   1.259922028244227e-01  -5.010000000000000e-02
  4.931365385950488e-01   1.259932807891465e-01  -5.010000000000000e-02
  4.931412671971588e-01   1.259944016797727e-01  -5.010000000000000e-02
  4.931461352780297e-01   1.259957425611379e-01  -5.010000000000000e-02
  4.931511396863157e-01   1.259973432243981e-01  -5.010000000000000e-02
  4.931563431585108e-01   1.259990075583796e-01  -5.010000000000000e-02
  4.931617535313199e-01   1.260007380696577e-01  -5.010000000000000e-02
  4.931673789433129e-01   1.260025373613592e-01  -5.010000000000000e-02
  4.931732278460086e-01   1.260044081367081e-01  -5.010000000000000e-02
  4.931792441194296e-01   1.260065378946578e-01  -5.010000000000001e-02
  4.931854419980645e-01   1.260089149716300e-01  -5.010000000000000e-02
  4.931918857698791e-01   1.260113863561951e-01  -5.010000000000000e-02
  4.931985850627388e-01   1.260139557409354e-01  -5.010000000000000e-02
  4.932055498711001e-01   1.260166269590322e-01  -5.009999999999999e-02
  4.932127676358095e-01   1.260194601319291e-01  -5.010000000000000e-02
  4.932201634871122e-01   1.260226690359757e-01  -5.010000000000000e-02
  4.932278519667932e-01   1.260260049053099e-01  -5.010000000000000e-02
  4.932358444682214e-01   1.260294726832743e-01  -5.010000000000000e-02
  4.932441528133399e-01   1.260330774991610e-01  -5.010000000000000e-02
  4.932527457663933e-01   1.260369204186461e-01  -5.010000000000000e-02
  4.932615846402247e-01   1.260411201163992e-01  -5.010000000000000e-02
  4.932707720875360e-01   1.260454854351678e-01  -5.010000000000000e-02
  4.932803215866480e-01   1.260500227790340e-01  -5.009999999999999e-02
  4.932902471153071e-01   1.260547387893767e-01  -5.010000000000000e-02
  4.933004378299445e-01   1.260598950873154e-01  -5.010000000000000e-02
  4.933110159438428e-01   1.260652809691058e-01  -5.010000000000000e-02
  4.933220095504670e-01   1.260708784003961e-01  -5.010000000000000e-02
  4.933334345806433e-01   1.260766954924195e-01  -5.010000000000000e-02
  4.933451819748132e-01   1.260829803675061e-01  -5.010000000000001e-02
  4.933573711499276e-01   1.260895464256632e-01  -5.010000000000000e-02
  4.933700372680515e-01   1.260963694032186e-01  -5.010000000000000e-02
  4.933831727833951e-01   1.261035056630903e-01  -5.010000000000000e-02
  4.933967021454718e-01   1.261111364497344e-01  -5.009999999999999e-02
  4.934107591485899e-01   1.261190648347566e-01  -5.010000000000000e-02
  4.934253637198835e-01   1.261273020573942e-01  -5.010000000000000e-02
  4.934404193562326e-01   1.261360633309007e-01  -5.010000000000000e-02
  4.934560271510295e-01   1.261452220935294e-01  -5.010000000000000e-02
  4.934722405822252e-01   1.261547362478126e-01  -5.010000000000001e-02
  4.934889844262448e-01   1.261647830169781e-01  -5.009999999999999e-02
  4.935063232194438e-01   1.261753072135593e-01  -5.010000000000000e-02
  4.935243319037210e-01   1.261862380166046e-01  -5.010000000000001e-02
  4.935429176708452e-01   1.261977813249925e-01  -5.010000000000000e-02
  4.935621812455476e-01   1.262098308154777e-01  -5.010000000000000e-02
  4.935821729620715e-01   1.262223632637175e-01  -5.010000000000000e-02
  4.936027815361390e-01   1.262356138716065e-01  -5.010000000000000e-02
  4.936241796091612e-01   1.262493721003064e-01  -5.010000000000001e-02
  4.936463005407557e-01   1.262638028524638e-01  -5.010000000000000e-02
  4.936691979993929e-01   1.262788881862562e-01  -5.009999999999999e-02
  4.936929200616271e-01   1.262946190828337e-01  -5.010000000000000e-02
  4.937174172228425e-01   1.263111373261733e-01  -5.010000000000000e-02
  4.937428208745904e-01   1.263283146383946e-01  -5.010000000000000e-02
  4.937690247727117e-01   1.263463774718658e-01  -5.010000000000000e-02
  4.937961951816477e-01   1.263651540118924e-01  -5.010000000000000e-02
  4.938242210686159e-01   1.263848775012098e-01  -5.010000000000000e-02
  4.938532729710410e-01   1.264053785052954e-01  -5.010000000000000e-02
  4.938833339261625e-01   1.264267583692951e-01  -5.010000000000000e-02
  4.939145172524989e-01   1.264489364828460e-01  -5.010000000000001e-02
  4.939468614385624e-01   1.264719402196344e-01  -5.010000000000000e-02
  4.939804060239557e-01   1.264957977009000e-01  -5.010000000000000e-02
  4.940151916063594e-01   1.265205378004058e-01  -5.010000000000000e-02
  4.940518245559533e-01   1.265453582205963e-01  -5.010000000000000e-02
  4.940903448766041e-01   1.265702933604631e-01  -5.010000000000000e-02
  4.941302756286833e-01   1.265961415068768e-01  -5.010000000000000e-02
  4.941716630205114e-01   1.266229325716062e-01  -5.010000000000000e-02
  4.942145543511087e-01   1.266506971724571e-01  -5.010000000000000e-02
  4.942592705211821e-01   1.266790407414441e-01  -5.010000000000001e-02
  4.943056268506723e-01   1.267083611841234e-01  -5.010000000000000e-02
  4.943536466138342e-01   1.267387337509064e-01  -5.010000000000000e-02
  4.944033902902641e-01   1.267701776323361e-01  -5.010000000000000e-02
  4.944549931730923e-01   1.268025955921674e-01  -5.010000000000000e-02
  4.945084217005275e-01   1.268361604583401e-01  -5.009999999999999e-02
  4.945637308270064e-01   1.268709067543266e-01  -5.010000000000001e-02
  4.946209620693966e-01   1.269068924169389e-01  -5.010000000000001e-02
  4.946801834895716e-01   1.269441350850873e-01  -5.010000000000000e-02
  4.947414507527674e-01   1.269826739240304e-01  -5.010000000000000e-02
  4.948047575655420e-01   1.270226481228858e-01  -5.010000000000000e-02
  4.948702293658729e-01   1.270639893727631e-01  -5.010000000000000e-02
  4.949378623414734e-01   1.271068353957489e-01  -5.010000000000000e-02
  4.950077375821826e-01   1.271511910234942e-01  -5.009999999999999e-02
  4.950799041103443e-01   1.271971123388012e-01  -5.010000000000000e-02
  4.951544084843512e-01   1.272446604340103e-01  -5.010000000000000e-02
  4.952313099045400e-01   1.272938765916621e-01  -5.010000000000000e-02
  4.953106684753008e-01   1.273448015406368e-01  -5.010000000000000e-02
  4.953925159794327e-01   1.273975196202196e-01  -5.010000000000000e-02
  4.954769530414299e-01   1.274520083102210e-01  -5.010000000000000e-02
  4.955639935978559e-01   1.275083789297313e-01  -5.010000000000000e-02
  4.956537136548328e-01   1.275666456616318e-01  -5.010000000000000e-02
  4.957461773500639e-01   1.276268401764917e-01  -5.010000000000000e-02
  4.958414350663887e-01   1.276890137405729e-01  -5.009999999999999e-02
  4.959395415551412e-01   1.277532089059541e-01  -5.010000000000000e-02
  4.960405552484356e-01   1.278194602997585e-01  -5.010000000000000e-02
  4.961445335705790e-01   1.278878014205627e-01  -5.010000000000000e-02
  4.962515426686728e-01   1.279582494114059e-01  -5.010000000000000e-02
  4.963616285345998e-01   1.280308484457313e-01  -5.010000000000000e-02
  4.964748468079528e-01   1.281056239635683e-01  -5.010000000000001e-02
  4.965912542475812e-01   1.281825951582861e-01  -5.010000000000000e-02
  4.967109012720778e-01   1.282617857517713e-01  -5.010000000000000e-02
  4.968338194241390e-01   1.283432423400716e-01  -5.010000000000000e-02
  4.969600637842854e-01   1.284269698090235e-01  -5.010000000000000e-02
  4.970896662527956e-01   1.285130013006234e-01  -5.010000000000000e-02
  4.972226583136307e-01   1.286013632631795e-01  -5.010000000000000e-02
  4.973590608690929e-01   1.286920901853139e-01  -5.010000000000000e-02
  4.974989028494562e-01   1.287851960200723e-01  -5.010000000000000e-02
  4.976421864038154e-01   1.288807258912010e-01  -5.010000000000001e-02
  4.977889371561005e-01   1.289786800599191e-01  -5.010000000000001e-02
  4.979391471487183e-01   1.290790989129116e-01  -5.010000000000000e-02
  4.980928226940509e-01   1.291819906627697e-01  -5.010000000000000e-02
  4.982499742751971e-01   1.292873460238770e-01  -5.010000000000000e-02
  4.984105930481267e-01   1.293951727422151e-01  -5.010000000000001e-02
  4.985746770738942e-01   1.295054559168536e-01  -5.010000000000000e-02
  4.987422288819546e-01   1.296181612134544e-01  -5.010000000000000e-02
  4.989132345272080e-01   1.297332655219834e-01  -5.010000000000000e-02
  4.990877000385298e-01   1.298507023333002e-01  -5.010000000000000e-02
  4.992655979178563e-01   1.299704407889142e-01  -5.010000000000000e-02
  4.994469204411410e-01   1.300924060899693e-01  -5.009999999999999e-02
  4.996316457123114e-01   1.302165295474212e-01  -5.009999999999999e-02
  4.998197441716430e-01   1.303427386019885e-01  -5.010000000000000e-02
  5.000111969921257e-01   1.304709290792380e-01  -5.010000000000000e-02
  5.002059562748735e-01   1.306010243515092e-01  -5.009999999999999e-02
  5.004039964524688e-01   1.307328982720885e-01  -5.010000000000000e-02
  5.006052627361325e-01   1.308664522404343e-01  -5.010000000000000e-02
  5.008097000943972e-01   1.310015717838980e-01  -5.010000000000000e-02
  5.010172754559907e-01   1.311380926068484e-01  -5.010000000000000e-02
  5.012279099493368e-01   1.312759033725987e-01  -5.010000000000000e-02
  5.014415347096253e-01   1.314148613351878e-01  -5.009999999999999e-02
  5.016580858913242e-01   1.315547996570127e-01  -5.010000000000000e-02
  5.018774954883851e-01   1.316955414221864e-01  -5.010000000000001e-02
  5.020996618985747e-01   1.318369461326842e-01  -5.010000000000000e-02
  5.023244914915712e-01   1.319788455834320e-01  -5.009999999999999e-02
  5.025518886332427e-01   1.321210597062751e-01  -5.010000000000000e-02
  5.027817461941316e-01   1.322634119635511e-01  -5.010000000000000e-02
  5.030139685430227e-01   1.324056928371805e-01  -5.010000000000000e-02
  5.032484042024066e-01   1.325477704533625e-01  -5.010000000000000e-02
  5.034849291131123e-01   1.326894563023913e-01  -5.010000000000000e-02
  5.037233962185193e-01   1.328305886550897e-01  -5.010000000000000e-02
  5.039636572563679e-01   1.329709978264004e-01  -5.010000000000000e-02
  5.042055538794220e-01   1.331105221725568e-01  -5.010000000000000e-02
  5.044489168055204e-01   1.332490114523211e-01  -5.010000000000000e-02
  5.046935726536050e-01   1.333863163683706e-01  -5.009999999999999e-02
  5.049393336782150e-01   1.335223086155120e-01  -5.009999999999999e-02
  5.051860107893517e-01   1.336568596554170e-01  -5.010000000000001e-02
  5.054334062057764e-01   1.337898554080485e-01  -5.010000000000000e-02
  5.056813116279604e-01   1.339212022022026e-01  -5.010000000000000e-02
  5.059295216526867e-01   1.340508036536399e-01  -5.010000000000000e-02
  5.061778184549305e-01   1.341785912947402e-01  -5.010000000000000e-02
  5.064259854221233e-01   1.343045010078047e-01  -5.010000000000001e-02
  5.066738109264407e-01   1.344284666888649e-01  -5.010000000000000e-02
  5.069210923568034e-01   1.345504128738499e-01  -5.010000000000000e-02
  5.071675971679855e-01   1.346703356572578e-01  -5.010000000000000e-02
  5.074131024379718e-01   1.347882259122341e-01  -5.010000000000000e-02
  5.076573898636290e-01   1.349040802440200e-01  -5.010000000000000e-02
  5.079002566987235e-01   1.350178784033233e-01  -5.010000000000000e-02
  5.081415272703529e-01   1.351295578682311e-01  -5.010000000000001e-02
  5.083809559878534e-01   1.352392257354677e-01  -5.010000000000001e-02
  5.086183559288285e-01   1.353468829272371e-01  -5.010000000000000e-02
  5.088535808552520e-01   1.354524592870456e-01  -5.010000000000000e-02
  5.090864032922401e-01   1.355560861510352e-01  -5.010000000000000e-02
  5.093166815904444e-01   1.356577256704461e-01  -5.010000000000000e-02
  5.095442454103325e-01   1.357574259418368e-01  -5.010000000000000e-02
  5.097689382202569e-01   1.358552270280498e-01  -5.010000000000000e-02
  5.099906306378585e-01   1.359511292504734e-01  -5.010000000000000e-02
  5.102091785454351e-01   1.360451901073893e-01  -5.010000000000000e-02
  5.104244641032711e-01   1.361374293353976e-01  -5.010000000000000e-02
  5.106363810088229e-01   1.362278627404275e-01  -5.010000000000000e-02
  5.108448154243898e-01   1.363165467135611e-01  -5.010000000000000e-02
  5.110496871973999e-01   1.364034812451260e-01  -5.010000000000000e-02
  5.112509105728749e-01   1.364887018069861e-01  -5.010000000000000e-02
  5.114484137466758e-01   1.365722329291262e-01  -5.010000000000000e-02
  5.116421340596211e-01   1.366540990361685e-01  -5.010000000000000e-02
  5.118320250989078e-01   1.367343070534081e-01  -5.010000000000001e-02
  5.120180425397677e-01   1.368128793399454e-01  -5.010000000000000e-02
  5.122001491045292e-01   1.368898413168057e-01  -5.010000000000000e-02
  5.123783240573229e-01   1.369651983230524e-01  -5.010000000000000e-02
  5.125525482588323e-01   1.370389702728248e-01  -5.010000000000000e-02
  5.127228125113367e-01   1.371111711774108e-01  -5.010000000000001e-02
  5.128891184404399e-01   1.371818063338725e-01  -5.010000000000000e-02
  5.130514677828820e-01   1.372508967998959e-01  -5.010000000000000e-02
  5.132098744521108e-01   1.373184501829131e-01  -5.010000000000000e-02
  5.133643613368026e-01   1.373844674287425e-01  -5.010000000000000e-02
  5.135149501160868e-01   1.374489658771735e-01  -5.010000000000000e-02
  5.136616700883916e-01   1.375119577367820e-01  -5.010000000000000e-02
  5.138045526629096e-01   1.375734621085496e-01  -5.010000000000000e-02
  5.139436404810061e-01   1.376334829843775e-01  -5.010000000000000e-02
  5.140789780291531e-01   1.376920303349614e-01  -5.010000000000000e-02
  5.142106142488528e-01   1.377491132653194e-01  -5.010000000000000e-02
  5.143386014195557e-01   1.378047418217148e-01  -5.010000000000001e-02
  5.144629949477466e-01   1.378589267322874e-01  -5.010000000000000e-02
  5.145838412284791e-01   1.379117064155729e-01  -5.010000000000000e-02
  5.147012019248465e-01   1.379630905596004e-01  -5.010000000000000e-02
  5.148151477378644e-01   1.380130740526347e-01  -5.010000000000000e-02
  5.149257420088798e-01   1.380616736551395e-01  -5.010000000000000e-02
  5.150330299354067e-01   1.381089515843113e-01  -5.010000000000000e-02
  5.151370993750501e-01   1.381548769037186e-01  -5.010000000000001e-02
  5.152380129531911e-01   1.381994792756530e-01  -5.010000000000000e-02
  5.153358240281027e-01   1.382428117209060e-01  -5.010000000000000e-02
  5.154306230052179e-01   1.382848457265955e-01  -5.010000000000000e-02
  5.155224613398153e-01   1.383256422993973e-01  -5.010000000000001e-02
  5.156114168263390e-01   1.383652041251079e-01  -5.010000000000001e-02
  5.156975557227204e-01   1.384035606592512e-01  -5.010000000000000e-02
  5.157809453526243e-01   1.384407391498019e-01  -5.010000000000000e-02
  5.158616602243671e-01   1.384767507116086e-01  -5.010000000000000e-02
  5.159397617611574e-01   1.385116353067848e-01  -5.010000000000000e-02
  5.160153238521834e-01   1.385454042477906e-01  -5.010000000000000e-02
  5.160884095894598e-01   1.385780919258595e-01  -5.010000000000000e-02
  5.161590866711758e-01   1.386097211164921e-01  -5.010000000000001e-02
  5.162274230897196e-01   1.386403123382387e-01  -5.010000000000000e-02
  5.162934783864601e-01   1.386699031887260e-01  -5.010000000000000e-02
  5.163573234436341e-01   1.386985039162137e-01  -5.010000000000000e-02
  5.164190180720850e-01   1.387261472871889e-01  -5.010000000000001e-02
  5.164786253839592e-01   1.387528563292495e-01  -5.010000000000000e-02
  5.165362057753689e-01   1.387786576142834e-01  -5.010000000000000e-02
  5.165918179270270e-01   1.388035788948232e-01  -5.010000000000000e-02
  5.166455207848704e-01   1.388276445701512e-01  -5.010000000000001e-02
  5.166973730634850e-01   1.388508766949649e-01  -5.010000000000000e-02
  5.167474338426820e-01   1.388732935642581e-01  -5.010000000000000e-02
  5.167957531692203e-01   1.388949306231438e-01  -5.010000000000000e-02
  5.168423848068605e-01   1.389158119466604e-01  -5.010000000000000e-02
  5.168873898263000e-01   1.389359421618150e-01  -5.010000000000000e-02
  5.169308111631450e-01   1.389553632622279e-01  -5.010000000000000e-02
  5.169726987743532e-01   1.389740983717947e-01  -5.009999999999999e-02
  5.170131051760226e-01   1.389921616873913e-01  -5.010000000000000e-02
  5.170520847737308e-01   1.390095599697561e-01  -5.010000000000000e-02
  5.170896737503572e-01   1.390263375577150e-01  -5.010000000000000e-02
  5.171259175983491e-01   1.390425147565171e-01  -5.010000000000000e-02
  5.171608606245053e-01   1.390581113422053e-01  -5.010000000000000e-02
  5.171945609656419e-01   1.390731128940042e-01  -5.009999999999999e-02
  5.172270456546348e-01   1.390875716332561e-01  -5.010000000000000e-02
  5.172583548705998e-01   1.391015071765491e-01  -5.010000000000000e-02
  5.172885282937768e-01   1.391149371853188e-01  -5.010000000000001e-02
  5.173176044757288e-01   1.391278788186334e-01  -5.010000000000000e-02
  5.173456332679551e-01   1.391403208097221e-01  -5.010000000000000e-02
  5.173726399867643e-01   1.391523041485642e-01  -5.010000000000000e-02
  5.173986580083296e-01   1.391638487856828e-01  -5.010000000000000e-02
  5.174237215586055e-01   1.391749699077141e-01  -5.010000000000000e-02
  5.174478638248063e-01   1.391856822403874e-01  -5.010000000000000e-02
  5.174711169758608e-01   1.391960000576016e-01  -5.010000000000000e-02
  5.174934224203552e-01   1.392061354848935e-01  -5.010000000000000e-02
  5.175148378999978e-01   1.392160402047074e-01  -5.010000000000000e-02
  5.175351668309043e-01   1.392261895938252e-01  -5.010000000000000e-02
  5.175546357968780e-01   1.392361671003584e-01  -5.010000000000000e-02
  5.175731832930489e-01   1.392461563721237e-01  -5.010000000000000e-02
  5.175908616836983e-01   1.392560941232011e-01  -5.010000000000000e-02
  5.176077429587775e-01   1.392659091840069e-01  -5.010000000000000e-02
  5.176237746263046e-01   1.392757217188147e-01  -5.010000000000000e-02
  5.176390969297073e-01   1.392853504887126e-01  -5.010000000000000e-02
  5.176536226284375e-01   1.392949607296326e-01  -5.009999999999999e-02
  5.176674825856489e-01   1.393043971974861e-01  -5.010000000000000e-02
  5.176806401082174e-01   1.393137371389659e-01  -5.010000000000000e-02
  5.176931205547033e-01   1.393229843546833e-01  -5.010000000000001e-02
  5.177050513683378e-01   1.393319881364882e-01  -5.009999999999999e-02
  5.177162279847996e-01   1.393410472101448e-01  -5.010000000000000e-02
  5.177269837454759e-01   1.393497651641460e-01  -5.010000000000000e-02
  5.177370162374690e-01   1.393585278579474e-01  -5.010000000000000e-02
  5.177465741501890e-01   1.393670728084200e-01  -5.010000000000000e-02
  5.177557014817943e-01   1.393753689056012e-01  -5.010000000000000e-02
  5.177641115817490e-01   1.393837459238689e-01  -5.010000000000000e-02
  5.177722035649305e-01   1.393918060766970e-01  -5.010000000000000e-02
  5.177798165943951e-01   1.393997240905175e-01  -5.010000000000000e-02
  5.177868355975737e-01   1.394076306711330e-01  -5.010000000000000e-02
  5.177935884880788e-01   1.394152374881990e-01  -5.010000000000000e-02
  5.177999088692213e-01   1.394227016323300e-01  -5.010000000000000e-02
  5.178056574242553e-01   1.394301570854284e-01  -5.010000000000000e-02
  5.178111875848884e-01   1.394373292970509e-01  -5.010000000000001e-02
  5.178164648170091e-01   1.394442591348703e-01  -5.010000000000000e-02
  5.178210356480576e-01   1.394512839656545e-01  -5.010000000000001e-02
  5.178254325103981e-01   1.394580414269551e-01  -5.010000000000000e-02
  5.178296619312541e-01   1.394645415503490e-01  -5.010000000000000e-02
  5.178334364147077e-01   1.394709665749333e-01  -5.010000000000000e-02
  5.178367839232649e-01   1.394773129478520e-01  -5.010000000000000e-02
  5.178400037528412e-01   1.394834172606198e-01  -5.010000000000001e-02
  5.178431007142970e-01   1.394892886339043e-01  -5.010000000000000e-02
  5.178457496180445e-01   1.394950882229311e-01  -5.010000000000000e-02
  5.178480282402351e-01   1.395007906210287e-01  -5.010000000000001e-02
  5.178502197946626e-01   1.395062751264676e-01  -5.010000000000000e-02
  5.178523275738792e-01   1.395115499790713e-01  -5.010000000000000e-02
  5.178543128937715e-01   1.395166370001408e-01  -5.010000000000000e-02
  5.178556664376136e-01   1.395217138243680e-01  -5.010000000000000e-02
  5.178569681814321e-01   1.395265963589046e-01  -5.010000000000000e-02
  5.178582200901458e-01   1.395312919736975e-01  -5.010000000000000e-02
  5.178594240554562e-01   1.395358077640743e-01  -5.010000000000000e-02
  5.178605818984766e-01   1.395401505606022e-01  -5.010000000000000e-02
  5.178612188201561e-01   1.395444204580352e-01  -5.010000000000000e-02
  5.178617453163554e-01   1.395485435604369e-01  -5.010000000000000e-02
  5.178622516250599e-01   1.395525085703240e-01  -5.010000000000000e-02
  5.178627385149479e-01   1.395563215073763e-01  -5.010000000000001e-02
  5.178632067258341e-01   1.395599881652402e-01  -5.010000000000000e-02
  5.178636569697236e-01   1.395635141197758e-01  -5.010000000000000e-02
  5.178638694897634e-01   1.395669166858868e-01  -5.010000000000000e-02
  5.178638080128215e-01   1.395702030293739e-01  -5.010000000000001e-02
  5.178637488966533e-01   1.395733631741028e-01  -5.010000000000000e-02
  5.178636920510991e-01   1.395764019397116e-01  -5.010000000000000e-02
  5.178636373894044e-01   1.395793239637760e-01  -5.010000000000000e-02
  5.178635848280955e-01   1.395821337085352e-01  -5.010000000000000e-02
  5.178635342868564e-01   1.395848354673806e-01  -5.009999999999999e-02
  5.178634856884132e-01   1.395874333711153e-01  -5.010000000000001e-02
  5.178634389584205e-01   1.395899313939912e-01  -5.010000000000000e-02
  5.178630367549206e-01   1.395922991859794e-01  -5.010000000000000e-02
  5.178626413501172e-01   1.395945750840498e-01  -5.010000000000000e-02
  5.178622611548974e-01   1.395967634377560e-01  -5.010000000000000e-02
  5.178618955864534e-01   1.395988676016642e-01  -5.010000000000001e-02
  5.178615440841398e-01   1.396008908027742e-01  -5.010000000000000e-02
  5.178612061086443e-01   1.396028361452971e-01  -5.010000000000000e-02
  5.178608811411877e-01   1.396047066152588e-01  -5.010000000000000e-02
  5.178605686827527e-01   1.396065050849366e-01  -5.010000000000001e-02
  5.178602682533415e-01   1.396082343171337e-01  -5.010000000000001e-02
  5.178599793912607e-01   1.396098969692983e-01  -5.010000000000000e-02
  5.178597016524312e-01   1.396114955974904e-01  -5.010000000000000e-02
  5.178594346097248e-01   1.396130326602046e-01  -5.010000000000000e-02
  5.178591778523241e-01   1.396145105220510e-01  -5.010000000000000e-02
