368
  4.935690389524700e-01   1.258830527555230e-01  -5.010000000000000e-02
  4.935704689231977e-01   1.258825997834291e-01  -5.010000000000000e-02
  4.935719505660781e-01   1.258821304431378e-01  -5.010000000000001e-02
  4.935734857423370e-01   1.258816441450683e-01  -5.010000000000000e-02
  4.935750763798030e-01   1.258811402785417e-01  -5.009999999999999e-02
  4.935767244752587e-01   1.258806182110371e-01  -5.010000000000000e-02
  4.935784320968714e-01   1.258800772874207e-01  -5.010000000000000e-02
  4.935802013867083e-01   1.258795168291494e-01  -5.010000000000001e-02
  4.935820345633377e-01   1.258789361334469e-01  -5.010000000000000e-02
  4.935839339245169e-01   1.258783344724522e-01  -5.010000000000000e-02
  4.935859383911649e-01   1.258779165413006e-01  -5.010000000000000e-02
  4.935880750071088e-01   1.258778197535350e-01  -5.010000000000000e-02
  4.935902887286806e-01   1.258777194729182e-01  -5.010000000000000e-02
  4.935925823257668e-01   1.258776155739757e-01  -5.009999999999999e-02
  4.935949586668235e-01   1.258775079267676e-01  -5.010000000000000e-02
  4.935974207223159e-01   1.258773963967331e-01  -5.010000000000000e-02
  4.935999715682714e-01   1.258772808445296e-01  -5.010000000000000e-02
  4.936026143899525e-01   1.258771611258660e-01  -5.010000000000000e-02
  4.936053524856504e-01   1.258770370913312e-01  -5.010000000000000e-02
  4.936081731913025e-01   1.258773290658217e-01  -5.010000000000000e-02
  4.936110934512451e-01   1.258776862624611e-01  -5.010000000000000e-02
  4.936141189225512e-01   1.258780563282101e-01  -5.010000000000000e-02
  4.936172533719477e-01   1.258784397238026e-01  -5.010000000000000e-02
  4.936205006992628e-01   1.258788369262526e-01  -5.010000000000000e-02
  4.936238649420003e-01   1.258792484294145e-01  -5.010000000000001e-02
  4.936273502800614e-01   1.258796747445601e-01  -5.010000000000000e-02
  4.936309491722522e-01   1.258801826640638e-01  -5.010000000000000e-02
  4.936346160988084e-01   1.258810518900017e-01  -5.010000000000000e-02
  4.936384149122620e-01   1.258819523790451e-01  -5.010000000000000e-02
  4.936423503178034e-01   1.258828852465351e-01  -5.010000000000000e-02
  4.936464271856687e-01   1.258838516469360e-01  -5.010000000000000e-02
  4.936506505567216e-01   1.258848527751583e-01  -5.010000000000000e-02
  4.936550256482093e-01   1.258858898679234e-01  -5.010000000000000e-02
  4.936595443527867e-01   1.258870127902229e-01  -5.010000000000000e-02
  4.936641400186591e-01   1.258884827169550e-01  -5.010000000000000e-02
  4.936689006132490e-01   1.258900053962451e-01  -5.010000000000000e-02
  4.936738319940026e-01   1.258915827016013e-01  -5.010000000000000e-02
  4.936789402218807e-01   1.258932165716257e-01  -5.010000000000000e-02
  4.936842315680977e-01   1.258949090121706e-01  -5.010000000000000e-02
  4.936897125210593e-01   1.258966620985566e-01  -5.010000000000000e-02
  4.936953043970040e-01   1.258987210140019e-01  -5.010000000000000e-02
  4.937010689796045e-01   1.259009319086260e-01  -5.010000000000000e-02
  4.937070398600995e-01   1.259032219248338e-01  -5.010000000000000e-02
  4.937132243226241e-01   1.259055938563153e-01  -5.010000000000001e-02
  4.937196299012787e-01   1.259080505926295e-01  -5.010000000000000e-02
  4.937262643881747e-01   1.259105951222907e-01  -5.010000000000000e-02
  4.937330202438933e-01   1.259135135288867e-01  -5.010000000000000e-02
  4.937400126667157e-01   1.259165473938162e-01  -5.010000000000000e-02
  4.937472545700111e-01   1.259196895030662e-01  -5.010000000000000e-02
  4.937547547071937e-01   1.259229436545588e-01  -5.010000000000000e-02
  4.937625221280013e-01   1.259263137747844e-01  -5.010000000000000e-02
  4.937704805051181e-01   1.259299925061021e-01  -5.010000000000000e-02
  4.937786824347308e-01   1.259338895665220e-01  -5.010000000000000e-02
  4.937871761001654e-01   1.259379252421432e-01  -5.010000000000000e-02
  4.937959716718608e-01   1.259421043653427e-01  -5.010000000000000e-02
  4.938050796597494e-01   1.259464319298040e-01  -5.010000000000000e-02
  4.938144002184032e-01   1.259511380911526e-01  -5.010000000000001e-02
  4.938240352811265e-01   1.259560438153081e-01  -5.010000000000000e-02
  4.938340117984720e-01   1.259611233922174e-01  -5.010000000000000e-02
  4.938443415826354e-01   1.259663828360992e-01  -5.010000000000000e-02
  4.938549753388505e-01   1.259719457533728e-01  -5.010000000000000e-02
  4.938659150799705e-01   1.259778387671119e-01  -5.010000000000001e-02
  4.938772411776194e-01   1.259839399031738e-01  -5.010000000000000e-02
  4.938889669003018e-01   1.259902563090292e-01  -5.010000000000000e-02
  4.939010497185877e-01   1.259968973549902e-01  -5.009999999999999e-02
  4.939134823260754e-01   1.260039095536904e-01  -5.009999999999999e-02
  4.939263522714056e-01   1.260111684182532e-01  -5.010000000000000e-02
  4.939396744475412e-01   1.260186823485589e-01  -5.010000000000000e-02
  4.939533678055429e-01   1.260266275822959e-01  -5.010000000000001e-02
  4.939675011027292e-01   1.260349210994630e-01  -5.010000000000000e-02
  4.939821292888421e-01   1.260435050208972e-01  -5.010000000000000e-02
  4.939972317646164e-01   1.260524516137229e-01  -5.010000000000000e-02
  4.940127618672082e-01   1.260618779821401e-01  -5.010000000000000e-02
  4.940288336564379e-01   1.260716331402600e-01  -5.010000000000000e-02
  4.940454515937550e-01   1.260817502382639e-01  -5.010000000000000e-02
  4.940625197897657e-01   1.260924265051878e-01  -5.009999999999999e-02
  4.940801807478398e-01   1.261034735486136e-01  -5.010000000000000e-02
  4.940984319618939e-01   1.261149385650043e-01  -5.010000000000000e-02
  4.941171892313584e-01   1.261269988473862e-01  -5.010000000000000e-02
  4.941365947907912e-01   1.261394759580329e-01  -5.010000000000000e-02
  4.941566089968129e-01   1.261524771191374e-01  -5.010000000000000e-02
  4.941772255117521e-01   1.261660597186050e-01  -5.010000000000000e-02
  4.941985507648565e-01   1.261801092498820e-01  -5.010000000000000e-02
  4.942204707020504e-01   1.261948464010304e-01  -5.009999999999999e-02
  4.942431206579376e-01   1.262101190883304e-01  -5.009999999999999e-02
  4.942664619269064e-01   1.262260349785623e-01  -5.010000000000000e-02
  4.942905158269422e-01   1.262426157784368e-01  -5.010000000000000e-02
  4.943153379331440e-01   1.262598328222168e-01  -5.010000000000000e-02
  4.943408809970817e-01   1.262778090007862e-01  -5.010000000000000e-02
  4.943672666009889e-01   1.262964257600969e-01  -5.010000000000000e-02
  4.943944710177909e-01   1.263157740053229e-01  -5.010000000000000e-02
  4.944225921285237e-01   1.263357742189076e-01  -5.010000000000000e-02
  4.944516583200608e-01   1.263564465900796e-01  -5.010000000000000e-02
  4.944816986809160e-01   1.263778118070860e-01  -5.010000000000000e-02
  4.945127430056633e-01   1.263998910603359e-01  -5.010000000000000e-02
  4.945448217982877e-01   1.264227060447839e-01  -5.010000000000000e-02
  4.945788824683107e-01   1.264449292287042e-01  -5.010000000000001e-02
  4.946141562940599e-01   1.264677628335089e-01  -5.010000000000000e-02
  4.946505944267601e-01   1.264913501225038e-01  -5.010000000000000e-02
  4.946882312214939e-01   1.265157133345687e-01  -5.010000000000000e-02
  4.947271017611527e-01   1.265408751797122e-01  -5.010000000000000e-02
  4.947674684741346e-01   1.265665046748277e-01  -5.010000000000000e-02
  4.948091944868028e-01   1.265928964356967e-01  -5.010000000000000e-02
  4.948522728658150e-01   1.266201435701534e-01  -5.009999999999999e-02
  4.948967417868997e-01   1.266482702243992e-01  -5.010000000000000e-02
  4.949426955200047e-01   1.266772130757884e-01  -5.010000000000000e-02
  4.949901543475926e-01   1.267070276574953e-01  -5.010000000000000e-02
  4.950391252002923e-01   1.267377921235236e-01  -5.010000000000000e-02
  4.950896482179790e-01   1.267695333387230e-01  -5.010000000000000e-02
  4.951417510719401e-01   1.268022993428804e-01  -5.009999999999999e-02
  4.951954898984866e-01   1.268360941637045e-01  -5.010000000000000e-02
  4.952509072880077e-01   1.268709445850805e-01  -5.010000000000000e-02
  4.953079824154740e-01   1.269069791509191e-01  -5.010000000000000e-02
  4.953668186017075e-01   1.269441304353593e-01  -5.010000000000001e-02
  4.954274370928475e-01   1.269824620192754e-01  -5.010000000000001e-02
  4.954898373928333e-01   1.270220726803517e-01  -5.010000000000000e-02
  4.955541309305629e-01   1.270628851369103e-01  -5.010000000000000e-02
  4.956202730061867e-01   1.271050685687803e-01  -5.010000000000000e-02
  4.956883825545547e-01   1.271485355374464e-01  -5.010000000000001e-02
  4.957584352265788e-01   1.271934233547001e-01  -5.010000000000000e-02
  4.958305253866953e-01   1.272396841138132e-01  -5.010000000000000e-02
  4.959046428672029e-01   1.272874325808778e-01  -5.010000000000000e-02
  4.959808898191130e-01   1.273366089819409e-01  -5.010000000000000e-02
  4.960592403461765e-01   1.273873516234277e-01  -5.010000000000000e-02
  4.961397921205645e-01   1.274396069736276e-01  -5.010000000000000e-02
  4.962225727760616e-01   1.274934292883079e-01  -5.010000000000000e-02
  4.963075961672115e-01   1.275488926286805e-01  -5.010000000000001e-02
  4.963949388513590e-01   1.276059737121292e-01  -5.010000000000000e-02
  4.964846378881150e-01   1.276647085608999e-01  -5.009999999999999e-02
  4.965767319352558e-01   1.277251290287831e-01  -5.010000000000000e-02
  4.966712546651147e-01   1.277872726196528e-01  -5.010000000000000e-02
  4.967682592917718e-01   1.278511449299721e-01  -5.010000000000000e-02
  4.968677809802131e-01   1.279167765820541e-01  -5.010000000000000e-02
  4.969698644637278e-01   1.279841809500464e-01  -5.010000000000000e-02
  4.970745454515056e-01   1.280533820502366e-01  -5.010000000000000e-02
  4.971818632462984e-01   1.281243951153414e-01  -5.010000000000001e-02
  4.972918479705361e-01   1.281972455853294e-01  -5.010000000000000e-02
  4.974045367120388e-01   1.282719444004644e-01  -5.010000000000000e-02
  4.975199497954758e-01   1.283485234418223e-01  -5.010000000000001e-02
  4.976381233069677e-01   1.284269861644014e-01  -5.009999999999999e-02
  4.977590708797186e-01   1.285073648304473e-01  -5.010000000000000e-02
  4.978828116429899e-01   1.285896780407971e-01  -5.010000000000000e-02
  4.980093650671377e-01   1.286739381704363e-01  -5.010000000000000e-02
  4.981387317433020e-01   1.287601798625309e-01  -5.010000000000000e-02
  4.982709317132753e-01   1.288484021415928e-01  -5.009999999999999e-02
  4.984059588293398e-01   1.289386365087142e-01  -5.010000000000001e-02
  4.985438214082146e-01   1.290308856748977e-01  -5.010000000000000e-02
  4.986845209751019e-01   1.291251550779181e-01  -5.010000000000000e-02
  4.988280573244223e-01   1.292214449636327e-01  -5.010000000000000e-02
  4.989744294955635e-01   1.293197486481677e-01  -5.010000000000000e-02
  4.991236329678160e-01   1.294200563734948e-01  -5.009999999999999e-02
  4.992756723163181e-01   1.295223362034602e-01  -5.010000000000001e-02
  4.994305322497660e-01   1.296265768060124e-01  -5.010000000000000e-02
  4.995882224209116e-01   1.297327205803999e-01  -5.010000000000001e-02
  4.997487174427885e-01   1.298407525165985e-01  -5.010000000000000e-02
  4.999120154828319e-01   1.299506129006756e-01  -5.010000000000000e-02
  5.000780986439655e-01   1.300622559427648e-01  -5.010000000000000e-02
  5.002469508083010e-01   1.301756230557630e-01  -5.010000000000000e-02
  5.004185494532873e-01   1.302906548316138e-01  -5.010000000000000e-02
  5.005928791668046e-01   1.304072707257559e-01  -5.010000000000000e-02
  5.007699013613363e-01   1.305254141411941e-01  -5.010000000000000e-02
  5.009495922278118e-01   1.306449956002279e-01  -5.010000000000001e-02
  5.011319144740736e-01   1.307659349493668e-01  -5.010000000000001e-02
  5.013168298847179e-01   1.308881425171524e-01  -5.010000000000000e-02
  5.015043050555155e-01   1.310115102929787e-01  -5.010000000000000e-02
  5.016942914282060e-01   1.311359422112819e-01  -5.010000000000000e-02
  5.018867411483073e-01   1.312613301673749e-01  -5.010000000000000e-02
  5.020816009620412e-01   1.313875634072917e-01  -5.010000000000000e-02
  5.022788162308262e-01   1.315145224827549e-01  -5.010000000000000e-02
  5.024783290334350e-01   1.316420822460168e-01  -5.010000000000000e-02
  5.026800637491670e-01   1.317701347762912e-01  -5.010000000000000e-02
  5.028839599370211e-01   1.318985380366900e-01  -5.009999999999999e-02
  5.030899391784521e-01   1.320271683622964e-01  -5.010000000000000e-02
  5.032979186501401e-01   1.321558995291327e-01  -5.010000000000000e-02
  5.035078213663428e-01   1.322845865449374e-01  -5.010000000000000e-02
  5.037195518262235e-01   1.324131054779143e-01  -5.010000000000000e-02
  5.039330134818986e-01   1.325413259022938e-01  -5.010000000000000e-02
  5.041480964389914e-01   1.326691320976653e-01  -5.010000000000000e-02
  5.043646959132403e-01   1.327963928051257e-01  -5.010000000000000e-02
  5.045826904974241e-01   1.329229987257206e-01  -5.010000000000000e-02
  5.048019610178448e-01   1.330488314971060e-01  -5.010000000000000e-02
  5.050223747998447e-01   1.331737917372840e-01  -5.010000000000000e-02
  5.052438146609403e-01   1.332977488526454e-01  -5.010000000000000e-02
  5.054661564687510e-01   1.334205803982759e-01  -5.010000000000000e-02
  5.056892311193322e-01   1.335422439110518e-01  -5.010000000000000e-02
  5.059128913085327e-01   1.336626577924548e-01  -5.010000000000000e-02
  5.061369780458690e-01   1.337817630393976e-01  -5.010000000000000e-02
  5.063613876912232e-01   1.338993965801754e-01  -5.010000000000000e-02
  5.065859244076684e-01   1.340155718912524e-01  -5.010000000000000e-02
  5.068104199930497e-01   1.341302558994640e-01  -5.010000000000000e-02
  5.070347289185567e-01   1.342433760286264e-01  -5.010000000000000e-02
  5.072587175447233e-01   1.343548398183307e-01  -5.010000000000000e-02
  5.074821755223208e-01   1.344647161578915e-01  -5.010000000000001e-02
  5.077049663698564e-01   1.345729339629901e-01  -5.010000000000000e-02
  5.079269449405162e-01   1.346794464669510e-01  -5.010000000000000e-02
  5.081479078447597e-01   1.347843393968127e-01  -5.010000000000000e-02
  5.083677664937020e-01   1.348874672916980e-01  -5.010000000000000e-02
  5.085863039499422e-01   1.349889679278764e-01  -5.010000000000000e-02
  5.088034170842988e-01   1.350887487782007e-01  -5.010000000000000e-02
  5.090189252063799e-01   1.351868969135698e-01  -5.010000000000001e-02
  5.092327213515722e-01   1.352833523893054e-01  -5.010000000000001e-02
  5.094446377769782e-01   1.353782026653334e-01  -5.010000000000000e-02
  5.096545791822310e-01   1.354713886148839e-01  -5.010000000000000e-02
  5.098623831646729e-01   1.355630161864956e-01  -5.010000000000000e-02
  5.100679748010668e-01   1.356530084911868e-01  -5.009999999999999e-02
  5.102712060510395e-01   1.357414700352337e-01  -5.010000000000000e-02
  5.104719835393318e-01   1.358283959782561e-01  -5.009999999999999e-02
  5.106702210043433e-01   1.359137800242198e-01  -5.010000000000000e-02
  5.108658091432634e-01   1.359976847227007e-01  -5.010000000000000e-02
  5.110586646180874e-01   1.360801279070605e-01  -5.010000000000000e-02
  5.112487283664449e-01   1.361610857656938e-01  -5.010000000000001e-02
  5.114359086627730e-01   1.362406262580831e-01  -5.010000000000000e-02
  5.116201463905800e-01   1.363187559053312e-01  -5.010000000000000e-02
  5.118013844114467e-01   1.363954913782597e-01  -5.010000000000000e-02
  5.119795753559882e-01   1.364708408180702e-01  -5.010000000000000e-02
  5.121546692904033e-01   1.365448327433038e-01  -5.010000000000000e-02
  5.123266330845813e-01   1.366174698954338e-01  -5.009999999999999e-02
  5.124954346612038e-01   1.366887661440724e-01  -5.009999999999999e-02
  5.126610433901859e-01   1.367587451776466e-01  -5.010000000000000e-02
  5.128234417236665e-01   1.368274125548418e-01  -5.010000000000000e-02
  5.129826157282480e-01   1.368947776954283e-01  -5.010000000000000e-02
  5.131385555378972e-01   1.369608523763369e-01  -5.010000000000000e-02
  5.132912592992517e-01   1.370256409564589e-01  -5.010000000000000e-02
  5.134407267287136e-01   1.370891551208054e-01  -5.010000000000000e-02
  5.135869613671449e-01   1.371514080796872e-01  -5.010000000000001e-02
  5.137299749989861e-01   1.372124037054526e-01  -5.010000000000001e-02
  5.138697852759689e-01   1.372721416692640e-01  -5.010000000000000e-02
  5.140064053153085e-01   1.373306412992568e-01  -5.009999999999999e-02
  5.141398520002972e-01   1.373879215491269e-01  -5.010000000000000e-02
  5.142701573043284e-01   1.374439742219882e-01  -5.010000000000000e-02
  5.143973512899734e-01   1.374988031837469e-01  -5.010000000000000e-02
  5.145214660255539e-01   1.375524146936604e-01  -5.010000000000000e-02
  5.146425326034188e-01   1.376048238080951e-01  -5.010000000000000e-02
  5.147605754125724e-01   1.376560669447262e-01  -5.010000000000000e-02
  5.148756486739371e-01   1.377061173358227e-01  -5.010000000000000e-02
  5.149877946595176e-01   1.377549810450535e-01  -5.010000000000000e-02
  5.150970438791932e-01   1.378026957051880e-01  -5.010000000000000e-02
  5.152034399548653e-01   1.378492729644536e-01  -5.010000000000000e-02
  5.153070414281770e-01   1.378946943765983e-01  -5.009999999999999e-02
  5.154078796994188e-01   1.379390067976182e-01  -5.010000000000001e-02
  5.155060095904950e-01   1.379822066118575e-01  -5.010000000000000e-02
  5.156014890148808e-01   1.380242860446750e-01  -5.010000000000000e-02
  5.156943400430298e-01   1.380653207483480e-01  -5.010000000000000e-02
  5.157846426848258e-01   1.381052570693540e-01  -5.010000000000000e-02
  5.158724258241814e-01   1.381441587100148e-01  -5.009999999999999e-02
  5.159577545430475e-01   1.381820087937540e-01  -5.010000000000000e-02
  5.160406714415469e-01   1.382188422718540e-01  -5.010000000000001e-02
  5.161212306566140e-01   1.382546687230552e-01  -5.010000000000000e-02
  5.161994801358179e-01   1.382895122019812e-01  -5.010000000000000e-02
  5.162754752778213e-01   1.383233801645647e-01  -5.010000000000000e-02
  5.163492622672998e-01   1.383563007983311e-01  -5.010000000000001e-02
  5.164208989861860e-01   1.383882757896480e-01  -5.010000000000000e-02
  5.164904251030336e-01   1.384193472344202e-01  -5.010000000000000e-02
  5.165579038995244e-01   1.384495037251539e-01  -5.010000000000000e-02
  5.166233695541441e-01   1.384787981884393e-01  -5.010000000000000e-02
  5.166868834627472e-01   1.385072217378311e-01  -5.010000000000000e-02
  5.167484894325257e-01   1.385348037050656e-01  -5.010000000000000e-02
  5.168082334641942e-01   1.385615672924819e-01  -5.010000000000000e-02
  5.168661678812209e-01   1.385875202252049e-01  -5.010000000000000e-02
  5.169223368621811e-01   1.386126869490833e-01  -5.010000000000001e-02
  5.169767869273643e-01   1.386370851149367e-01  -5.010000000000000e-02
  5.170295634052339e-01   1.386607333742343e-01  -5.010000000000000e-02
  5.170807097040958e-01   1.386836529228868e-01  -5.009999999999999e-02
  5.171302697103645e-01   1.387058620765151e-01  -5.010000000000000e-02
  5.171782862792241e-01   1.387273795748932e-01  -5.010000000000000e-02
  5.172248045007236e-01   1.387482172353463e-01  -5.010000000000000e-02
  5.172698649429529e-01   1.387683949884686e-01  -5.010000000000000e-02
  5.173135054198870e-01   1.387879368909922e-01  -5.010000000000000e-02
  5.173557656364622e-01   1.388068607225119e-01  -5.010000000000000e-02
  5.173966918735198e-01   1.388251674839192e-01  -5.010000000000000e-02
  5.174363152803324e-01   1.388428898807481e-01  -5.010000000000000e-02
  5.174746726011917e-01   1.388600459941731e-01  -5.010000000000001e-02
  5.175118003989375e-01   1.388766521776885e-01  -5.010000000000000e-02
  5.175477446688297e-01   1.388927015321642e-01  -5.010000000000000e-02
  5.175825319343043e-01   1.389082285951153e-01  -5.010000000000000e-02
  5.176161941903376e-01   1.389232535176373e-01  -5.010000000000000e-02
  5.176487648237647e-01   1.389377912017204e-01  -5.010000000000000e-02
  5.176802778184123e-01   1.389518530817370e-01  -5.010000000000000e-02
  5.177107763723954e-01   1.389654278042685e-01  -5.010000000000000e-02
  5.177402782751595e-01   1.389785589233503e-01  -5.010000000000000e-02
  5.177688137968411e-01   1.389912599120377e-01  -5.010000000000000e-02
  5.177964124420198e-01   1.390035439026411e-01  -5.010000000000000e-02
  5.178231029584788e-01   1.390154236906257e-01  -5.010000000000001e-02
  5.178489197537899e-01   1.390268973216086e-01  -5.010000000000000e-02
  5.178738900343995e-01   1.390379770583082e-01  -5.010000000000000e-02
  5.178980335645875e-01   1.390486899518340e-01  -5.010000000000000e-02
  5.179213761792330e-01   1.390590474655599e-01  -5.010000000000000e-02
  5.179439430093289e-01   1.390690607505332e-01  -5.009999999999999e-02
  5.179657584940498e-01   1.390787406508299e-01  -5.010000000000000e-02
  5.179868463931477e-01   1.390880977090546e-01  -5.010000000000000e-02
  5.180071489459283e-01   1.390973207846664e-01  -5.009999999999999e-02
  5.180267176748815e-01   1.391063555867183e-01  -5.010000000000000e-02
  5.180453946688727e-01   1.391155787658184e-01  -5.010000000000000e-02
  5.180634023776163e-01   1.391245800162675e-01  -5.010000000000000e-02
  5.180805315770818e-01   1.391338054247542e-01  -5.010000000000000e-02
  5.180970678483384e-01   1.391427495747181e-01  -5.010000000000000e-02
  5.181127732171732e-01   1.391518809436087e-01  -5.010000000000000e-02
  5.181279485614284e-01   1.391607041471828e-01  -5.010000000000000e-02
  5.181423176260779e-01   1.391697145995935e-01  -5.010000000000000e-02
  5.181561924027767e-01   1.391784337215628e-01  -5.010000000000000e-02
  5.181693568630300e-01   1.391872248794911e-01  -5.009999999999999e-02
  5.181819998080017e-01   1.391958327519383e-01  -5.010000000000000e-02
  5.181940769567764e-01   1.392043407242189e-01  -5.009999999999999e-02
  5.182055456787716e-01   1.392128383165456e-01  -5.010000000000000e-02
  5.182166242838144e-01   1.392210468570648e-01  -5.010000000000000e-02
  5.182270080263819e-01   1.392293856932342e-01  -5.010000000000000e-02
  5.182370022051975e-01   1.392374863561083e-01  -5.010000000000000e-02
  5.182465684309595e-01   1.392454129075086e-01  -5.010000000000000e-02
  5.182555158273278e-01   1.392534120450888e-01  -5.010000000000000e-02
  5.182641574828792e-01   1.392611378447328e-01  -5.010000000000001e-02
  5.182723499788658e-01   1.392687622131962e-01  -5.010000000000000e-02
  5.182800103086137e-01   1.392763924105281e-01  -5.010000000000000e-02
  5.182874082576243e-01   1.392837612592147e-01  -5.009999999999999e-02
  5.182944100827797e-01   1.392910121101595e-01  -5.010000000000000e-02
  5.183008749397280e-01   1.392982944708209e-01  -5.010000000000000e-02
  5.183071178917389e-01   1.393053268658912e-01  -5.009999999999999e-02
  5.183131289660294e-01   1.393121321583994e-01  -5.010000000000000e-02
  5.183184832142971e-01   1.393190762246214e-01  -5.010000000000000e-02
  5.183236533274974e-01   1.393257814812035e-01  -5.010000000000000e-02
  5.183286455326597e-01   1.393322560041445e-01  -5.010000000000000e-02
  5.183332183262814e-01   1.393386831401621e-01  -5.010000000000000e-02
  5.183373753488226e-01   1.393450719958444e-01  -5.010000000000000e-02
  5.183413890873837e-01   1.393512406408683e-01  -5.010000000000000e-02
  5.183452644095092e-01   1.393571965560786e-01  -5.010000000000000e-02
  5.183486783067490e-01   1.393631394796496e-01  -5.010000000000000e-02
  5.183517685644310e-01   1.393689981435870e-01  -5.010000000000000e-02
  5.183547520992562e-01   1.393746544770340e-01  -5.009999999999999e-02
  5.183576325509678e-01   1.393801153803964e-01  -5.010000000000000e-02
  5.183602283286308e-01   1.393854730404796e-01  -5.010000000000000e-02
  5.183623636045438e-01   1.393908167053287e-01  -5.010000000000000e-02
  5.183644250132449e-01   1.393959755127445e-01  -5.010000000000000e-02
  5.183664150824943e-01   1.394009557886097e-01  -5.010000000000000e-02
  5.183683362554390e-01   1.394057636470560e-01  -5.010000000000000e-02
  5.183699059610102e-01   1.394104995322038e-01  -5.010000000000000e-02
  5.183711489521663e-01   1.394151616993387e-01  -5.010000000000001e-02
  5.183723488659926e-01   1.394196622935525e-01  -5.010000000000000e-02
  5.183735071819239e-01   1.394240068638571e-01  -5.010000000000000e-02
  5.183746253295072e-01   1.394282007721478e-01  -5.010000000000000e-02
  5.183757046900215e-01   1.394322491992752e-01  -5.010000000000000e-02
  5.183762648989572e-01   1.394362516804021e-01  -5.010000000000000e-02
  5.183767594122382e-01   1.394401243178480e-01  -5.010000000000000e-02
  5.183772367570472e-01   1.394438625053812e-01  -5.010000000000000e-02
  5.183776975251055e-01   1.394474708768955e-01  -5.010000000000000e-02
  5.183781422880373e-01   1.394509539088991e-01  -5.010000000000000e-02
  5.183785715980315e-01   1.394543159257013e-01  -5.010000000000000e-02
  5.183789320071073e-01   1.394575640304500e-01  -5.010000000000000e-02
  5.183788729449442e-01   1.394607212882571e-01  -5.010000000000000e-02
  5.183788159362459e-01   1.394637687749742e-01  -5.010000000000000e-02
  5.183787609100364e-01   1.394667102847375e-01  -5.010000000000000e-02
  5.183787077977642e-01   1.394695494820760e-01  -5.010000000000000e-02
  5.183786565332212e-01   1.394722899062335e-01  -5.010000000000000e-02
  5.183786070524650e-01   1.394749349753538e-01  -5.010000000000000e-02
  5.183785592937427e-01   1.394774879905330e-01  -5.010000000000000e-02
  5.183785131974176e-01   1.394799521397421e-01  -5.010000000000000e-02
  5.183783851774895e-01   1.394823225119840e-01  -5.010000000000000e-02
  5.183779921761956e-01   1.394845845757688e-01  -5.010000000000000e-02
  5.183776128613425e-01   1.394867678622003e-01  -5.010000000000000e-02
  5.183772467583180e-01   1.394888751030832e-01  -5.010000000000000e-02
  5.183768934088295e-01   1.394909089362894e-01  -5.010000000000000e-02
  5.183765523703523e-01   1.394928719089329e-01  -5.010000000000000e-02
  5.183762232155960e-01   1.394947664804410e-01  -5.010000000000000e-02
  5.183759055319883e-01   1.394965950255257e-01  -5.010000000000000e-02
  5.183755989211758e-01   1.394983598370568e-01  -5.010000000000001e-02
  5.183753029985411e-01   1.395000631288417e-01  -5.010000000000000e-02
  5.183750173927357e-01   1.395017070383129e-01  -5.010000000000000e-02
  5.183747417452288e-01   1.395032936291266e-01  -5.009999999999999e-02
  5.183744757098707e-01   1.395048248936766e-01  -5.010000000000000e-02
  5.183742189524699e-01   1.395063027555230e-01  -5.010000000000000e-02
