791
  4.981071396129490e-01   1.355569226742370e-01  -5.010000000000000e-02
  4.981076219885242e-01   1.355555058943485e-01  -5.010000000000001e-02
  4.981077968313158e-01   1.355539738828115e-01  -5.010000000000000e-02
  4.981076952859929e-01   1.355523828617059e-01  -5.010000000000001e-02
  4.981073660655431e-01   1.355507741877014e-01  -5.010000000000001e-02
  4.981068529549633e-01   1.355491609110205e-01  -5.010000000000000e-02
  4.981061887688585e-01   1.355475468886145e-01  -5.010000000000001e-02
  4.981053962469267e-01   1.355459302443918e-01  -5.010000000000000e-02
  4.981044924529474e-01   1.355443099104384e-01  -5.010000000000000e-02
  4.981034885772479e-01   1.355426820458444e-01  -5.010000000000000e-02
  4.981023906173635e-01   1.355410403442080e-01  -5.010000000000001e-02
  4.981012100068264e-01   1.355393899697421e-01  -5.010000000000001e-02
  4.980999469468967e-01   1.355377222285068e-01  -5.010000000000000e-02
  4.980986015865542e-01   1.355360312931312e-01  -5.009999999999999e-02
  4.980971808067384e-01   1.355343210606532e-01  -5.010000000000000e-02
  4.980956804045671e-01   1.355325828207632e-01  -5.010000000000000e-02
  4.980941051904686e-01   1.355308194114850e-01  -5.009999999999999e-02
  4.980924537029509e-01   1.355290269270008e-01  -5.010000000000001e-02
  4.980907255413548e-01   1.355272032524142e-01  -5.009999999999999e-02
  4.980889199421644e-01   1.355253462981772e-01  -5.010000000000001e-02
  4.980870430843916e-01   1.355234611980811e-01  -5.009999999999999e-02
  4.980850769327206e-01   1.355215292120939e-01  -5.010000000000001e-02
  4.980830350324709e-01   1.355195632916316e-01  -5.010000000000001e-02
  4.980809114811545e-01   1.355175572364282e-01  -5.010000000000000e-02
  4.980787046972905e-01   1.355155093089820e-01  -5.010000000000001e-02
  4.980764129622573e-01   1.355134177860133e-01  -5.010000000000000e-02
  4.980740344325082e-01   1.355112809536431e-01  -5.010000000000000e-02
  4.980715671492686e-01   1.355090971029894e-01  -5.010000000000000e-02
  4.980690090470025e-01   1.355068645268160e-01  -5.010000000000000e-02
  4.980663579603630e-01   1.355045815165506e-01  -5.009999999999999e-02
  4.980636116300610e-01   1.355022463597476e-01  -5.010000000000000e-02
  4.980607677077883e-01   1.354998573378653e-01  -5.010000000000000e-02
  4.980578148041723e-01   1.354974053287431e-01  -5.010000000000000e-02
  4.980547648198099e-01   1.354949006100051e-01  -5.010000000000001e-02
  4.980516086471513e-01   1.354923360169713e-01  -5.010000000000000e-02
  4.980483433851856e-01   1.354897096247181e-01  -5.010000000000000e-02
  4.980449660259283e-01   1.354870194731221e-01  -5.010000000000000e-02
  4.980414734538654e-01   1.354842635645255e-01  -5.010000000000000e-02
  4.980378624451222e-01   1.354814398615218e-01  -5.010000000000001e-02
  4.980341296663762e-01   1.354785462848343e-01  -5.009999999999999e-02
  4.980302716735552e-01   1.354755807112760e-01  -5.009999999999999e-02
  4.980262849103458e-01   1.354725409717854e-01  -5.009999999999999e-02
  4.980221657065442e-01   1.354694248495281e-01  -5.010000000000001e-02
  4.980179102762697e-01   1.354662300780618e-01  -5.010000000000001e-02
  4.980135147160683e-01   1.354629543395633e-01  -5.010000000000000e-02
  4.980089750029255e-01   1.354595952631145e-01  -5.010000000000001e-02
  4.980042869922099e-01   1.354561504230511e-01  -5.010000000000000e-02
  4.979994464156068e-01   1.354526173373998e-01  -5.010000000000001e-02
  4.979944488788567e-01   1.354489934662629e-01  -5.010000000000000e-02
  4.979892898597979e-01   1.354452762104994e-01  -5.010000000000001e-02
  4.979839647061291e-01   1.354414629102705e-01  -5.010000000000000e-02
  4.979784686333429e-01   1.354375508437664e-01  -5.010000000000000e-02
  4.979728060388196e-01   1.354335437995335e-01  -5.010000000000000e-02
  4.979669552776824e-01   1.354294271772553e-01  -5.010000000000000e-02
  4.979609187698388e-01   1.354252034619767e-01  -5.009999999999999e-02
  4.979546912166735e-01   1.354208696936143e-01  -5.010000000000000e-02
  4.979482671774239e-01   1.354164228443550e-01  -5.010000000000001e-02
  4.979416410815811e-01   1.354118598275766e-01  -5.010000000000000e-02
  4.979348063611808e-01   1.354071769049667e-01  -5.010000000000000e-02
  4.979277586652613e-01   1.354023718874325e-01  -5.010000000000000e-02
  4.979204912410536e-01   1.353974409700035e-01  -5.010000000000000e-02
  4.979129978997936e-01   1.353923807673667e-01  -5.010000000000001e-02
  4.979052722959042e-01   1.353871878192915e-01  -5.010000000000000e-02
  4.978973079246234e-01   1.353818585895764e-01  -5.010000000000000e-02
  4.978890981196749e-01   1.353763894650475e-01  -5.010000000000000e-02
  4.978806360509891e-01   1.353707767546123e-01  -5.009999999999999e-02
  4.978719147224854e-01   1.353650166883747e-01  -5.010000000000000e-02
  4.978629269699232e-01   1.353591054168140e-01  -5.009999999999999e-02
  4.978536654588348e-01   1.353530390100368e-01  -5.010000000000000e-02
  4.978441226825471e-01   1.353468134571032e-01  -5.010000000000000e-02
  4.978342909603066e-01   1.353404246654380e-01  -5.010000000000000e-02
  4.978241624355168e-01   1.353338684603291e-01  -5.010000000000000e-02
  4.978137290741022e-01   1.353271405845233e-01  -5.010000000000000e-02
  4.978029826630099e-01   1.353202366979251e-01  -5.010000000000000e-02
  4.977919148088636e-01   1.353131523774055e-01  -5.010000000000000e-02
  4.977805169367821e-01   1.353058831167307e-01  -5.009999999999999e-02
  4.977687795211516e-01   1.352984238392517e-01  -5.009999999999999e-02
  4.977566950502282e-01   1.352907707812802e-01  -5.009999999999999e-02
  4.977442537252112e-01   1.352829187590062e-01  -5.010000000000000e-02
  4.977314387370349e-01   1.352748582260964e-01  -5.010000000000000e-02
  4.977182564322331e-01   1.352665942248836e-01  -5.009999999999999e-02
  4.977046887397737e-01   1.352581164688792e-01  -5.010000000000000e-02
  4.976907257924249e-01   1.352494198767768e-01  -5.010000000000000e-02
  4.976763575407940e-01   1.352404992895718e-01  -5.009999999999999e-02
  4.976615737543333e-01   1.352313494719518e-01  -5.009999999999999e-02
  4.976463640226646e-01   1.352219651138946e-01  -5.010000000000000e-02
  4.976307177572439e-01   1.352123408324882e-01  -5.010000000000000e-02
  4.976146241933920e-01   1.352024711739862e-01  -5.010000000000000e-02
  4.975980723927145e-01   1.351923506161155e-01  -5.010000000000000e-02
  4.975810527632646e-01   1.351819744943570e-01  -5.010000000000001e-02
  4.975635506693626e-01   1.351713351105437e-01  -5.009999999999999e-02
  4.975455565487543e-01   1.351604279000883e-01  -5.009999999999999e-02
  4.975270587969032e-01   1.351492470924958e-01  -5.009999999999999e-02
  4.975080532978677e-01   1.351377914653716e-01  -5.009999999999999e-02
  4.974885109503322e-01   1.351260447891217e-01  -5.009999999999999e-02
  4.974684296425661e-01   1.351140071462873e-01  -5.009999999999999e-02
  4.974477971240883e-01   1.351016725438124e-01  -5.009999999999999e-02
  4.974266010196314e-01   1.350890349583678e-01  -5.010000000000000e-02
  4.974048288373720e-01   1.350760883422533e-01  -5.009999999999999e-02
  4.973824679776933e-01   1.350628266296357e-01  -5.010000000000001e-02
  4.973595057425075e-01   1.350492437431439e-01  -5.009999999999999e-02
  4.973359293451685e-01   1.350353336008391e-01  -5.009999999999999e-02
  4.973117259210059e-01   1.350210901235820e-01  -5.009999999999999e-02
  4.972868825385148e-01   1.350065072428221e-01  -5.009999999999999e-02
  4.972613862112382e-01   1.349915789088297e-01  -5.009999999999999e-02
  4.972352239103801e-01   1.349762990993994e-01  -5.010000000000000e-02
  4.972083825781850e-01   1.349606618290482e-01  -5.010000000000000e-02
  4.971808491421251e-01   1.349446611587359e-01  -5.010000000000000e-02
  4.971526039513159e-01   1.349282873971815e-01  -5.009999999999999e-02
  4.971236516644247e-01   1.349115449891446e-01  -5.009999999999999e-02
  4.970939653003621e-01   1.348944201095002e-01  -5.009999999999999e-02
  4.970635340005195e-01   1.348769083403742e-01  -5.009999999999999e-02
  4.970323699168963e-01   1.348589589286600e-01  -5.009999999999999e-02
  4.970005187850821e-01   1.348404693589080e-01  -5.009999999999999e-02
  4.969679744518968e-01   1.348214229094075e-01  -5.009999999999999e-02
  4.969347304899768e-01   1.348018047761673e-01  -5.009999999999999e-02
  4.969007809281005e-01   1.347815999361275e-01  -5.009999999999999e-02
  4.968661202841799e-01   1.347607931587651e-01  -5.009999999999999e-02
  4.968307435989743e-01   1.347393690191154e-01  -5.009999999999998e-02
  4.967946464704547e-01   1.347173119122786e-01  -5.009999999999998e-02
  4.967578250887386e-01   1.346946060694831e-01  -5.009999999999998e-02
  4.967202762715072e-01   1.346712355757724e-01  -5.009999999999998e-02
  4.966819974998062e-01   1.346471843893840e-01  -5.009999999999998e-02
  4.966429869541207e-01   1.346224363628814e-01  -5.009999999999997e-02
  4.966032435506082e-01   1.345969752661010e-01  -5.009999999999997e-02
  4.965627669773582e-01   1.345707848109694e-01  -5.009999999999997e-02
  4.965215577305429e-01   1.345438486782401e-01  -5.009999999999997e-02
  4.964796171503073e-01   1.345161505461963e-01  -5.009999999999996e-02
  4.964369474562414e-01   1.344876741213550e-01  -5.009999999999996e-02
  4.963935517822651e-01   1.344584031712044e-01  -5.009999999999996e-02
  4.963494342107472e-01   1.344283215589922e-01  -5.009999999999996e-02
  4.963045998056708e-01   1.343974132805796e-01  -5.009999999999996e-02
  4.962590546446491e-01   1.343656625033566e-01  -5.009999999999996e-02
  4.962128058495862e-01   1.343330536072096e-01  -5.009999999999996e-02
  4.961658616157728e-01   1.342995712275151e-01  -5.009999999999996e-02
  4.961182312391961e-01   1.342652003001196e-01  -5.009999999999995e-02
  4.960699251418446e-01   1.342299261082528e-01  -5.009999999999995e-02
  4.960209548947753e-01   1.341937343313038e-01  -5.009999999999995e-02
  4.959713332387179e-01   1.341566110953726e-01  -5.009999999999995e-02
  4.959210741019813e-01   1.341185430254936e-01  -5.009999999999994e-02
  4.958701926154328e-01   1.340795172994082e-01  -5.009999999999994e-02
  4.958187051243203e-01   1.340395217027438e-01  -5.009999999999994e-02
  4.957666291967131e-01   1.339985446854407e-01  -5.009999999999994e-02
  4.957139836283416e-01   1.339565754192437e-01  -5.009999999999994e-02
  4.956607884436259e-01   1.339136038560607e-01  -5.009999999999994e-02
  4.956070648926917e-01   1.338696207869665e-01  -5.009999999999994e-02
  4.955528354441857e-01   1.338246179016135e-01  -5.009999999999994e-02
  4.954981237737184e-01   1.337785878477910e-01  -5.009999999999993e-02
  4.954429547477766e-01   1.337315242908562e-01  -5.009999999999993e-02
  4.953873544029705e-01   1.336834219727430e-01  -5.009999999999993e-02
  4.953313499205007e-01   1.336342767702394e-01  -5.009999999999993e-02
  4.952749695957543e-01   1.335840857522075e-01  -5.009999999999993e-02
  4.952182428029671e-01   1.335328472354105e-01  -5.009999999999992e-02
  4.951611999549142e-01   1.334805608385960e-01  -5.009999999999992e-02
  4.951038724576268e-01   1.334272275344803e-01  -5.009999999999992e-02
  4.950462926601583e-01   1.333728496992693e-01  -5.009999999999992e-02
  4.949884937994629e-01   1.333174311593487e-01  -5.009999999999992e-02
  4.949305099404784e-01   1.332609772347769e-01  -5.009999999999992e-02
  4.948723759115457e-01   1.332034947792148e-01  -5.009999999999992e-02
  4.948141272353301e-01   1.331449922159333e-01  -5.009999999999992e-02
  4.947558000554480e-01   1.330854795695484e-01  -5.009999999999992e-02
  4.946974310590364e-01   1.330249684931465e-01  -5.009999999999991e-02
  4.946390573955427e-01   1.329634722904786e-01  -5.009999999999991e-02
  4.945807165920414e-01   1.329010059329220e-01  -5.009999999999991e-02
  4.945224464654238e-01   1.328375860709321e-01  -5.009999999999991e-02
  4.944642850318327e-01   1.327732310397309e-01  -5.009999999999991e-02
  4.944062704137498e-01   1.327079608590137e-01  -5.009999999999990e-02
  4.943484407451642e-01   1.326417972264842e-01  -5.009999999999990e-02
  4.942908340752803e-01   1.325747635050659e-01  -5.009999999999990e-02
  4.942334882712402e-01   1.325068847036780e-01  -5.009999999999990e-02
  4.941764409203541e-01   1.324381874515015e-01  -5.009999999999990e-02
  4.941197292323465e-01   1.323686999657080e-01  -5.009999999999990e-02
  4.940633899421329e-01   1.322984520126638e-01  -5.009999999999990e-02
  4.940074592136479e-01   1.322274748626724e-01  -5.009999999999990e-02
  4.939519725452456e-01   1.321558012383588e-01  -5.009999999999990e-02
  4.938969646771880e-01   1.320834652568499e-01  -5.009999999999990e-02
  4.938424695017271e-01   1.320105023659477e-01  -5.009999999999990e-02
  4.937885199762759e-01   1.319369492745388e-01  -5.009999999999990e-02
  4.937351480401406e-01   1.318628438775255e-01  -5.009999999999990e-02
  4.936823845352674e-01   1.317882251756056e-01  -5.009999999999990e-02
  4.936302591314276e-01   1.317131331902680e-01  -5.009999999999990e-02
  4.935788002562357e-01   1.316376088744042e-01  -5.009999999999990e-02
  4.935280350303601e-01   1.315616940189730e-01  -5.009999999999990e-02
  4.934779892082480e-01   1.314854311561803e-01  -5.009999999999990e-02
  4.934286871246464e-01   1.314088634596637e-01  -5.009999999999990e-02
  4.933801516471582e-01   1.313320346421921e-01  -5.009999999999990e-02
  4.933324041350274e-01   1.312549888514054e-01  -5.009999999999990e-02
  4.932854644043033e-01   1.311777705641327e-01  -5.009999999999990e-02
  4.932393506994832e-01   1.311004244798334e-01  -5.009999999999990e-02
  4.931940796716904e-01   1.310229954137073e-01  -5.009999999999990e-02
  4.931496663633961e-01   1.309455281900184e-01  -5.009999999999990e-02
  4.931061241996453e-01   1.308680675361690e-01  -5.009999999999990e-02
  4.930634649857063e-01   1.307906579780487e-01  -5.009999999999990e-02
  4.930216989110169e-01   1.307133437371660e-01  -5.009999999999990e-02
  4.929808345592627e-01   1.306361686300532e-01  -5.009999999999990e-02
  4.929408789243795e-01   1.305591759704072e-01  -5.009999999999990e-02
  4.929018374322434e-01   1.304824084744038e-01  -5.009999999999990e-02
  4.928637139677720e-01   1.304059081695923e-01  -5.009999999999990e-02
  4.928265109071385e-01   1.303297163077450e-01  -5.009999999999990e-02
  4.927902291547686e-01   1.302538732819986e-01  -5.009999999999990e-02
  4.927548681847731e-01   1.301784185485903e-01  -5.009999999999990e-02
  4.927204260864501e-01   1.301033905534520e-01  -5.009999999999990e-02
  4.926868996134741e-01   1.300288266638861e-01  -5.009999999999990e-02
  4.926542842363842e-01   1.299547631055084e-01  -5.009999999999990e-02
  4.926225741979715e-01   1.298812349046023e-01  -5.009999999999990e-02
  4.925917625711681e-01   1.298082758359921e-01  -5.009999999999990e-02
  4.925618413190381e-01   1.297359183765003e-01  -5.009999999999990e-02
  4.925328013564757e-01   1.296641936640212e-01  -5.009999999999991e-02
  4.925046326132219e-01   1.295931314622049e-01  -5.009999999999991e-02
  4.924773240978249e-01   1.295227601307098e-01  -5.009999999999991e-02
  4.924508639621762e-01   1.294531066009551e-01  -5.009999999999991e-02
  4.924252395662754e-01   1.293841963572671e-01  -5.009999999999991e-02
  4.924004375428887e-01   1.293160534232926e-01  -5.009999999999991e-02
  4.923764438617886e-01   1.292487003535223e-01  -5.009999999999991e-02
  4.923532438932802e-01   1.291821582297467e-01  -5.009999999999992e-02
  4.923308224707420e-01   1.291164466622469e-01  -5.009999999999992e-02
  4.923091639519301e-01   1.290515837955033e-01  -5.009999999999992e-02
  4.922882522788193e-01   1.289875863181939e-01  -5.009999999999992e-02
  4.922680710357755e-01   1.289244694772366e-01  -5.009999999999992e-02
  4.922486035058785e-01   1.288622470956259e-01  -5.009999999999992e-02
  4.922298327252367e-01   1.288009315938015e-01  -5.009999999999992e-02
  4.922117415351578e-01   1.287405340142859e-01  -5.009999999999992e-02
  4.921943126320620e-01   1.286810640493224e-01  -5.009999999999992e-02
  4.921775286150438e-01   1.286225300712457e-01  -5.009999999999992e-02
  4.921613720310130e-01   1.285649391653173e-01  -5.009999999999992e-02
  4.921458254173596e-01   1.285082971647632e-01  -5.009999999999993e-02
  4.921308713421110e-01   1.284526086877523e-01  -5.009999999999993e-02
  4.921164924415620e-01   1.283978771760640e-01  -5.009999999999993e-02
  4.921026714553788e-01   1.283441049351986e-01  -5.009999999999993e-02
  4.920893912591910e-01   1.282912931756919e-01  -5.009999999999993e-02
  4.920766348946968e-01   1.282394420554069e-01  -5.009999999999994e-02
  4.920643855973236e-01   1.281885507225844e-01  -5.009999999999994e-02
  4.920526268214924e-01   1.281386173594455e-01  -5.009999999999994e-02
  4.920413422635481e-01   1.280896392261489e-01  -5.009999999999994e-02
  4.920305158824222e-01   1.280416127049215e-01  -5.009999999999994e-02
  4.920201319181049e-01   1.279945333441875e-01  -5.009999999999994e-02
  4.920101749080085e-01   1.279483959025380e-01  -5.009999999999994e-02
  4.920006297013079e-01   1.279031943923918e-01  -5.009999999999994e-02
  4.919914814713500e-01   1.278589221232127e-01  -5.009999999999994e-02
  4.919827157262245e-01   1.278155717441585e-01  -5.009999999999994e-02
  4.919743183175939e-01   1.277731352860496e-01  -5.009999999999994e-02
  4.919662754478771e-01   1.277316042025568e-01  -5.009999999999994e-02
  4.919585736758864e-01   1.276909694105176e-01  -5.009999999999995e-02
  4.919511999210143e-01   1.276512213293025e-01  -5.009999999999995e-02
  4.919441414660670e-01   1.276123499191610e-01  -5.009999999999995e-02
  4.919373859588396e-01   1.275743447184897e-01  -5.009999999999995e-02
  4.919309214125264e-01   1.275371948799703e-01  -5.009999999999995e-02
  4.919247362050588e-01   1.275008892055372e-01  -5.009999999999995e-02
  4.919188190774568e-01   1.274654161801416e-01  -5.009999999999996e-02
  4.919131591312828e-01   1.274307640042850e-01  -5.009999999999996e-02
  4.919077458252780e-01   1.273969206253049e-01  -5.009999999999996e-02
  4.919025689712615e-01   1.273638737674006e-01  -5.009999999999996e-02
  4.918976187293684e-01   1.273316109603919e-01  -5.009999999999996e-02
  4.918928856026973e-01   1.273001195672124e-01  -5.009999999999996e-02
  4.918883604314374e-01   1.272693868101407e-01  -5.009999999999996e-02
  4.918840343865384e-01   1.272393997957788e-01  -5.009999999999996e-02
  4.918798989629854e-01   1.272101455387923e-01  -5.009999999999996e-02
  4.918759459727347e-01   1.271816109844291e-01  -5.009999999999996e-02
  4.918721675373644e-01   1.271537830298367e-01  -5.009999999999996e-02
  4.918685560804909e-01   1.271266485442016e-01  -5.009999999999996e-02
  4.918651043199949e-01   1.271001943877380e-01  -5.009999999999996e-02
  4.918618052601027e-01   1.270744074295518e-01  -5.009999999999996e-02
  4.918586521833604e-01   1.270492745644117e-01  -5.009999999999996e-02
  4.918556386425382e-01   1.270247827284579e-01  -5.009999999999996e-02
  4.918527584524975e-01   1.270009189138812e-01  -5.009999999999997e-02
  4.918500056820513e-01   1.269776701826071e-01  -5.009999999999997e-02
  4.918473746458459e-01   1.269550236790179e-01  -5.009999999999997e-02
  4.918448598962876e-01   1.269329666417491e-01  -5.009999999999997e-02
  4.918424562155377e-01   1.269114864145950e-01  -5.009999999999997e-02
  4.918401586075946e-01   1.268905704565588e-01  -5.009999999999997e-02
  4.918379622904821e-01   1.268702063510826e-01  -5.009999999999997e-02
  4.918358626885581e-01   1.268503818144932e-01  -5.009999999999997e-02
  4.918338554249573e-01   1.268310847036980e-01  -5.009999999999997e-02
  4.918319363141812e-01   1.268123030231659e-01  -5.009999999999997e-02
  4.918301013548432e-01   1.267940249312271e-01  -5.009999999999998e-02
  4.918283467225793e-01   1.267762387457251e-01  -5.009999999999998e-02
  4.918266687631292e-01   1.267589329490543e-01  -5.009999999999998e-02
  4.918250654869680e-01   1.267420955231192e-01  -5.009999999999999e-02
  4.918235293463865e-01   1.267257172831219e-01  -5.009999999999998e-02
  4.918220426593565e-01   1.267097869874005e-01  -5.009999999999998e-02
  4.918206004497726e-01   1.266942944015064e-01  -5.009999999999997e-02
  4.918191980029985e-01   1.266792320006713e-01  -5.009999999999998e-02
  4.918178298870695e-01   1.266645843386144e-01  -5.009999999999996e-02
  4.918164910587739e-01   1.266503398582941e-01  -5.009999999999997e-02
  4.918151773688444e-01   1.266364959917971e-01  -5.009999999999998e-02
  4.918138837806225e-01   1.266230400065579e-01  -5.009999999999997e-02
  4.918126056824957e-01   1.266099627755581e-01  -5.009999999999999e-02
  4.918113386000987e-01   1.265972554390521e-01  -5.009999999999997e-02
  4.918100772385443e-01   1.265848998734269e-01  -5.009999999999999e-02
  4.918088187417474e-01   1.265729003722968e-01  -5.009999999999997e-02
  4.918075586105269e-01   1.265612430987822e-01  -5.009999999999996e-02
  4.918062931156831e-01   1.265499196440444e-01  -5.009999999999997e-02
  4.918050188043186e-01   1.265389218057239e-01  -5.009999999999998e-02
  4.918037325322885e-01   1.265282415836323e-01  -5.009999999999998e-02
  4.918024314954854e-01   1.265178711738827e-01  -5.009999999999997e-02
  4.918011132588053e-01   1.265078029614822e-01  -5.009999999999999e-02
  4.917997757815723e-01   1.264980295115120e-01  -5.009999999999999e-02
  4.917984174382043e-01   1.264885435591084e-01  -5.009999999999998e-02
  4.917970370329819e-01   1.264793379985381e-01  -5.009999999999998e-02
  4.917956338079438e-01   1.264704058717217e-01  -5.009999999999998e-02
  4.917942074431749e-01   1.264617403565896e-01  -5.009999999999999e-02
  4.917927580490669e-01   1.264533347556715e-01  -5.009999999999999e-02
  4.917912861504789e-01   1.264451824852990e-01  -5.009999999999999e-02
  4.917897926631113e-01   1.264372770657719e-01  -5.009999999999999e-02
  4.917882788627694e-01   1.264296121127803e-01  -5.009999999999999e-02
  4.917867463485179e-01   1.264221813303115e-01  -5.009999999999999e-02
  4.917851970009957e-01   1.264149785051954e-01  -5.009999999999999e-02
  4.917836329373269e-01   1.264079975033640e-01  -5.009999999999999e-02
  4.917820564641547e-01   1.264012322678239e-01  -5.009999999999999e-02
  4.917804700303045e-01   1.263946768182695e-01  -5.009999999999999e-02
  4.917788761804828e-01   1.263883252522016e-01  -5.009999999999999e-02
  4.917772775112513e-01   1.263821717473622e-01  -5.009999999999999e-02
  4.917756766302884e-01   1.263762105652600e-01  -5.009999999999999e-02
  4.917740761197093e-01   1.263704360555344e-01  -5.009999999999999e-02
  4.917724785039516e-01   1.263648426608967e-01  -5.009999999999999e-02
  4.917708862224981e-01   1.263594249223888e-01  -5.010000000000000e-02
  4.917693016074837e-01   1.263541774847167e-01  -5.009999999999999e-02
  4.917677268660535e-01   1.263490951014390e-01  -5.009999999999999e-02
  4.917661618800693e-01   1.263441658316801e-01  -5.009999999999999e-02
  4.917646149853302e-01   1.263394046367931e-01  -5.010000000000001e-02
  4.917630816743215e-01   1.263347870764223e-01  -5.009999999999999e-02
  4.917615656110256e-01   1.263303147634363e-01  -5.010000000000001e-02
  4.917600682550699e-01   1.263259830573416e-01  -5.010000000000000e-02
  4.917585909141127e-01   1.263217874465547e-01  -5.010000000000000e-02
  4.917571347481934e-01   1.263177235493027e-01  -5.009999999999999e-02
  4.917557007754390e-01   1.263137871138310e-01  -5.010000000000000e-02
  4.917542898787712e-01   1.263099740179652e-01  -5.010000000000001e-02
  4.917529028133063e-01   1.263062802680878e-01  -5.009999999999999e-02
  4.917515402141881e-01   1.263027019975949e-01  -5.010000000000001e-02
  4.917502026046395e-01   1.262992354649028e-01  -5.010000000000000e-02
  4.917488867069102e-01   1.262958676459555e-01  -5.010000000000001e-02
  4.917475998032977e-01   1.262926128644159e-01  -5.010000000000001e-02
  4.917463388716955e-01   1.262894593475188e-01  -5.010000000000001e-02
  4.917451040718041e-01   1.262864038366415e-01  -5.010000000000001e-02
  4.917438954895562e-01   1.262834431824385e-01  -5.010000000000001e-02
  4.917427131438908e-01   1.262805743414727e-01  -5.010000000000001e-02
  4.917415569931519e-01   1.262777943728308e-01  -5.010000000000000e-02
  4.917404269411000e-01   1.262751004347505e-01  -5.010000000000001e-02
  4.917393228425308e-01   1.262724897812825e-01  -5.010000000000000e-02
  4.917382445085061e-01   1.262699597590032e-01  -5.010000000000001e-02
  4.917371917112040e-01   1.262675078037937e-01  -5.010000000000001e-02
  4.917361641884022e-01   1.262651314376951e-01  -5.010000000000001e-02
  4.917351616476083e-01   1.262628282658480e-01  -5.010000000000001e-02
  4.917341837698568e-01   1.262605959735222e-01  -5.010000000000001e-02
  4.917332302131889e-01   1.262584323232399e-01  -5.010000000000001e-02
  4.917323006158350e-01   1.262563351519952e-01  -5.010000000000001e-02
  4.917313945991199e-01   1.262543023685705e-01  -5.010000000000001e-02
  4.917305117701080e-01   1.262523319509488e-01  -5.010000000000001e-02
  4.917296517240082e-01   1.262504219438230e-01  -5.010000000000001e-02
  4.917288140463559e-01   1.262485704561978e-01  -5.010000000000001e-02
  4.917279983149885e-01   1.262467756590851e-01  -5.010000000000001e-02
  4.917272041018310e-01   1.262450357832875e-01  -5.010000000000001e-02
  4.917264309745065e-01   1.262433491172698e-01  -5.010000000000000e-02
  4.917256784977872e-01   1.262417140051134e-01  -5.010000000000001e-02
  4.917249462348960e-01   1.262401288445522e-01  -5.010000000000001e-02
  4.917242337486754e-01   1.262385920850859e-01  -5.010000000000001e-02
  4.917235406026306e-01   1.262371022261684e-01  -5.010000000000001e-02
  4.917228663618618e-01   1.262356578154672e-01  -5.010000000000000e-02
  4.917222105937981e-01   1.262342574469916e-01  -5.010000000000001e-02
  4.917215728586861e-01   1.262328997377097e-01  -5.010000000000001e-02
  4.917209335315842e-01   1.262315426750174e-01  -5.010000000000001e-02
  4.917202725831847e-01   1.262301438918784e-01  -5.010000000000001e-02
  4.917195954678049e-01   1.262287152161520e-01  -5.010000000000001e-02
  4.917188953802620e-01   1.262272425860845e-01  -5.010000000000000e-02
  4.917181737428928e-01   1.262257293416322e-01  -5.009999999999999e-02
  4.917174298851141e-01   1.262241744164738e-01  -5.009999999999999e-02
  4.917166631174039e-01   1.262225767211412e-01  -5.009999999999999e-02
  4.917158727310842e-01   1.262209351430105e-01  -5.010000000000001e-02
  4.917150567010001e-01   1.262192459886122e-01  -5.010000000000000e-02
  4.917142155893357e-01   1.262175120381174e-01  -5.009999999999999e-02
  4.917133475493890e-01   1.262157304556132e-01  -5.010000000000000e-02
  4.917124516190192e-01   1.262139000485139e-01  -5.010000000000000e-02
  4.917115267950027e-01   1.262120196046141e-01  -5.010000000000001e-02
  4.917105720308151e-01   1.262100878926568e-01  -5.010000000000000e-02
  4.917095862342645e-01   1.262081036629897e-01  -5.010000000000000e-02
  4.917085682649612e-01   1.262060656483131e-01  -5.010000000000000e-02
  4.917075207124150e-01   1.262039800702898e-01  -5.010000000000000e-02
  4.917064355031840e-01   1.262018320201254e-01  -5.010000000000000e-02
  4.917053143631534e-01   1.261996262281592e-01  -5.010000000000001e-02
  4.917041558962618e-01   1.261973612997176e-01  -5.009999999999999e-02
  4.917029586320482e-01   1.261950358089038e-01  -5.010000000000000e-02
  4.917017210462123e-01   1.261926483476731e-01  -5.010000000000000e-02
  4.917004415189124e-01   1.261901974547572e-01  -5.010000000000000e-02
  4.916991216103908e-01   1.261876878320249e-01  -5.010000000000001e-02
  4.916977521647861e-01   1.261851039979301e-01  -5.009999999999999e-02
  4.916963354809502e-01   1.261824524248994e-01  -5.010000000000000e-02
  4.916948696431444e-01   1.261797317147992e-01  -5.009999999999999e-02
  4.916933526384578e-01   1.261769404702685e-01  -5.010000000000001e-02
  4.916917823507007e-01   1.261740772969343e-01  -5.010000000000001e-02
  4.916901565538805e-01   1.261711408056723e-01  -5.009999999999999e-02
  4.916884729052423e-01   1.261681296148864e-01  -5.009999999999999e-02
  4.916867289378523e-01   1.261650423527771e-01  -5.010000000000000e-02
  4.916849220527111e-01   1.261618776595591e-01  -5.010000000000000e-02
  4.916830447934277e-01   1.261586260655764e-01  -5.010000000000000e-02
  4.916811009400311e-01   1.261552978779575e-01  -5.010000000000000e-02
  4.916790846758795e-01   1.261518870153630e-01  -5.009999999999999e-02
  4.916769926984604e-01   1.261483920985626e-01  -5.010000000000000e-02
  4.916748215323988e-01   1.261448117887803e-01  -5.010000000000000e-02
  4.916725675224956e-01   1.261411447942060e-01  -5.010000000000000e-02
  4.916702268272160e-01   1.261373898766829e-01  -5.010000000000001e-02
  4.916677954128165e-01   1.261335458584696e-01  -5.010000000000001e-02
  4.916652690483231e-01   1.261296116289441e-01  -5.010000000000000e-02
  4.916626433016083e-01   1.261255861510898e-01  -5.010000000000000e-02
  4.916599135368340e-01   1.261214684675649e-01  -5.009999999999999e-02
  4.916570749135592e-01   1.261172577061220e-01  -5.010000000000001e-02
  4.916541223878184e-01   1.261129530841043e-01  -5.010000000000000e-02
  4.916510507154984e-01   1.261085539117096e-01  -5.009999999999999e-02
  4.916478544583247e-01   1.261040595936764e-01  -5.009999999999999e-02
  4.916445279927538e-01   1.260994696290151e-01  -5.009999999999999e-02
  4.916410655220246e-01   1.260947836083892e-01  -5.010000000000000e-02
  4.916374610915512e-01   1.260900012087366e-01  -5.010000000000000e-02
  4.916337086077416e-01   1.260851221847295e-01  -5.009999999999999e-02
  4.916298018601966e-01   1.260801463566932e-01  -5.010000000000001e-02
  4.916257345470807e-01   1.260750735946492e-01  -5.009999999999999e-02
  4.916215003032595e-01   1.260699037982213e-01  -5.010000000000000e-02
  4.916170927305839e-01   1.260646368722332e-01  -5.009999999999999e-02
  4.916125054294688e-01   1.260592726979519e-01  -5.009999999999999e-02
  4.916077320306839e-01   1.260538111000730e-01  -5.010000000000000e-02
  4.916027662260758e-01   1.260482518097059e-01  -5.010000000000000e-02
  4.915976011102484e-01   1.260425936797956e-01  -5.010000000000000e-02
  4.915922326374073e-01   1.260368383616227e-01  -5.010000000000000e-02
  4.915866527747217e-01   1.260309828191288e-01  -5.010000000000000e-02
  4.915808563794710e-01   1.260250267221621e-01  -5.010000000000001e-02
  4.915748381774757e-01   1.260189690853572e-01  -5.010000000000000e-02
  4.915685833026839e-01   1.260127990199374e-01  -5.010000000000000e-02
  4.915621001784721e-01   1.260065281196365e-01  -5.010000000000001e-02
  4.915553778414148e-01   1.260001481686783e-01  -5.010000000000000e-02
  4.915484111368354e-01   1.259936561714531e-01  -5.010000000000000e-02
  4.915411950476109e-01   1.259870487005825e-01  -5.010000000000000e-02
  4.915337246778736e-01   1.259803218894893e-01  -5.010000000000000e-02
  4.915259952336972e-01   1.259734714309256e-01  -5.010000000000001e-02
  4.915180020016391e-01   1.259664925810602e-01  -5.009999999999999e-02
  4.915097403260510e-01   1.259593801685742e-01  -5.010000000000000e-02
  4.915012055860406e-01   1.259521286081008e-01  -5.010000000000001e-02
  4.914923931728905e-01   1.259447319172709e-01  -5.010000000000000e-02
  4.914832984685791e-01   1.259371837365604e-01  -5.010000000000000e-02
  4.914739168258048e-01   1.259294773510560e-01  -5.010000000000001e-02
  4.914642435495608e-01   1.259216057131444e-01  -5.010000000000001e-02
  4.914542738798370e-01   1.259135614649437e-01  -5.010000000000000e-02
  4.914440029744243e-01   1.259053369590272e-01  -5.010000000000001e-02
  4.914334320366334e-01   1.258969291493490e-01  -5.010000000000001e-02
  4.914225381626072e-01   1.258883157096370e-01  -5.010000000000001e-02
  4.914113381496066e-01   1.258795056248033e-01  -5.010000000000001e-02
  4.913998067401214e-01   1.258704745746271e-01  -5.010000000000001e-02
  4.913879525833833e-01   1.258612248032880e-01  -5.010000000000001e-02
  4.913757643773969e-01   1.258517428301614e-01  -5.010000000000000e-02
  4.913632364639458e-01   1.258420195405661e-01  -5.010000000000000e-02
  4.913503660858004e-01   1.258320480147505e-01  -5.010000000000001e-02
  4.913371483065939e-01   1.258218195987750e-01  -5.010000000000000e-02
  4.913235705325971e-01   1.258113196934400e-01  -5.010000000000001e-02
  4.913096722441048e-01   1.258004837782926e-01  -5.010000000000001e-02
  4.912954036336183e-01   1.257893585757263e-01  -5.010000000000001e-02
  4.912807552035173e-01   1.257779372286858e-01  -5.010000000000001e-02
  4.912657175510640e-01   1.257662124058783e-01  -5.010000000000001e-02
  4.912502810801090e-01   1.257541766252082e-01  -5.010000000000001e-02
  4.912344359993529e-01   1.257418222524220e-01  -5.010000000000001e-02
  4.912181723207352e-01   1.257291414998521e-01  -5.010000000000001e-02
  4.912014798579633e-01   1.257161264252698e-01  -5.010000000000001e-02
  4.911843482251914e-01   1.257027689308552e-01  -5.010000000000001e-02
  4.911667668358615e-01   1.256890607622934e-01  -5.010000000000001e-02
  4.911487249017190e-01   1.256749935080073e-01  -5.010000000000001e-02
  4.911302114320167e-01   1.256605585985367e-01  -5.010000000000001e-02
  4.911112152329184e-01   1.256457473060736e-01  -5.010000000000001e-02
  4.910917249071196e-01   1.256305507441659e-01  -5.010000000000001e-02
  4.910717288536958e-01   1.256149598675997e-01  -5.010000000000001e-02
  4.910512152681968e-01   1.255989654724726e-01  -5.010000000000001e-02
  4.910301721430014e-01   1.255825581964699e-01  -5.010000000000001e-02
  4.910085872679478e-01   1.255657285193569e-01  -5.010000000000001e-02
  4.909864482312589e-01   1.255484667636996e-01  -5.010000000000001e-02
  4.909637424207768e-01   1.255307630958278e-01  -5.010000000000001e-02
  4.909404570255270e-01   1.255126075270543e-01  -5.010000000000001e-02
  4.909165790376292e-01   1.254939899151649e-01  -5.010000000000001e-02
  4.908920952545740e-01   1.254748999661936e-01  -5.010000000000001e-02
  4.908669922818845e-01   1.254553272364979e-01  -5.010000000000001e-02
  4.908414565330674e-01   1.254350075130676e-01  -5.010000000000001e-02
  4.908153016749831e-01   1.254141488944782e-01  -5.010000000000001e-02
  4.907884920186431e-01   1.253927680712939e-01  -5.010000000000001e-02
  4.907610135585156e-01   1.253708538740393e-01  -5.010000000000001e-02
  4.907328521183845e-01   1.253483949971174e-01  -5.010000000000001e-02
  4.907039933567082e-01   1.253253800030835e-01  -5.010000000000000e-02
  4.906744227725072e-01   1.253017973273402e-01  -5.010000000000001e-02
  4.906441257118003e-01   1.252776352832705e-01  -5.010000000000000e-02
  4.906131305526424e-01   1.252528280521936e-01  -5.010000000000000e-02
  4.905813935960040e-01   1.252273997002444e-01  -5.010000000000000e-02
  4.905488867531688e-01   1.252013544984381e-01  -5.010000000000000e-02
  4.905155948618214e-01   1.251746802983919e-01  -5.010000000000001e-02
  4.904815026480660e-01   1.251473648623224e-01  -5.010000000000001e-02
  4.904465947366134e-01   1.251193958712078e-01  -5.010000000000001e-02
  4.904108556616731e-01   1.250907609335145e-01  -5.010000000000001e-02
  4.903743874112619e-01   1.250613015201518e-01  -5.010000000000001e-02
  4.903370631899818e-01   1.250311433072692e-01  -5.010000000000001e-02
  4.902988638891804e-01   1.250002780244575e-01  -5.010000000000000e-02
  4.902597738567273e-01   1.249686930246940e-01  -5.010000000000000e-02
  4.902197774158046e-01   1.249363756410079e-01  -5.009999999999999e-02
  4.901788922091399e-01   1.249032723273626e-01  -5.009999999999999e-02
  4.901373410651636e-01   1.248690779293740e-01  -5.009999999999999e-02
  4.900948434443780e-01   1.248341046309361e-01  -5.009999999999999e-02
  4.900513838482754e-01   1.247983396775954e-01  -5.009999999999999e-02
  4.900069468390993e-01   1.247617703648935e-01  -5.009999999999999e-02
  4.899615170594784e-01   1.247243840545242e-01  -5.009999999999999e-02
  4.899150792529412e-01   1.246861681912169e-01  -5.009999999999999e-02
  4.898676182853189e-01   1.246471103203498e-01  -5.010000000000000e-02
  4.898191191670379e-01   1.246071981062950e-01  -5.010000000000000e-02
  4.897695670763006e-01   1.245664193514956e-01  -5.010000000000001e-02
  4.897190761893067e-01   1.245246071376119e-01  -5.010000000000001e-02
  4.896678173236109e-01   1.244815268788802e-01  -5.010000000000001e-02
  4.896154716610106e-01   1.244375332270955e-01  -5.010000000000001e-02
  4.895620254193174e-01   1.243926145990860e-01  -5.010000000000001e-02
  4.895074732014573e-01   1.243467500573122e-01  -5.010000000000001e-02
  4.894519065921445e-01   1.242998042261101e-01  -5.010000000000001e-02
  4.893952024117182e-01   1.242518973101461e-01  -5.010000000000001e-02
  4.893373482537959e-01   1.242030188278031e-01  -5.010000000000001e-02
  4.892783550991069e-01   1.241531315191329e-01  -5.010000000000001e-02
  4.892182965884919e-01   1.241021250450850e-01  -5.010000000000001e-02
  4.891570560494822e-01   1.240501146983135e-01  -5.010000000000001e-02
  4.890946229289253e-01   1.239970915162397e-01  -5.010000000000001e-02
  4.890312270639675e-01   1.239427667935038e-01  -5.010000000000002e-02
  4.889668106088250e-01   1.238871890488222e-01  -5.010000000000001e-02
  4.889011813879222e-01   1.238305649443924e-01  -5.010000000000002e-02
  4.888343852649674e-01   1.237728251638308e-01  -5.010000000000001e-02
  4.887666041160662e-01   1.237137448960211e-01  -5.010000000000001e-02
  4.886975931850385e-01   1.236535927098601e-01  -5.010000000000001e-02
  4.886273464545684e-01   1.235923633604582e-01  -5.010000000000001e-02
  4.885561724325624e-01   1.235296941265722e-01  -5.010000000000001e-02
  4.884837585630848e-01   1.234659328271240e-01  -5.010000000000001e-02
  4.884101010693197e-01   1.234010765012512e-01  -5.010000000000001e-02
  4.883355214521967e-01   1.233347563587273e-01  -5.010000000000001e-02
  4.882597045235370e-01   1.232673248839574e-01  -5.010000000000001e-02
  4.881826829782164e-01   1.231987437625484e-01  -5.010000000000001e-02
  4.881047269996760e-01   1.231287108618509e-01  -5.010000000000001e-02
  4.880255340747752e-01   1.230575667321848e-01  -5.010000000000000e-02
  4.879452394117047e-01   1.229851657666193e-01  -5.010000000000000e-02
  4.878639446124323e-01   1.229114016803917e-01  -5.010000000000001e-02
  4.877814277247785e-01   1.228365287134785e-01  -5.010000000000001e-02
  4.876979704017633e-01   1.227602485501523e-01  -5.010000000000001e-02
  4.876134068640161e-01   1.226827558039836e-01  -5.010000000000001e-02
  4.875277234378769e-01   1.226040814177595e-01  -5.010000000000001e-02
  4.874411666673221e-01   1.225239750388915e-01  -5.010000000000001e-02
  4.873534362582426e-01   1.224427824834980e-01  -5.010000000000001e-02
  4.872648447069407e-01   1.223601897692364e-01  -5.010000000000001e-02
  4.871752084378532e-01   1.222764187505608e-01  -5.010000000000001e-02
  4.870845964481680e-01   1.221914237965217e-01  -5.010000000000001e-02
  4.869931312411744e-01   1.221051037267020e-01  -5.010000000000000e-02
  4.869005986174691e-01   1.220177186714214e-01  -5.009999999999999e-02
  4.868073827819467e-01   1.219288975658049e-01  -5.009999999999999e-02
  4.867131108853953e-01   1.218390701879421e-01  -5.010000000000000e-02
  4.866181796421411e-01   1.217478611966314e-01  -5.010000000000000e-02
  4.865223186602855e-01   1.216555943430987e-01  -5.010000000000000e-02
  4.864257505696423e-01   1.215620839358595e-01  -5.010000000000001e-02
  4.863283861590429e-01   1.214674683624698e-01  -5.010000000000001e-02
  4.862303040525713e-01   1.213717170692896e-01  -5.010000000000001e-02
  4.861315468696073e-01   1.212748371760132e-01  -5.010000000000001e-02
  4.860320874902341e-01   1.211769113452119e-01  -5.010000000000001e-02
  4.859320669714174e-01   1.210778517057737e-01  -5.010000000000001e-02
  4.858313755393583e-01   1.209778285901191e-01  -5.010000000000001e-02
  4.857302183773630e-01   1.208766952890328e-01  -5.010000000000001e-02
  4.856284415769142e-01   1.207746694325399e-01  -5.010000000000001e-02
  4.855262849069630e-01   1.206715758114840e-01  -5.010000000000000e-02
  4.854235780806921e-01   1.205676507846743e-01  -5.010000000000000e-02
  4.853205689444882e-01   1.204627171108650e-01  -5.009999999999999e-02
  4.852170933504517e-01   1.203570071595392e-01  -5.009999999999999e-02
  4.851133793806123e-01   1.202503686425231e-01  -5.009999999999999e-02
  4.850092981275854e-01   1.201430013885155e-01  -5.009999999999999e-02
  4.849050366762450e-01   1.200347978520588e-01  -5.009999999999999e-02
  4.848005189406980e-01   1.199259086462713e-01  -5.009999999999999e-02
  4.846958698465250e-01   1.198162900969351e-01  -5.009999999999999e-02
  4.845911013854457e-01   1.197060105882912e-01  -5.010000000000000e-02
  4.844862589490944e-01   1.195951052664911e-01  -5.010000000000001e-02
  4.843814133920619e-01   1.194835889019256e-01  -5.010000000000001e-02
  4.842765145380338e-01   1.193715886311660e-01  -5.010000000000001e-02
  4.841717394453614e-01   1.192590215937583e-01  -5.010000000000001e-02
  4.840669362785746e-01   1.191461104632776e-01  -5.010000000000001e-02
  4.839623942794602e-01   1.190326706097903e-01  -5.010000000000001e-02
  4.838578505900137e-01   1.189190267172889e-01  -5.010000000000001e-02
  4.837537122797145e-01   1.188048885950002e-01  -5.010000000000000e-02
  4.836496136177982e-01   1.186906732882505e-01  -5.009999999999999e-02
  4.835460468475235e-01   1.185760161485754e-01  -5.009999999999999e-02
  4.834426229605531e-01   1.184613525241624e-01  -5.009999999999999e-02
  4.833397723770059e-01   1.183463766012615e-01  -5.009999999999999e-02
  4.832371936971278e-01   1.182314411671686e-01  -5.009999999999998e-02
  4.831351670095455e-01   1.181163767722210e-01  -5.009999999999999e-02
  4.830335435204167e-01   1.180013968059327e-01  -5.009999999999999e-02
  4.829324942727827e-01   1.178864287155194e-01  -5.009999999999999e-02
  4.828319733862849e-01   1.177715924501255e-01  -5.009999999999999e-02
  4.827320521433037e-01   1.176569020631356e-01  -5.009999999999998e-02
  4.826327741450386e-01   1.175423969057003e-01  -5.009999999999998e-02
  4.825341226143664e-01   1.174281655147815e-01  -5.009999999999999e-02
  4.824362371036625e-01   1.173141621350774e-01  -5.009999999999999e-02
  4.823390204560534e-01   1.172005414143792e-01  -5.009999999999999e-02
  4.822426554658961e-01   1.170872186346115e-01  -5.009999999999998e-02
  4.821469907757396e-01   1.169743906241602e-01  -5.009999999999999e-02
  4.820522345125533e-01   1.168619489506295e-01  -5.009999999999999e-02
  4.819582126572147e-01   1.167501049096289e-01  -5.009999999999999e-02
  4.818651571622415e-01   1.166387277060887e-01  -5.010000000000000e-02
  4.817728857246113e-01   1.165280305185544e-01  -5.009999999999999e-02
  4.816816240298594e-01   1.164178854067434e-01  -5.009999999999999e-02
  4.815912053771038e-01   1.163084872704229e-01  -5.010000000000000e-02
  4.815018131014617e-01   1.161997404790269e-01  -5.010000000000000e-02
  4.814133281035711e-01   1.160917953710826e-01  -5.009999999999999e-02
  4.813258842543312e-01   1.159845937549757e-01  -5.010000000000000e-02
  4.812394317819669e-01   1.158782241896877e-01  -5.010000000000000e-02
  4.811539998871368e-01   1.157727099731845e-01  -5.009999999999999e-02
  4.810696452604802e-01   1.156680486826728e-01  -5.009999999999999e-02
  4.809862667498914e-01   1.155643642084324e-01  -5.009999999999999e-02
  4.809040503114950e-01   1.154615462024994e-01  -5.009999999999999e-02
  4.808227544570412e-01   1.153598254235816e-01  -5.010000000000001e-02
  4.807427240513008e-01   1.152589615799501e-01  -5.010000000000001e-02
  4.806636159788967e-01   1.151592601705775e-01  -5.010000000000001e-02
  4.805857306346443e-01   1.150605136416848e-01  -5.010000000000001e-02
  4.805088661080414e-01   1.149629093095994e-01  -5.010000000000001e-02
  4.804331124073391e-01   1.148664024402848e-01  -5.010000000000001e-02
  4.803585082116101e-01   1.147709859914504e-01  -5.010000000000001e-02
  4.802848933512230e-01   1.146768068986100e-01  -5.010000000000001e-02
  4.802125582665751e-01   1.145836578675189e-01  -5.010000000000001e-02
  4.801412121861960e-01   1.144917824201921e-01  -5.010000000000002e-02
  4.800710119022897e-01   1.144010740494148e-01  -5.010000000000002e-02
  4.800019324184995e-01   1.143115649820466e-01  -5.010000000000002e-02
  4.799338567983579e-01   1.142233566612100e-01  -5.010000000000001e-02
  4.798670309802715e-01   1.141362688213368e-01  -5.010000000000001e-02
  4.798012208245763e-01   1.140504887351907e-01  -5.010000000000001e-02
  4.797364801884949e-01   1.139659804965156e-01  -5.010000000000001e-02
  4.796728997338825e-01   1.138826782302704e-01  -5.010000000000001e-02
  4.796103289829863e-01   1.138006988644085e-01  -5.010000000000000e-02
  4.795488461361612e-01   1.137199829467571e-01  -5.010000000000000e-02
  4.794884558318850e-01   1.136405254378764e-01  -5.010000000000000e-02
  4.794290703859035e-01   1.135623900540925e-01  -5.010000000000000e-02
  4.793707496604026e-01   1.134855268021078e-01  -5.009999999999999e-02
  4.793134806052806e-01   1.134099395694550e-01  -5.009999999999999e-02
  4.792572057581239e-01   1.133356645538210e-01  -5.009999999999999e-02
  4.792019643078407e-01   1.132626633577298e-01  -5.009999999999999e-02
  4.791477308812961e-01   1.131909451756831e-01  -5.009999999999999e-02
  4.790944760335696e-01   1.131205210644391e-01  -5.009999999999999e-02
  4.790422113288310e-01   1.130513698941382e-01  -5.009999999999999e-02
  4.789909168239245e-01   1.129834932474661e-01  -5.009999999999999e-02
  4.789405810442399e-01   1.129168852562430e-01  -5.009999999999999e-02
  4.788911803721099e-01   1.128515482378768e-01  -5.009999999999999e-02
  4.788427231899785e-01   1.127874593832345e-01  -5.010000000000000e-02
  4.787951885287088e-01   1.127246171987048e-01  -5.009999999999999e-02
  4.787485360588516e-01   1.126630340132442e-01  -5.009999999999999e-02
  4.787028021333212e-01   1.126026633442016e-01  -5.009999999999999e-02
  4.786579374779096e-01   1.125435228614654e-01  -5.009999999999999e-02
  4.786139311167825e-01   1.124856005055211e-01  -5.009999999999999e-02
  4.785708155366480e-01   1.124288506194743e-01  -5.010000000000000e-02
  4.785284949288801e-01   1.123733245283028e-01  -5.010000000000000e-02
  4.784870221975802e-01   1.123189598122734e-01  -5.009999999999999e-02
  4.784463961676236e-01   1.122657347903672e-01  -5.009999999999999e-02
  4.784065025289462e-01   1.122137137897497e-01  -5.009999999999999e-02
  4.783674502731796e-01   1.121627899460320e-01  -5.009999999999999e-02
  4.783291571112522e-01   1.121130026621995e-01  -5.009999999999999e-02
  4.782916017711639e-01   1.120643440847935e-01  -5.010000000000000e-02
  4.782548560471546e-01   1.120167344864823e-01  -5.010000000000000e-02
  4.782187702012231e-01   1.119702650669198e-01  -5.010000000000000e-02
  4.781834469820224e-01   1.119248312403002e-01  -5.009999999999999e-02
  4.781488559108506e-01   1.118804317357198e-01  -5.009999999999999e-02
  4.781148926278904e-01   1.118371226744665e-01  -5.009999999999999e-02
  4.780816857510324e-01   1.117947781618482e-01  -5.009999999999999e-02
  4.780491054990634e-01   1.117534748008717e-01  -5.009999999999999e-02
  4.780172020459211e-01   1.117131474125060e-01  -5.009999999999999e-02
  4.779859978944830e-01   1.116737527842690e-01  -5.009999999999999e-02
  4.779553268348628e-01   1.116353973626634e-01  -5.009999999999999e-02
  4.779253583958562e-01   1.115979205970352e-01  -5.009999999999999e-02
  4.778959761533665e-01   1.115613903028794e-01  -5.009999999999999e-02
  4.778672007550396e-01   1.115257642227495e-01  -5.009999999999999e-02
  4.778390794152485e-01   1.114909789969212e-01  -5.009999999999999e-02
  4.778114189030104e-01   1.114571661569170e-01  -5.009999999999999e-02
  4.777844077275364e-01   1.114241470809591e-01  -5.009999999999999e-02
  4.777579236906586e-01   1.113919969937120e-01  -5.009999999999999e-02
  4.777319871270060e-01   1.113606739963231e-01  -5.009999999999998e-02
  4.777066497831010e-01   1.113301107143399e-01  -5.009999999999998e-02
  4.776817594185757e-01   1.113004090979714e-01  -5.009999999999998e-02
  4.776574658863709e-01   1.112714196802775e-01  -5.009999999999998e-02
  4.776336440399469e-01   1.112432234886976e-01  -5.009999999999998e-02
  4.776103348426100e-01   1.112157617119456e-01  -5.009999999999998e-02
  4.775875494917785e-01   1.111890014193871e-01  -5.009999999999998e-02
  4.775651510286793e-01   1.111630359399211e-01  -5.009999999999998e-02
  4.775432996249820e-01   1.111377046405597e-01  -5.009999999999999e-02
  4.775217486303280e-01   1.111131994977608e-01  -5.009999999999998e-02
  4.775006577768934e-01   1.110893577929770e-01  -5.009999999999998e-02
  4.774800104920076e-01   1.110661726213689e-01  -5.009999999999997e-02
  4.774597379745713e-01   1.110436826499303e-01  -5.009999999999997e-02
  4.774399685709166e-01   1.110217508240016e-01  -5.009999999999997e-02
  4.774204628604356e-01   1.110005730752998e-01  -5.009999999999998e-02
  4.774014349400545e-01   1.109799322565209e-01  -5.009999999999998e-02
  4.773827751327908e-01   1.109599087590767e-01  -5.009999999999998e-02
  4.773645063530798e-01   1.109404597613727e-01  -5.009999999999998e-02
  4.773466585688800e-01   1.109215369215802e-01  -5.009999999999997e-02
  4.773291206318110e-01   1.109032246757323e-01  -5.009999999999998e-02
  4.773120262532318e-01   1.108853755717057e-01  -5.009999999999998e-02
  4.772952167531296e-01   1.108681226358429e-01  -5.009999999999998e-02
  4.772788111054841e-01   1.108513306765415e-01  -5.009999999999998e-02
  4.772627353772251e-01   1.108350532048902e-01  -5.009999999999998e-02
  4.772469919370548e-01   1.108192682998321e-01  -5.009999999999998e-02
  4.772316191773212e-01   1.108039195011454e-01  -5.009999999999998e-02
  4.772165178183366e-01   1.107890877973798e-01  -5.009999999999998e-02
  4.772018043723597e-01   1.107746370799096e-01  -5.009999999999998e-02
  4.771873361548369e-01   1.107606956452218e-01  -5.009999999999998e-02
  4.771732261810520e-01   1.107471290210407e-01  -5.009999999999998e-02
  4.771593992845493e-01   1.107339985127591e-01  -5.009999999999998e-02
  4.771458782969298e-01   1.107212624785869e-01  -5.009999999999998e-02
  4.771326644452165e-01   1.107089033038073e-01  -5.009999999999998e-02
  4.771197073377735e-01   1.106969579312384e-01  -5.009999999999998e-02
  4.771070781863496e-01   1.106853333826950e-01  -5.009999999999998e-02
  4.770946604922657e-01   1.106741408296806e-01  -5.009999999999998e-02
  4.770825669098855e-01   1.106632404112124e-01  -5.009999999999998e-02
  4.770706906511567e-01   1.106527358301982e-01  -5.009999999999998e-02
  4.770591049204223e-01   1.106425291459345e-01  -5.009999999999999e-02
  4.770477601126301e-01   1.106326621582614e-01  -5.009999999999999e-02
  4.770366716757353e-01   1.106231018372953e-01  -5.009999999999999e-02
  4.770258310910810e-01   1.106138441643518e-01  -5.009999999999999e-02
  4.770152078963555e-01   1.106049100765552e-01  -5.009999999999999e-02
  4.770048434306828e-01   1.105962371677942e-01  -5.009999999999999e-02
  4.769946651504727e-01   1.105878984361794e-01  -5.009999999999999e-02
  4.769847541217023e-01   1.105797822027836e-01  -5.009999999999999e-02
  4.769750108526579e-01   1.105719974716896e-01  -5.009999999999999e-02
  4.769655256730612e-01   1.105644189503327e-01  -5.009999999999999e-02
  4.769562104742804e-01   1.105571448484448e-01  -5.009999999999999e-02
  4.769471294530464e-01   1.105500805055973e-01  -5.009999999999999e-02
  4.769382210574641e-01   1.105432935321212e-01  -5.009999999999998e-02
  4.769295233940215e-01   1.105367213801511e-01  -5.009999999999999e-02
  4.769210081303404e-01   1.105303902861911e-01  -5.009999999999999e-02
  4.769126876492589e-01   1.105242711686795e-01  -5.009999999999999e-02
  4.769045460798611e-01   1.105183748406952e-01  -5.009999999999998e-02
  4.768965797674762e-01   1.105126942371388e-01  -5.009999999999999e-02
  4.768887931957724e-01   1.105072127778569e-01  -5.009999999999999e-02
  4.768811703887427e-01   1.105019414364405e-01  -5.009999999999998e-02
  4.768737243189589e-01   1.104968514865469e-01  -5.009999999999998e-02
  4.768664312267599e-01   1.104919663828726e-01  -5.009999999999998e-02
  4.768593068066523e-01   1.104872532950601e-01  -5.009999999999998e-02
  4.768523203903514e-01   1.104827477123904e-01  -5.009999999999998e-02
  4.768454984531971e-01   1.104783998098984e-01  -5.009999999999998e-02
  4.768388117774106e-01   1.104742448258272e-01  -5.009999999999998e-02
  4.768322879488909e-01   1.104702294444244e-01  -5.009999999999998e-02
  4.768259064807108e-01   1.104663764804804e-01  -5.009999999999998e-02
  4.768196698901878e-01   1.104626731154837e-01  -5.009999999999998e-02
  4.768135568092772e-01   1.104591451577605e-01  -5.009999999999998e-02
  4.768075798122277e-01   1.104557634537300e-01  -5.009999999999998e-02
  4.768017277537461e-01   1.104525375447584e-01  -5.009999999999998e-02
  4.767960043025444e-01   1.104494533503933e-01  -5.009999999999998e-02
  4.767904097454412e-01   1.104465002924146e-01  -5.009999999999998e-02
  4.767849344720062e-01   1.104436890094001e-01  -5.009999999999998e-02
  4.767795902518973e-01   1.104409868493014e-01  -5.009999999999999e-02
  4.767743508041306e-01   1.104384386902883e-01  -5.009999999999999e-02
  4.767692432101026e-01   1.104359799232180e-01  -5.009999999999999e-02
  4.767642240241745e-01   1.104336946393448e-01  -5.009999999999999e-02
  4.767593311066726e-01   1.104314933695830e-01  -5.009999999999999e-02
  4.767545332112815e-01   1.104294371976361e-01  -5.009999999999999e-02
  4.767498491416288e-01   1.104274761350674e-01  -5.009999999999999e-02
  4.767452700284472e-01   1.104256216366679e-01  -5.009999999999999e-02
  4.767407914360964e-01   1.104238781360099e-01  -5.009999999999998e-02
  4.767364241049455e-01   1.104222085486017e-01  -5.009999999999998e-02
  4.767321427817527e-01   1.104206726894738e-01  -5.009999999999998e-02
  4.767279646085791e-01   1.104192173151523e-01  -5.009999999999998e-02
  4.767238744045178e-01   1.104178764648872e-01  -5.009999999999998e-02
  4.767198720959180e-01   1.104166469345349e-01  -5.009999999999998e-02
  4.767159661281125e-01   1.104154922255893e-01  -5.009999999999998e-02
  4.767121432834994e-01   1.104144504648661e-01  -5.009999999999998e-02
  4.767084127687733e-01   1.104134824693514e-01  -5.009999999999998e-02
  4.767047741746890e-01   1.104125785701818e-01  -5.009999999999998e-02
  4.767012194806526e-01   1.104117633156609e-01  -5.009999999999998e-02
  4.766977526411210e-01   1.104110120422989e-01  -5.009999999999998e-02
  4.766943708493354e-01   1.104103269299731e-01  -5.009999999999999e-02
  4.766910628608915e-01   1.104097581840098e-01  -5.009999999999999e-02
  4.766878387229836e-01   1.104092445906222e-01  -5.009999999999999e-02
  4.766846943393492e-01   1.104088034998572e-01  -5.009999999999999e-02
  4.766816254004428e-01   1.104084524897771e-01  -5.009999999999999e-02
  4.766786351000507e-01   1.104081601741580e-01  -5.009999999999999e-02
  4.766757211150269e-01   1.104079414488009e-01  -5.009999999999999e-02
  4.766728840306567e-01   1.104077663559048e-01  -5.009999999999999e-02
  4.766701226081683e-01   1.104076343450501e-01  -5.009999999999999e-02
  4.766674344034562e-01   1.104075658479919e-01  -5.009999999999999e-02
  4.766648188550995e-01   1.104075522314402e-01  -5.009999999999999e-02
  4.766622748746513e-01   1.104075630597359e-01  -5.009999999999999e-02
  4.766598026726243e-01   1.104076633629269e-01  -5.009999999999999e-02
  4.766573990063842e-01   1.104077823822594e-01  -5.009999999999999e-02
  4.766550679587282e-01   1.104079919287048e-01  -5.009999999999999e-02
  4.766528017079919e-01   1.104082087018477e-01  -5.009999999999999e-02
  4.766506104987172e-01   1.104085266553629e-01  -5.009999999999999e-02
  4.766484809968568e-01   1.104088472043925e-01  -5.009999999999999e-02
  4.766464221839477e-01   1.104092322744817e-01  -5.009999999999999e-02
  4.766444260539311e-01   1.104096388022962e-01  -5.009999999999999e-02
  4.766424941567655e-01   1.104100782601172e-01  -5.009999999999999e-02
  4.766406280115517e-01   1.104105581489494e-01  -5.009999999999999e-02
  4.766388176586116e-01   1.104110426241145e-01  -5.009999999999999e-02
  4.766370730814861e-01   1.104115691023654e-01  -5.009999999999999e-02
  4.766353831681599e-01   1.104121043468448e-01  -5.009999999999999e-02
  4.766337476460350e-01   1.104126482768568e-01  -5.009999999999998e-02
  4.766321751721929e-01   1.104132301862807e-01  -5.009999999999999e-02
  4.766306484696531e-01   1.104138031223081e-01  -5.009999999999999e-02
  4.766291777198184e-01   1.104143959777265e-01  -5.009999999999999e-02
  4.766277565597092e-01   1.104149951049211e-01  -5.009999999999999e-02
  4.766263811800402e-01   1.104155937122767e-01  -5.009999999999999e-02
