689
  4.935259144804700e-01   1.259739958185230e-01  -5.010000000000000e-02
  4.935247310277645e-01   1.259749174690499e-01  -5.010000000000000e-02
  4.935235272147951e-01   1.259758549757642e-01  -5.009999999999999e-02
  4.935223026932943e-01   1.259768086098901e-01  -5.010000000000000e-02
  4.935210571091074e-01   1.259777786472366e-01  -5.010000000000001e-02
  4.935197901020955e-01   1.259787653682730e-01  -5.009999999999999e-02
  4.935185013060366e-01   1.259797690582059e-01  -5.010000000000000e-02
  4.935171903485262e-01   1.259807900070572e-01  -5.010000000000001e-02
  4.935158568508746e-01   1.259818285097429e-01  -5.010000000000001e-02
  4.935145004280047e-01   1.259828848661540e-01  -5.010000000000000e-02
  4.935131206883464e-01   1.259839593812378e-01  -5.010000000000000e-02
  4.935119326429819e-01   1.259852643312206e-01  -5.010000000000000e-02
  4.935108440201425e-01   1.259867096329254e-01  -5.010000000000000e-02
  4.935097366903402e-01   1.259881797707849e-01  -5.009999999999999e-02
  4.935086103343469e-01   1.259896751686198e-01  -5.009999999999999e-02
  4.935074646275647e-01   1.259911962573803e-01  -5.010000000000000e-02
  4.935062992399378e-01   1.259927434752622e-01  -5.010000000000000e-02
  4.935051138358644e-01   1.259943172678247e-01  -5.010000000000000e-02
  4.935039080741057e-01   1.259959180881108e-01  -5.010000000000000e-02
  4.935026816076945e-01   1.259975463967689e-01  -5.010000000000000e-02
  4.935014340838422e-01   1.259992026621760e-01  -5.009999999999999e-02
  4.935002030507289e-01   1.260009111757265e-01  -5.010000000000000e-02
  4.934992193980430e-01   1.260028177082052e-01  -5.010000000000000e-02
  4.934982188636532e-01   1.260047569610913e-01  -5.010000000000000e-02
  4.934972011602239e-01   1.260067294913036e-01  -5.010000000000000e-02
  4.934961659956121e-01   1.260087358650790e-01  -5.010000000000000e-02
  4.934951130727896e-01   1.260107766581225e-01  -5.010000000000000e-02
  4.934940420897646e-01   1.260128524557598e-01  -5.010000000000000e-02
  4.934929527395016e-01   1.260149638530920e-01  -5.010000000000000e-02
  4.934918447098409e-01   1.260171114551529e-01  -5.010000000000000e-02
  4.934907176834156e-01   1.260192958770681e-01  -5.010000000000000e-02
  4.934895713375689e-01   1.260215177442167e-01  -5.010000000000000e-02
  4.934885364219535e-01   1.260238362933456e-01  -5.010000000000000e-02
  4.934876143166700e-01   1.260262529369323e-01  -5.010000000000000e-02
  4.934866764124211e-01   1.260287109862779e-01  -5.009999999999999e-02
  4.934857224412175e-01   1.260312111437248e-01  -5.010000000000000e-02
  4.934847521306185e-01   1.260337541232831e-01  -5.010000000000000e-02
  4.934837652036608e-01   1.260363406508153e-01  -5.010000000000000e-02
  4.934827613787867e-01   1.260389714642244e-01  -5.010000000000000e-02
  4.934817403697718e-01   1.260416473136447e-01  -5.010000000000000e-02
  4.934807018856507e-01   1.260443689616347e-01  -5.010000000000000e-02
  4.934796456306427e-01   1.260471371833735e-01  -5.010000000000000e-02
  4.934785781927263e-01   1.260499550913677e-01  -5.010000000000000e-02
  4.934777123748045e-01   1.260528953980587e-01  -5.010000000000000e-02
  4.934768317492957e-01   1.260558859911277e-01  -5.010000000000001e-02
  4.934759360659624e-01   1.260589277203778e-01  -5.010000000000000e-02
  4.934750250704429e-01   1.260620214496185e-01  -5.010000000000000e-02
  4.934740985041863e-01   1.260651680568845e-01  -5.010000000000000e-02
  4.934731561043881e-01   1.260683684346574e-01  -5.010000000000000e-02
  4.934721976039235e-01   1.260716234900899e-01  -5.010000000000000e-02
  4.934712227312801e-01   1.260749341452334e-01  -5.010000000000000e-02
  4.934702312104911e-01   1.260783013372689e-01  -5.010000000000000e-02
  4.934692227610653e-01   1.260817260187401e-01  -5.010000000000000e-02
  4.934683823138822e-01   1.260852579355331e-01  -5.010000000000000e-02
  4.934675452649384e-01   1.260888547984800e-01  -5.010000000000000e-02
  4.934666939347102e-01   1.260925130291918e-01  -5.010000000000000e-02
  4.934658280830414e-01   1.260962336596373e-01  -5.010000000000000e-02
  4.934649474658591e-01   1.261000177386172e-01  -5.010000000000000e-02
  4.934640518351132e-01   1.261038663320211e-01  -5.010000000000000e-02
  4.934631409387167e-01   1.261077805230867e-01  -5.009999999999999e-02
  4.934622145204838e-01   1.261117614126629e-01  -5.010000000000000e-02
  4.934612723200686e-01   1.261158101194761e-01  -5.010000000000000e-02
  4.934603646221888e-01   1.261199383960225e-01  -5.010000000000000e-02
  4.934595722416431e-01   1.261241644255998e-01  -5.010000000000000e-02
  4.934587663733533e-01   1.261284623898122e-01  -5.009999999999999e-02
  4.934579467915949e-01   1.261328334925240e-01  -5.009999999999999e-02
  4.934571132669992e-01   1.261372789570346e-01  -5.010000000000000e-02
  4.934562655664993e-01   1.261418000263669e-01  -5.010000000000000e-02
  4.934554034532755e-01   1.261463979635603e-01  -5.009999999999999e-02
  4.934545266866994e-01   1.261510740519661e-01  -5.010000000000000e-02
  4.934536350222780e-01   1.261558295955469e-01  -5.010000000000000e-02
  4.934527610692054e-01   1.261606714892739e-01  -5.010000000000000e-02
  4.934520107653967e-01   1.261656190808597e-01  -5.010000000000000e-02
  4.934512477247094e-01   1.261706506609214e-01  -5.010000000000000e-02
  4.934504717351815e-01   1.261757676271612e-01  -5.010000000000000e-02
  4.934496825814707e-01   1.261809713995720e-01  -5.010000000000000e-02
  4.934488800448054e-01   1.261862634207592e-01  -5.010000000000000e-02
  4.934480639029354e-01   1.261916451562661e-01  -5.010000000000001e-02
  4.934472339300824e-01   1.261971180949024e-01  -5.010000000000000e-02
  4.934463898968893e-01   1.262026837490766e-01  -5.010000000000000e-02
  4.934456371988948e-01   1.262083581691598e-01  -5.010000000000000e-02
  4.934449252725967e-01   1.262141360005422e-01  -5.010000000000000e-02
  4.934442012991487e-01   1.262200116038441e-01  -5.010000000000000e-02
  4.934434650793856e-01   1.262259865954446e-01  -5.010000000000000e-02
  4.934427164110117e-01   1.262320626171307e-01  -5.010000000000000e-02
  4.934419550885567e-01   1.262382413364508e-01  -5.010000000000000e-02
  4.934411809033323e-01   1.262445244470719e-01  -5.010000000000000e-02
  4.934403936433876e-01   1.262509136691400e-01  -5.010000000000000e-02
  4.934396970474033e-01   1.262574223360826e-01  -5.010000000000000e-02
  4.934390364647397e-01   1.262640461552432e-01  -5.010000000000001e-02
  4.934383647401303e-01   1.262707816973381e-01  -5.010000000000000e-02
  4.934376816906269e-01   1.262776307968337e-01  -5.010000000000000e-02
  4.934369871304485e-01   1.262845953165981e-01  -5.010000000000000e-02
  4.934362808709443e-01   1.262916771482811e-01  -5.010000000000000e-02
  4.934355627205543e-01   1.262988782126971e-01  -5.010000000000000e-02
  4.934348665442081e-01   1.263062035178777e-01  -5.010000000000000e-02
  4.934342710627480e-01   1.263136621289762e-01  -5.010000000000000e-02
  4.934336655699106e-01   1.263212461360372e-01  -5.010000000000000e-02
  4.934330499024284e-01   1.263289575840401e-01  -5.010000000000000e-02
  4.934324238945450e-01   1.263367985491415e-01  -5.010000000000000e-02
  4.934317873779830e-01   1.263447711390748e-01  -5.010000000000000e-02
  4.934311401819117e-01   1.263528774935530e-01  -5.010000000000000e-02
  4.934305216574252e-01   1.263611225965145e-01  -5.010000000000000e-02
  4.934299976046023e-01   1.263695133465019e-01  -5.010000000000000e-02
  4.934294647734336e-01   1.263780446489320e-01  -5.009999999999999e-02
  4.934289230218631e-01   1.263867187783016e-01  -5.010000000000000e-02
  4.934283722057075e-01   1.263955380431731e-01  -5.010000000000000e-02
  4.934278121786291e-01   1.264045047865909e-01  -5.010000000000000e-02
  4.934272427921114e-01   1.264136213864976e-01  -5.010000000000000e-02
  4.934267740883613e-01   1.264228962942969e-01  -5.010000000000000e-02
  4.934263294639441e-01   1.264323277697956e-01  -5.010000000000000e-02
  4.934258774223213e-01   1.264419165807645e-01  -5.010000000000000e-02
  4.934254178445124e-01   1.264516652510470e-01  -5.010000000000000e-02
  4.934249506097912e-01   1.264615763415201e-01  -5.010000000000000e-02
  4.934244755956651e-01   1.264716524505177e-01  -5.010000000000000e-02
  4.934240907971684e-01   1.264819001748522e-01  -5.010000000000000e-02
  4.934237407830919e-01   1.264923199566480e-01  -5.010000000000000e-02
  4.934233849531161e-01   1.265029128754844e-01  -5.010000000000000e-02
  4.934230232147336e-01   1.265136816852737e-01  -5.010000000000001e-02
  4.934226554741066e-01   1.265246291795296e-01  -5.010000000000000e-02
  4.934222863591317e-01   1.265357583212542e-01  -5.010000000000000e-02
  4.934220460704101e-01   1.265470755559670e-01  -5.010000000000000e-02
  4.934218018034231e-01   1.265585801609522e-01  -5.010000000000001e-02
  4.934215534953842e-01   1.265702750933627e-01  -5.010000000000000e-02
  4.934213010826207e-01   1.265821633520773e-01  -5.010000000000000e-02
  4.934210445005655e-01   1.265942479781179e-01  -5.010000000000000e-02
  4.934208863505563e-01   1.266065336482781e-01  -5.010000000000000e-02
  4.934207638913075e-01   1.266190225165037e-01  -5.010000000000000e-02
  4.934206394142506e-01   1.266317171686023e-01  -5.010000000000000e-02
  4.934205128878682e-01   1.266446208188682e-01  -5.010000000000000e-02
  4.934203842802089e-01   1.266577367257969e-01  -5.010000000000000e-02
  4.934203657453290e-01   1.266710686811011e-01  -5.010000000000000e-02
  4.934203805760239e-01   1.266846196989281e-01  -5.010000000000000e-02
  4.934203956500246e-01   1.266983930286453e-01  -5.010000000000000e-02
  4.934204109710951e-01   1.267123921096743e-01  -5.010000000000000e-02
  4.934204458618332e-01   1.267266203074317e-01  -5.010000000000000e-02
  4.934206099264953e-01   1.267410804723133e-01  -5.010000000000000e-02
  4.934207766725852e-01   1.267557769701504e-01  -5.010000000000000e-02
  4.934209461412439e-01   1.267707134269969e-01  -5.010000000000001e-02
  4.934211183741527e-01   1.267858935165258e-01  -5.010000000000000e-02
  4.934214150945850e-01   1.268013189750491e-01  -5.010000000000000e-02
  4.934217487825247e-01   1.268169950011759e-01  -5.010000000000000e-02
  4.934220878964289e-01   1.268329259288272e-01  -5.010000000000001e-02
  4.934224325186113e-01   1.268491156249257e-01  -5.010000000000000e-02
  4.934228432469208e-01   1.268655665665117e-01  -5.010000000000000e-02
  4.934232825301392e-01   1.268822836143906e-01  -5.010000000000000e-02
  4.934237289249563e-01   1.268992712961783e-01  -5.010000000000000e-02
  4.934241825381978e-01   1.269165336771554e-01  -5.010000000000000e-02
  4.934246434780135e-01   1.269340748730077e-01  -5.009999999999999e-02
  4.934251118538852e-01   1.269518990500824e-01  -5.010000000000000e-02
  4.934255877766318e-01   1.269700104256311e-01  -5.010000000000000e-02
  4.934260713584162e-01   1.269884132680391e-01  -5.010000000000000e-02
  4.934265627127503e-01   1.270071118970397e-01  -5.010000000000000e-02
  4.934270619545008e-01   1.270261106839139e-01  -5.010000000000001e-02
  4.934275691998935e-01   1.270454140516737e-01  -5.010000000000000e-02
  4.934280845665183e-01   1.270650264752289e-01  -5.010000000000000e-02
  4.934286081733325e-01   1.270849524815364e-01  -5.010000000000000e-02
  4.934289676303046e-01   1.271052003428127e-01  -5.010000000000000e-02
  4.934293078627292e-01   1.271257715905448e-01  -5.010000000000000e-02
  4.934296535124990e-01   1.271466703836443e-01  -5.009999999999999e-02
  4.934300046579648e-01   1.271679014593600e-01  -5.010000000000001e-02
  4.934303613783452e-01   1.271894696074557e-01  -5.010000000000000e-02
  4.934307237537284e-01   1.272113796702376e-01  -5.010000000000000e-02
  4.934310918650716e-01   1.272336365425593e-01  -5.010000000000000e-02
  4.934314657942003e-01   1.272562451718011e-01  -5.010000000000000e-02
  4.934318456238084e-01   1.272792105578259e-01  -5.010000000000001e-02
  4.934322314374568e-01   1.273025377529073e-01  -5.010000000000000e-02
  4.934327066815401e-01   1.273262299011454e-01  -5.010000000000000e-02
  4.934334404251749e-01   1.273502881851925e-01  -5.010000000000000e-02
  4.934341856715174e-01   1.273747236246912e-01  -5.009999999999999e-02
  4.934349425809576e-01   1.273995414785660e-01  -5.010000000000000e-02
  4.934357113154591e-01   1.274247470573536e-01  -5.010000000000000e-02
  4.934364920385524e-01   1.274503457229541e-01  -5.010000000000000e-02
  4.934372849153259e-01   1.274763428883488e-01  -5.010000000000001e-02
  4.934380901124159e-01   1.275027440172834e-01  -5.009999999999999e-02
  4.934389077979966e-01   1.275295546239164e-01  -5.010000000000000e-02
  4.934399586491574e-01   1.275567711793134e-01  -5.010000000000000e-02
  4.934413945824743e-01   1.275843930396933e-01  -5.010000000000000e-02
  4.934428526585351e-01   1.276124408417064e-01  -5.010000000000000e-02
  4.934443331739937e-01   1.276409202918366e-01  -5.010000000000000e-02
  4.934458364280010e-01   1.276698371446021e-01  -5.010000000000000e-02
  4.934473627221743e-01   1.276991972019657e-01  -5.010000000000000e-02
  4.934489123605644e-01   1.277290063127010e-01  -5.009999999999999e-02
  4.934504856496203e-01   1.277592703717133e-01  -5.010000000000000e-02
  4.934526866928040e-01   1.277899564290089e-01  -5.010000000000000e-02
  4.934550800906341e-01   1.278210985335748e-01  -5.009999999999999e-02
  4.934575097750055e-01   1.278527127866714e-01  -5.010000000000000e-02
  4.934599762118092e-01   1.278848052503150e-01  -5.010000000000000e-02
  4.934624798701595e-01   1.279173820284685e-01  -5.009999999999999e-02
  4.934650212223197e-01   1.279504492660664e-01  -5.010000000000000e-02
  4.934677718673846e-01   1.279839977557400e-01  -5.010000000000000e-02
  4.934712750124429e-01   1.280179849038393e-01  -5.009999999999999e-02
  4.934748305122016e-01   1.280524799917820e-01  -5.010000000000000e-02
  4.934784390142909e-01   1.280874893028105e-01  -5.010000000000000e-02
  4.934821011699664e-01   1.281230191553380e-01  -5.010000000000000e-02
  4.934858176339728e-01   1.281590759016302e-01  -5.010000000000000e-02
  4.934899435793654e-01   1.281956246782693e-01  -5.010000000000000e-02
  4.934947435078709e-01   1.282326412029348e-01  -5.010000000000000e-02
  4.934996140383336e-01   1.282702022021878e-01  -5.010000000000000e-02
  4.935045560075785e-01   1.283083141295294e-01  -5.009999999999999e-02
  4.935095702558306e-01   1.283469834646856e-01  -5.010000000000000e-02
  4.935148212943457e-01   1.283861933096106e-01  -5.010000000000000e-02
  4.935210214943325e-01   1.284258484528521e-01  -5.010000000000000e-02
  4.935273115712826e-01   1.284660784297853e-01  -5.010000000000000e-02
  4.935336925481143e-01   1.285068897827773e-01  -5.009999999999999e-02
  4.935401654503932e-01   1.285482890711228e-01  -5.010000000000000e-02
  4.935472234687157e-01   1.285901994174447e-01  -5.010000000000000e-02
  4.935549770396557e-01   1.286326088575493e-01  -5.009999999999999e-02
  4.935628412294254e-01   1.286756233456592e-01  -5.010000000000000e-02
  4.935708172404579e-01   1.287192494586814e-01  -5.010000000000000e-02
  4.935790959615519e-01   1.287634566282520e-01  -5.010000000000000e-02
  4.935884253251266e-01   1.288081051888676e-01  -5.010000000000001e-02
  4.935978859679129e-01   1.288533820268338e-01  -5.010000000000000e-02
  4.936074792591660e-01   1.288992936951470e-01  -5.010000000000000e-02
  4.936174808635911e-01   1.289457858914308e-01  -5.010000000000000e-02
  4.936285035895469e-01   1.289927295125601e-01  -5.010000000000000e-02
  4.936396791480998e-01   1.290403240176504e-01  -5.010000000000000e-02
  4.936510090615591e-01   1.290885758899179e-01  -5.010000000000000e-02
  4.936632062144842e-01   1.291373155688902e-01  -5.010000000000000e-02
  4.936760308617965e-01   1.291866092029466e-01  -5.010000000000000e-02
  4.936890305296331e-01   1.292365755570761e-01  -5.010000000000000e-02
  4.937024902056222e-01   1.292871437332103e-01  -5.010000000000000e-02
  4.937170413744795e-01   1.293381483166562e-01  -5.010000000000000e-02
  4.937317886314965e-01   1.293898402259794e-01  -5.010000000000000e-02
  4.937468470762292e-01   1.294421919645225e-01  -5.010000000000000e-02
  4.937631926097293e-01   1.294949198166859e-01  -5.010000000000000e-02
  4.937797554953650e-01   1.295483488090886e-01  -5.009999999999999e-02
  4.937967166296112e-01   1.296024273344567e-01  -5.010000000000001e-02
  4.938149262283341e-01   1.296568881190157e-01  -5.010000000000000e-02
  4.938333745865219e-01   1.297120629790453e-01  -5.010000000000000e-02
  4.938525177783011e-01   1.297678005042005e-01  -5.010000000000000e-02
  4.938726588195159e-01   1.298240022238139e-01  -5.010000000000000e-02
  4.938930600582566e-01   1.298809300006472e-01  -5.010000000000000e-02
  4.939146383393511e-01   1.299382508243241e-01  -5.010000000000000e-02
  4.939367770245581e-01   1.299961992368440e-01  -5.010000000000001e-02
  4.939595405178615e-01   1.300547495106634e-01  -5.010000000000000e-02
  4.939834464724767e-01   1.301137039899949e-01  -5.010000000000000e-02
  4.940076531720103e-01   1.301734001364284e-01  -5.010000000000000e-02
  4.940332774746775e-01   1.302333781620682e-01  -5.010000000000000e-02
  4.940592967795550e-01   1.302940704437882e-01  -5.010000000000000e-02
  4.940864550293315e-01   1.303551536906609e-01  -5.009999999999999e-02
  4.941143039539421e-01   1.304168308815955e-01  -5.010000000000000e-02
  4.941431446839633e-01   1.304789602661071e-01  -5.010000000000001e-02
  4.941728506186382e-01   1.305416059336817e-01  -5.010000000000000e-02
  4.942035104606124e-01   1.306047187291294e-01  -5.010000000000000e-02
  4.942351018497089e-01   1.306683147667727e-01  -5.010000000000000e-02
  4.942676966899047e-01   1.307323502335620e-01  -5.010000000000000e-02
  4.943011845809745e-01   1.307968861836380e-01  -5.010000000000000e-02
  4.943358218573110e-01   1.308617805440478e-01  -5.009999999999999e-02
  4.943712370935522e-01   1.309272348476055e-01  -5.010000000000000e-02
  4.944080053568403e-01   1.309929281792165e-01  -5.010000000000000e-02
  4.944454736134733e-01   1.310592227324337e-01  -5.010000000000000e-02
  4.944843526871688e-01   1.311257114975466e-01  -5.010000000000000e-02
  4.945241190307979e-01   1.311926891852080e-01  -5.010000000000000e-02
  4.945649559472626e-01   1.312600504995745e-01  -5.010000000000000e-02
  4.946070804954247e-01   1.313276519357185e-01  -5.010000000000000e-02
  4.946501094607452e-01   1.313957289218437e-01  -5.010000000000000e-02
  4.946944450529226e-01   1.314640230234429e-01  -5.010000000000000e-02
  4.947399404554670e-01   1.315326165597016e-01  -5.010000000000000e-02
  4.947864422855560e-01   1.316016099484168e-01  -5.010000000000000e-02
  4.948342776511271e-01   1.316707757226551e-01  -5.010000000000000e-02
  4.948833298115778e-01   1.317401806633426e-01  -5.010000000000000e-02
  4.949334703675231e-01   1.318099109189856e-01  -5.010000000000001e-02
  4.949848161101853e-01   1.318798778193082e-01  -5.010000000000000e-02
  4.950375628625161e-01   1.319499229484555e-01  -5.010000000000000e-02
  4.950914596716888e-01   1.320202232158503e-01  -5.010000000000000e-02
  4.951465364557344e-01   1.320907502534152e-01  -5.010000000000000e-02
  4.952028650842279e-01   1.321614395871950e-01  -5.010000000000000e-02
  4.952606092656287e-01   1.322321448489172e-01  -5.010000000000000e-02
  4.953195673889545e-01   1.323030162394470e-01  -5.010000000000000e-02
  4.953797613556606e-01   1.323740263290428e-01  -5.010000000000001e-02
  4.954412096995627e-01   1.324451489496540e-01  -5.010000000000000e-02
  4.955039260482788e-01   1.325163606671330e-01  -5.010000000000000e-02
  4.955680623863591e-01   1.325875105968611e-01  -5.010000000000000e-02
  4.956334742882505e-01   1.326587113215888e-01  -5.010000000000000e-02
  4.957001653938463e-01   1.327299459524987e-01  -5.010000000000000e-02
  4.957681434410651e-01   1.328011930243200e-01  -5.010000000000000e-02
  4.958374127608918e-01   1.328724333129060e-01  -5.010000000000000e-02
  4.959079771791993e-01   1.329436471816923e-01  -5.010000000000000e-02
  4.959798415039863e-01   1.330148132037344e-01  -5.010000000000000e-02
  4.960530054354775e-01   1.330859142354977e-01  -5.010000000000000e-02
  4.961274827368005e-01   1.331569175924840e-01  -5.010000000000000e-02
  4.962032912244769e-01   1.332277842597815e-01  -5.010000000000000e-02
  4.962803812449671e-01   1.332985471959331e-01  -5.010000000000000e-02
  4.963587551707004e-01   1.333691843335007e-01  -5.010000000000000e-02
  4.964384132590447e-01   1.334396750540693e-01  -5.009999999999999e-02
  4.965193377660975e-01   1.335100186813281e-01  -5.010000000000000e-02
  4.966015302155384e-01   1.335801919730097e-01  -5.010000000000000e-02
  4.966849804493199e-01   1.336501848686680e-01  -5.009999999999999e-02
  4.967696814184769e-01   1.337199830407487e-01  -5.010000000000000e-02
  4.968556261958719e-01   1.337895715978099e-01  -5.010000000000000e-02
  4.969428001670982e-01   1.338589447523509e-01  -5.010000000000000e-02
  4.970311953376463e-01   1.339280880326432e-01  -5.010000000000000e-02
  4.971208003817480e-01   1.339969909102211e-01  -5.010000000000000e-02
  4.972116054495991e-01   1.340656403825835e-01  -5.010000000000000e-02
  4.973035954256145e-01   1.341340302004885e-01  -5.010000000000000e-02
  4.973967543788006e-01   1.342021549006114e-01  -5.010000000000000e-02
  4.974910710140346e-01   1.342700024877328e-01  -5.010000000000000e-02
  4.975865299544527e-01   1.343375662853060e-01  -5.010000000000000e-02
  4.976831160828166e-01   1.344048389387082e-01  -5.010000000000000e-02
  4.977808179334756e-01   1.344718074981227e-01  -5.010000000000000e-02
  4.978796175327904e-01   1.345384681716786e-01  -5.010000000000001e-02
  4.979794969420201e-01   1.346048168721465e-01  -5.009999999999999e-02
  4.980804395377769e-01   1.346708473864844e-01  -5.010000000000001e-02
  4.981824264728682e-01   1.347365566682260e-01  -5.010000000000001e-02
  4.982854429253695e-01   1.348019351305599e-01  -5.010000000000001e-02
  4.983894699622313e-01   1.348669793896191e-01  -5.010000000000001e-02
  4.984944900291596e-01   1.349316835478494e-01  -5.009999999999999e-02
  4.986004797990229e-01   1.349960509959917e-01  -5.010000000000000e-02
  4.987074279251492e-01   1.350600650242753e-01  -5.010000000000000e-02
  4.988153093729024e-01   1.351237315741622e-01  -5.010000000000000e-02
  4.989241083262062e-01   1.351870406444776e-01  -5.010000000000001e-02
  4.990337994636928e-01   1.352499985211882e-01  -5.010000000000000e-02
  4.991443686866924e-01   1.353125915821938e-01  -5.010000000000000e-02
  4.992557955326332e-01   1.353748171424561e-01  -5.010000000000000e-02
  4.993680588515023e-01   1.354366734136841e-01  -5.010000000000000e-02
  4.994811332806510e-01   1.354981662394084e-01  -5.010000000000000e-02
  4.995950039838197e-01   1.355592818159379e-01  -5.010000000000000e-02
  4.997096468933277e-01   1.356200232954991e-01  -5.010000000000001e-02
  4.998250386418434e-01   1.356803923168424e-01  -5.010000000000000e-02
  4.999411627699752e-01   1.357403770969453e-01  -5.010000000000000e-02
  5.000579979504832e-01   1.357999749052511e-01  -5.010000000000000e-02
  5.001755195198343e-01   1.358591893442975e-01  -5.010000000000000e-02
  5.002937083488385e-01   1.359180128484366e-01  -5.010000000000000e-02
  5.004125411955277e-01   1.359764459586243e-01  -5.010000000000000e-02
  5.005319963761340e-01   1.360344857428480e-01  -5.010000000000000e-02
  5.006520539573679e-01   1.360921255426342e-01  -5.010000000000000e-02
  5.007726905262361e-01   1.361493656441119e-01  -5.010000000000000e-02
  5.008938833161917e-01   1.362062048643986e-01  -5.010000000000000e-02
  5.010156115945972e-01   1.362626375010710e-01  -5.010000000000001e-02
  5.011378548648260e-01   1.363186571233184e-01  -5.010000000000000e-02
  5.012605889681069e-01   1.363742650780585e-01  -5.010000000000000e-02
  5.013837902289331e-01   1.364294615957224e-01  -5.010000000000000e-02
  5.015074398515883e-01   1.364842359423681e-01  -5.010000000000000e-02
  5.016315139688867e-01   1.365385885493131e-01  -5.010000000000000e-02
  5.017559968427748e-01   1.365925010214361e-01  -5.010000000000000e-02
  5.018808690849717e-01   1.366459627075320e-01  -5.010000000000000e-02
  5.020061013384538e-01   1.366989862914060e-01  -5.010000000000000e-02
  5.021316700794063e-01   1.367515712146992e-01  -5.010000000000001e-02
  5.022575532620309e-01   1.368037134064377e-01  -5.010000000000001e-02
  5.023837276571479e-01   1.368554116853003e-01  -5.010000000000000e-02
  5.025101717483276e-01   1.369066607024114e-01  -5.010000000000000e-02
  5.026368644550148e-01   1.369574540460674e-01  -5.010000000000000e-02
  5.027637831651364e-01   1.370077891581827e-01  -5.009999999999999e-02
  5.028909042262526e-01   1.370576662264392e-01  -5.010000000000000e-02
  5.030182055613643e-01   1.371070816286780e-01  -5.010000000000000e-02
  5.031456769021719e-01   1.371560010443665e-01  -5.010000000000000e-02
  5.032733015786901e-01   1.372044057606213e-01  -5.010000000000000e-02
  5.034010426270559e-01   1.372523310359704e-01  -5.010000000000000e-02
  5.035288796486628e-01   1.372997693507848e-01  -5.010000000000000e-02
  5.036567896777615e-01   1.373467203718202e-01  -5.010000000000000e-02
  5.037847497867261e-01   1.373931840270806e-01  -5.010000000000000e-02
  5.039127386184165e-01   1.374391563118052e-01  -5.010000000000000e-02
  5.040407362681832e-01   1.374846295486271e-01  -5.010000000000000e-02
  5.041687368698986e-01   1.375295560052238e-01  -5.010000000000000e-02
  5.042967162896144e-01   1.375739390248695e-01  -5.010000000000000e-02
  5.044246422782935e-01   1.376178067070445e-01  -5.010000000000001e-02
  5.045524906538629e-01   1.376611654278700e-01  -5.010000000000000e-02
  5.046802411786798e-01   1.377040104741170e-01  -5.010000000000000e-02
  5.048078750324194e-01   1.377463336262704e-01  -5.010000000000000e-02
  5.049353740812911e-01   1.377881247505277e-01  -5.010000000000000e-02
  5.050627466123276e-01   1.378292916177136e-01  -5.010000000000000e-02
  5.051899367175201e-01   1.378699404755081e-01  -5.010000000000000e-02
  5.053169279135413e-01   1.379100581086199e-01  -5.010000000000000e-02
  5.054437007040242e-01   1.379496416039111e-01  -5.009999999999999e-02
  5.055702333552654e-01   1.379886959652707e-01  -5.010000000000000e-02
  5.056965335677076e-01   1.380271299208921e-01  -5.010000000000000e-02
  5.058225674232008e-01   1.380649874663454e-01  -5.010000000000000e-02
  5.059483026674697e-01   1.381023108291949e-01  -5.010000000000000e-02
  5.060737199339090e-01   1.381391012455159e-01  -5.010000000000000e-02
  5.061988003860383e-01   1.381753592958757e-01  -5.010000000000000e-02
  5.063235661605552e-01   1.382109420047253e-01  -5.010000000000000e-02
  5.064479625247680e-01   1.382459740801371e-01  -5.010000000000000e-02
  5.065719677146376e-01   1.382804693632483e-01  -5.010000000000000e-02
  5.066955642338118e-01   1.383144284021325e-01  -5.010000000000000e-02
  5.068187543158451e-01   1.383477792132128e-01  -5.010000000000001e-02
  5.069415231035505e-01   1.383805105907287e-01  -5.010000000000000e-02
  5.070638297618599e-01   1.384127122583480e-01  -5.010000000000000e-02
  5.071856570191902e-01   1.384443894012649e-01  -5.010000000000000e-02
  5.073070090405467e-01   1.384754641893850e-01  -5.010000000000000e-02
  5.074278772677878e-01   1.385059052184849e-01  -5.010000000000000e-02
  5.075482163879993e-01   1.385358308094373e-01  -5.010000000000000e-02
  5.076680102955350e-01   1.385652479331455e-01  -5.010000000000000e-02
  5.077872807480995e-01   1.385940069541807e-01  -5.010000000000001e-02
  5.079059897498356e-01   1.386222025449799e-01  -5.010000000000000e-02
  5.080241071626340e-01   1.386499045644928e-01  -5.010000000000000e-02
  5.081416289094521e-01   1.386770750544678e-01  -5.010000000000000e-02
  5.082585749336314e-01   1.387035668416539e-01  -5.010000000000000e-02
  5.083748864345120e-01   1.387295809083189e-01  -5.010000000000001e-02
  5.084905498406844e-01   1.387551265853765e-01  -5.010000000000000e-02
  5.086056010275467e-01   1.387799841293035e-01  -5.010000000000000e-02
  5.087199844378442e-01   1.388043525552402e-01  -5.010000000000000e-02
  5.088336813901838e-01   1.388282708953275e-01  -5.010000000000000e-02
  5.089467201360307e-01   1.388515518781116e-01  -5.010000000000000e-02
  5.090590622091011e-01   1.388743270286080e-01  -5.010000000000000e-02
  5.091706821785020e-01   1.388966758818616e-01  -5.010000000000000e-02
  5.092816096962560e-01   1.389184006368327e-01  -5.010000000000000e-02
  5.093918061577855e-01   1.389396463988399e-01  -5.010000000000000e-02
  5.095012482192604e-01   1.389604926759746e-01  -5.010000000000000e-02
  5.096099751803508e-01   1.389806851919631e-01  -5.010000000000000e-02
  5.097179325128644e-01   1.390004689981977e-01  -5.010000000000000e-02
  5.098251147791902e-01   1.390198369333041e-01  -5.010000000000000e-02
  5.099315515712765e-01   1.390385794474303e-01  -5.010000000000000e-02
  5.100371867335363e-01   1.390569735173268e-01  -5.010000000000000e-02
  5.101420403404139e-01   1.390748689096887e-01  -5.010000000000000e-02
  5.102461033198277e-01   1.390922772686640e-01  -5.010000000000000e-02
  5.103493423388981e-01   1.391093667363759e-01  -5.010000000000000e-02
  5.104518014171010e-01   1.391258339082040e-01  -5.010000000000000e-02
  5.105534240032865e-01   1.391419937336814e-01  -5.010000000000001e-02
  5.106542293411358e-01   1.391576993816542e-01  -5.010000000000000e-02
  5.107542104373037e-01   1.391729623772812e-01  -5.009999999999999e-02
  5.108533422943461e-01   1.391879239339048e-01  -5.010000000000000e-02
  5.109516595457122e-01   1.392023249482485e-01  -5.010000000000000e-02
  5.110491116327562e-01   1.392164853075475e-01  -5.010000000000000e-02
  5.111457343643399e-01   1.392301378486906e-01  -5.010000000000000e-02
  5.112414938572918e-01   1.392434983501686e-01  -5.010000000000000e-02
  5.113364034001633e-01   1.392564583283529e-01  -5.010000000000000e-02
  5.114304549531112e-01   1.392690568387311e-01  -5.010000000000000e-02
  5.115236402069937e-01   1.392813469029275e-01  -5.010000000000000e-02
  5.116159709770808e-01   1.392932235394102e-01  -5.010000000000000e-02
  5.117074236420652e-01   1.393048642207196e-01  -5.010000000000000e-02
  5.117980239421989e-01   1.393160557825383e-01  -5.010000000000000e-02
  5.118877383563161e-01   1.393270657869775e-01  -5.010000000000001e-02
  5.119765999690354e-01   1.393376186578702e-01  -5.010000000000000e-02
  5.120645713581106e-01   1.393480286309924e-01  -5.010000000000000e-02
  5.121516898969325e-01   1.393579786344639e-01  -5.010000000000000e-02
  5.122379173398440e-01   1.393678061732808e-01  -5.010000000000000e-02
  5.123232903279024e-01   1.393771935871752e-01  -5.010000000000000e-02
  5.124077741908030e-01   1.393864637098957e-01  -5.010000000000000e-02
  5.124914017884876e-01   1.393953260428646e-01  -5.010000000000000e-02
  5.125741448114900e-01   1.394040611947971e-01  -5.010000000000000e-02
  5.126560293709100e-01   1.394124361312257e-01  -5.010000000000000e-02
  5.127370360921035e-01   1.394206604955439e-01  -5.010000000000000e-02
  5.128171821255938e-01   1.394285851480833e-01  -5.010000000000001e-02
  5.128964588945560e-01   1.394363238098773e-01  -5.010000000000000e-02
  5.129748731290954e-01   1.394438328942877e-01  -5.010000000000000e-02
  5.130524282522899e-01   1.394511094067384e-01  -5.009999999999999e-02
  5.131291194310084e-01   1.394582358995112e-01  -5.010000000000001e-02
  5.132049628595795e-01   1.394650744202875e-01  -5.010000000000000e-02
  5.132799428868639e-01   1.394718350913707e-01  -5.010000000000000e-02
  5.133540847538723e-01   1.394782759681846e-01  -5.010000000000000e-02
  5.134273720134956e-01   1.394846284299500e-01  -5.010000000000000e-02
  5.134998192273294e-01   1.394907696879351e-01  -5.010000000000000e-02
  5.135714272852787e-01   1.394967401142491e-01  -5.009999999999999e-02
  5.136421947936856e-01   1.395026074227387e-01  -5.010000000000000e-02
  5.137121390648685e-01   1.395082163131905e-01  -5.010000000000000e-02
  5.137812491832845e-01   1.395137583122242e-01  -5.010000000000000e-02
  5.138495402699641e-01   1.395191032554614e-01  -5.010000000000000e-02
  5.139170125933150e-01   1.395243113323773e-01  -5.010000000000001e-02
  5.139836662979029e-01   1.395294454515082e-01  -5.010000000000000e-02
  5.140495187042405e-01   1.395343462541177e-01  -5.010000000000000e-02
  5.141145620413685e-01   1.395391868449792e-01  -5.010000000000000e-02
  5.141788064641094e-01   1.395439029616826e-01  -5.009999999999999e-02
  5.142422600331138e-01   1.395484603600540e-01  -5.010000000000000e-02
  5.143049209580419e-01   1.395529608286911e-01  -5.010000000000000e-02
  5.143668015720835e-01   1.395573110369470e-01  -5.010000000000000e-02
  5.144279048132575e-01   1.395615519283769e-01  -5.010000000000000e-02
  5.144882326734316e-01   1.395657390042224e-01  -5.010000000000000e-02
  5.145477977402277e-01   1.395697756908039e-01  -5.010000000000000e-02
  5.146066012758035e-01   1.395737321916174e-01  -5.010000000000000e-02
  5.146646474113635e-01   1.395776377319956e-01  -5.010000000000000e-02
  5.147219484309740e-01   1.395814003900698e-01  -5.010000000000000e-02
  5.147785058379297e-01   1.395850918128967e-01  -5.010000000000000e-02
  5.148343244145913e-01   1.395887350133039e-01  -5.010000000000000e-02
  5.148894145486329e-01   1.395922674932644e-01  -5.010000000000000e-02
  5.149437800972324e-01   1.395957287946405e-01  -5.010000000000000e-02
  5.149974258762362e-01   1.395991442703135e-01  -5.010000000000000e-02
  5.150503608006719e-01   1.396024753793539e-01  -5.010000000000000e-02
  5.151025913241135e-01   1.396057232774208e-01  -5.010000000000000e-02
  5.151541215100296e-01   1.396089276257634e-01  -5.010000000000000e-02
  5.152049584110681e-01   1.396120808828540e-01  -5.010000000000000e-02
  5.152551111636972e-01   1.396151421061020e-01  -5.009999999999999e-02
  5.153045832937558e-01   1.396181617855159e-01  -5.010000000000000e-02
  5.153533814322581e-01   1.396211403258394e-01  -5.010000000000000e-02
  5.154015138347452e-01   1.396240515862919e-01  -5.010000000000000e-02
  5.154489865304375e-01   1.396269063890799e-01  -5.010000000000000e-02
  5.154958051767967e-01   1.396297218601671e-01  -5.010000000000000e-02
  5.155419764518318e-01   1.396324984011403e-01  -5.010000000000000e-02
  5.155875085801682e-01   1.396352106355656e-01  -5.010000000000000e-02
  5.156324068267113e-01   1.396378826892240e-01  -5.010000000000000e-02
  5.156766777285505e-01   1.396405174073772e-01  -5.010000000000000e-02
  5.157203279718550e-01   1.396431150845350e-01  -5.010000000000000e-02
  5.157633647523601e-01   1.396456673376670e-01  -5.010000000000000e-02
  5.158057942005757e-01   1.396481835735664e-01  -5.010000000000000e-02
  5.158476229717366e-01   1.396506641869151e-01  -5.010000000000000e-02
  5.158888577082089e-01   1.396531095716319e-01  -5.010000000000000e-02
  5.159295051157745e-01   1.396555187976566e-01  -5.010000000000000e-02
  5.159695717355298e-01   1.396578934232593e-01  -5.010000000000000e-02
  5.160090641480507e-01   1.396602340173612e-01  -5.010000000000001e-02
  5.160479889234446e-01   1.396625409693524e-01  -5.010000000000000e-02
  5.160863521959488e-01   1.396648216136667e-01  -5.010000000000000e-02
  5.161241604869364e-01   1.396670763563252e-01  -5.009999999999999e-02
  5.161614207186592e-01   1.396692984148138e-01  -5.010000000000000e-02
  5.161981393590611e-01   1.396714881748562e-01  -5.010000000000000e-02
  5.162343228464615e-01   1.396736460204092e-01  -5.010000000000000e-02
  5.162699763576830e-01   1.396757928416914e-01  -5.010000000000000e-02
  5.163051072262738e-01   1.396779130346245e-01  -5.009999999999999e-02
  5.163397220863193e-01   1.396800020857807e-01  -5.010000000000000e-02
  5.163738272428784e-01   1.396820603756784e-01  -5.010000000000000e-02
  5.164074289644557e-01   1.396840882826300e-01  -5.010000000000000e-02
  5.164405318169544e-01   1.396861135265602e-01  -5.010000000000000e-02
  5.164731432083072e-01   1.396881165078451e-01  -5.009999999999999e-02
  5.165052697705603e-01   1.396900897110810e-01  -5.010000000000000e-02
  5.165369176141623e-01   1.396920335115696e-01  -5.009999999999999e-02
  5.165680928075703e-01   1.396939482820336e-01  -5.010000000000000e-02
  5.165988004632788e-01   1.396958490885139e-01  -5.010000000000000e-02
  5.166290457327871e-01   1.396977496617737e-01  -5.010000000000001e-02
  5.166588363364740e-01   1.396996216644267e-01  -5.010000000000000e-02
  5.166881781655850e-01   1.397014654666710e-01  -5.010000000000000e-02
  5.167170770652625e-01   1.397032814358079e-01  -5.010000000000000e-02
  5.167455388338668e-01   1.397050699361987e-01  -5.010000000000000e-02
  5.167735678637518e-01   1.397068526395590e-01  -5.010000000000000e-02
  5.168011693709106e-01   1.397086375423294e-01  -5.010000000000000e-02
  5.168283509040251e-01   1.397103952866975e-01  -5.010000000000000e-02
  5.168551180677777e-01   1.397121262351006e-01  -5.010000000000000e-02
  5.168814764173340e-01   1.397138307467736e-01  -5.010000000000001e-02
  5.169074314579173e-01   1.397155091777222e-01  -5.010000000000000e-02
  5.169329886444203e-01   1.397171618806971e-01  -5.010000000000000e-02
  5.169581501061125e-01   1.397188390087611e-01  -5.010000000000000e-02
  5.169829242086332e-01   1.397204950966627e-01  -5.009999999999999e-02
  5.170073165709357e-01   1.397221256661683e-01  -5.010000000000000e-02
  5.170313324426732e-01   1.397237310682044e-01  -5.010000000000000e-02
  5.170549770217618e-01   1.397253116502390e-01  -5.009999999999999e-02
  5.170782554541953e-01   1.397268677562690e-01  -5.009999999999999e-02
  5.171011728338897e-01   1.397283997268103e-01  -5.010000000000000e-02
  5.171237313924348e-01   1.397299491022899e-01  -5.010000000000000e-02
  5.171459376574117e-01   1.397314936628348e-01  -5.010000000000000e-02
  5.171677979014192e-01   1.397330141558322e-01  -5.010000000000000e-02
  5.171893170081809e-01   1.397345109209704e-01  -5.010000000000000e-02
  5.172104998089930e-01   1.397359842942909e-01  -5.010000000000000e-02
  5.172313510827280e-01   1.397374346081890e-01  -5.010000000000000e-02
  5.172518755558634e-01   1.397388621914158e-01  -5.010000000000001e-02
  5.172720779025307e-01   1.397402673690811e-01  -5.010000000000000e-02
  5.172919605251305e-01   1.397416816954774e-01  -5.010000000000000e-02
  5.173115282627470e-01   1.397431016972531e-01  -5.010000000000000e-02
  5.173307876487363e-01   1.397444993224073e-01  -5.010000000000000e-02
  5.173497431478125e-01   1.397458748949377e-01  -5.010000000000000e-02
  5.173683991729099e-01   1.397472287350844e-01  -5.010000000000000e-02
  5.173867600853500e-01   1.397485611593421e-01  -5.010000000000000e-02
  5.174048301950236e-01   1.397498724804731e-01  -5.010000000000000e-02
  5.174226137605908e-01   1.397511630075222e-01  -5.010000000000000e-02
  5.174401149896942e-01   1.397524330458317e-01  -5.010000000000000e-02
  5.174573372934663e-01   1.397536929288355e-01  -5.010000000000000e-02
  5.174742818403737e-01   1.397549824756370e-01  -5.009999999999999e-02
  5.174909564405622e-01   1.397562514784293e-01  -5.010000000000001e-02
  5.175073650989807e-01   1.397575002420048e-01  -5.009999999999999e-02
  5.175235117708491e-01   1.397587290673713e-01  -5.010000000000000e-02
  5.175394003619493e-01   1.397599382517741e-01  -5.010000000000000e-02
  5.175550347289276e-01   1.397611280887193e-01  -5.010000000000000e-02
  5.175704186796060e-01   1.397622988679972e-01  -5.010000000000000e-02
  5.175855559733045e-01   1.397634508757067e-01  -5.010000000000001e-02
  5.176004503211718e-01   1.397645843942810e-01  -5.010000000000000e-02
  5.176151053865241e-01   1.397656997025129e-01  -5.010000000000000e-02
  5.176295240574536e-01   1.397668063835274e-01  -5.010000000000000e-02
  5.176437067700244e-01   1.397679447760237e-01  -5.010000000000000e-02
  5.176576609804654e-01   1.397690648275215e-01  -5.010000000000000e-02
  5.176713901631846e-01   1.397701668168983e-01  -5.010000000000000e-02
  5.176848977465793e-01   1.397712510193386e-01  -5.009999999999999e-02
  5.176981871134160e-01   1.397723177063642e-01  -5.010000000000000e-02
  5.177112616012158e-01   1.397733671458653e-01  -5.010000000000000e-02
  5.177241245026445e-01   1.397743996021316e-01  -5.010000000000000e-02
  5.177367790659079e-01   1.397754153358843e-01  -5.010000000000000e-02
  5.177492284951495e-01   1.397764146043078e-01  -5.009999999999999e-02
  5.177614759508544e-01   1.397773976610822e-01  -5.009999999999999e-02
  5.177735245502547e-01   1.397783647564160e-01  -5.010000000000000e-02
  5.177853773677383e-01   1.397793161370786e-01  -5.010000000000000e-02
  5.177970374352617e-01   1.397802520464337e-01  -5.010000000000000e-02
  5.178085169430472e-01   1.397810462185580e-01  -5.010000000000000e-02
  5.178198127486158e-01   1.397817826401557e-01  -5.010000000000000e-02
  5.178309244490226e-01   1.397825070591551e-01  -5.010000000000000e-02
  5.178418612865232e-01   1.397830921519253e-01  -5.010000000000000e-02
  5.178526296573882e-01   1.397834667288194e-01  -5.010000000000000e-02
  5.178632221444695e-01   1.397838351876106e-01  -5.010000000000001e-02
  5.178736415015668e-01   1.397841976240896e-01  -5.010000000000000e-02
  5.178838955704798e-01   1.397842878204570e-01  -5.010000000000000e-02
  5.178939827998205e-01   1.397843254393197e-01  -5.010000000000000e-02
  5.179039048285166e-01   1.397843624420906e-01  -5.010000000000001e-02
  5.179136639225277e-01   1.397843723249078e-01  -5.010000000000000e-02
  5.179232593419640e-01   1.397840938230806e-01  -5.010000000000000e-02
  5.179326973174968e-01   1.397838198909769e-01  -5.010000000000000e-02
  5.179419803380737e-01   1.397835504563566e-01  -5.010000000000000e-02
  5.179511091914514e-01   1.397832494560206e-01  -5.010000000000000e-02
  5.179600753349931e-01   1.397826799054631e-01  -5.010000000000000e-02
  5.179688940098548e-01   1.397821197224634e-01  -5.010000000000000e-02
  5.179775675589242e-01   1.397815687581959e-01  -5.010000000000000e-02
  5.179860982906095e-01   1.397810268660250e-01  -5.010000000000000e-02
  5.179944654715418e-01   1.397802126455645e-01  -5.010000000000000e-02
  5.180026928411754e-01   1.397793887643216e-01  -5.010000000000000e-02
  5.180107845202607e-01   1.397785784710057e-01  -5.009999999999999e-02
  5.180187426769629e-01   1.397777815484987e-01  -5.010000000000000e-02
  5.180265507810374e-01   1.397768427861952e-01  -5.010000000000000e-02
  5.180342111890385e-01   1.397757640712153e-01  -5.010000000000001e-02
  5.180417449995950e-01   1.397747031832963e-01  -5.010000000000000e-02
  5.180491542441511e-01   1.397736598363765e-01  -5.009999999999999e-02
  5.180564409235756e-01   1.397726337486998e-01  -5.010000000000000e-02
  5.180635650972277e-01   1.397713677642312e-01  -5.010000000000000e-02
  5.180705624878558e-01   1.397700686618980e-01  -5.010000000000000e-02
  5.180774439653477e-01   1.397687910794475e-01  -5.010000000000000e-02
  5.180842113987980e-01   1.397675346698724e-01  -5.010000000000000e-02
  5.180908666288626e-01   1.397662990914454e-01  -5.010000000000000e-02
  5.180973528660982e-01   1.397648057349765e-01  -5.010000000000000e-02
  5.181037243702573e-01   1.397633034467226e-01  -5.010000000000000e-02
  5.181099901006817e-01   1.397618260980489e-01  -5.010000000000000e-02
  5.181161517705939e-01   1.397603732850078e-01  -5.010000000000000e-02
  5.181222110668925e-01   1.397589446098584e-01  -5.010000000000000e-02
  5.181281117122503e-01   1.397573207691033e-01  -5.010000000000000e-02
  5.181338875007826e-01   1.397556228848332e-01  -5.010000000000000e-02
  5.181395672145698e-01   1.397539532432520e-01  -5.010000000000000e-02
  5.181451524161017e-01   1.397523113850411e-01  -5.010000000000001e-02
  5.181506446436466e-01   1.397506968580022e-01  -5.010000000000000e-02
  5.181560269123436e-01   1.397490526830720e-01  -5.010000000000000e-02
  5.181612332981650e-01   1.397471724014621e-01  -5.010000000000000e-02
  5.181663529227943e-01   1.397453234535796e-01  -5.010000000000000e-02
  5.181713872025309e-01   1.397435053279292e-01  -5.010000000000000e-02
  5.181763375315400e-01   1.397417175210093e-01  -5.010000000000001e-02
  5.181812052821672e-01   1.397399595371987e-01  -5.010000000000000e-02
  5.181859463632264e-01   1.397381175868428e-01  -5.010000000000000e-02
  5.181905231545142e-01   1.397360940750903e-01  -5.010000000000001e-02
  5.181950235245193e-01   1.397341043510624e-01  -5.010000000000000e-02
  5.181994487258324e-01   1.397321478609581e-01  -5.010000000000000e-02
  5.182037999912978e-01   1.397302240597065e-01  -5.010000000000001e-02
  5.182080785342993e-01   1.397283324108410e-01  -5.010000000000000e-02
  5.182122608794764e-01   1.397264221196179e-01  -5.010000000000000e-02
  5.182162383544784e-01   1.397242688405893e-01  -5.010000000000000e-02
  5.182201492960068e-01   1.397221515806768e-01  -5.010000000000000e-02
  5.182239947985800e-01   1.397200697473426e-01  -5.010000000000000e-02
  5.182277759393272e-01   1.397180227574631e-01  -5.010000000000000e-02
  5.182314937782447e-01   1.397160100371899e-01  -5.009999999999999e-02
  5.182351493584479e-01   1.397140310218135e-01  -5.010000000000000e-02
  5.182386390875257e-01   1.397119113126417e-01  -5.010000000000000e-02
  5.182419844978490e-01   1.397096844642607e-01  -5.010000000000000e-02
  5.182452738426683e-01   1.397074949354801e-01  -5.010000000000000e-02
  5.182485080478134e-01   1.397053421100281e-01  -5.010000000000000e-02
  5.182516880242869e-01   1.397032253815023e-01  -5.010000000000000e-02
  5.182548146684858e-01   1.397011441532226e-01  -5.010000000000001e-02
  5.182578888624208e-01   1.396990978380846e-01  -5.010000000000000e-02
  5.182608103768804e-01   1.396969500794854e-01  -5.010000000000000e-02
  5.182635575402751e-01   1.396946700560848e-01  -5.010000000000000e-02
  5.182662585875928e-01   1.396924283069762e-01  -5.010000000000000e-02
  5.182689142829323e-01   1.396902241979920e-01  -5.010000000000000e-02
  5.182715253780681e-01   1.396880571051927e-01  -5.010000000000000e-02
  5.182740926126388e-01   1.396859264147112e-01  -5.010000000000000e-02
  5.182766167143313e-01   1.396838315225995e-01  -5.010000000000000e-02
  5.182790983990644e-01   1.396817718346772e-01  -5.010000000000000e-02
  5.182813546258194e-01   1.396795504906014e-01  -5.010000000000000e-02
  5.182834993543766e-01   1.396772879063251e-01  -5.010000000000001e-02
  5.182856080196416e-01   1.396750633670672e-01  -5.009999999999999e-02
  5.182876812211674e-01   1.396728762403287e-01  -5.010000000000000e-02
  5.182897195487688e-01   1.396707259038838e-01  -5.010000000000000e-02
  5.182917235826732e-01   1.396686117456206e-01  -5.010000000000000e-02
  5.182936938936688e-01   1.396665331633853e-01  -5.010000000000001e-02
  5.182956310432514e-01   1.396644895648274e-01  -5.009999999999999e-02
  5.182974965280321e-01   1.396624480146609e-01  -5.010000000000000e-02
  5.182990889187292e-01   1.396602406316946e-01  -5.010000000000000e-02
  5.183006544946093e-01   1.396580704196125e-01  -5.010000000000000e-02
  5.183021937027788e-01   1.396559367586328e-01  -5.010000000000000e-02
  5.183037069830382e-01   1.396538390391008e-01  -5.010000000000000e-02
  5.183051947679964e-01   1.396517766613311e-01  -5.010000000000000e-02
  5.183066574831833e-01   1.396497490354514e-01  -5.010000000000000e-02
  5.183080955471612e-01   1.396477555812476e-01  -5.010000000000000e-02
  5.183095093716339e-01   1.396457957280129e-01  -5.010000000000000e-02
  5.183108993615554e-01   1.396438689143977e-01  -5.010000000000000e-02
  5.183121619690467e-01   1.396419105431371e-01  -5.010000000000000e-02
  5.183132213049099e-01   1.396398730716046e-01  -5.010000000000000e-02
  5.183142627744024e-01   1.396378699633209e-01  -5.010000000000000e-02
  5.183152866763614e-01   1.396359006435178e-01  -5.010000000000000e-02
  5.183162933047094e-01   1.396339645468802e-01  -5.010000000000000e-02
  5.183172829485321e-01   1.396320611173956e-01  -5.010000000000000e-02
  5.183182558921554e-01   1.396301898082064e-01  -5.010000000000000e-02
  5.183192124152212e-01   1.396283500814643e-01  -5.009999999999999e-02
  5.183201527927613e-01   1.396265414081865e-01  -5.010000000000000e-02
  5.183210772952722e-01   1.396247632681149e-01  -5.010000000000000e-02
  5.183219861887866e-01   1.396230151495758e-01  -5.010000000000000e-02
  5.183228797349448e-01   1.396212965493437e-01  -5.010000000000000e-02
  5.183235643568565e-01   1.396195244025641e-01  -5.009999999999999e-02
  5.183241638192502e-01   1.396177508362849e-01  -5.010000000000000e-02
  5.183247531556394e-01   1.396160072287496e-01  -5.010000000000000e-02
  5.183253325359216e-01   1.396142930772998e-01  -5.010000000000000e-02
  5.183259021271827e-01   1.396126078875963e-01  -5.010000000000001e-02
  5.183264620937416e-01   1.396109511734861e-01  -5.010000000000000e-02
  5.183270125971951e-01   1.396093224568696e-01  -5.010000000000000e-02
  5.183275537964617e-01   1.396077212675714e-01  -5.010000000000000e-02
  5.183280858478249e-01   1.396061471432122e-01  -5.010000000000000e-02
  5.183286089049753e-01   1.396045996290830e-01  -5.010000000000000e-02
  5.183291231190536e-01   1.396030782780210e-01  -5.010000000000000e-02
  5.183296286386904e-01   1.396015826502876e-01  -5.010000000000001e-02
  5.183301256100479e-01   1.396001123134481e-01  -5.010000000000000e-02
  5.183306141768597e-01   1.395986668422533e-01  -5.010000000000000e-02
  5.183310944804700e-01   1.395972458185230e-01  -5.010000000000000e-02
