368
  4.940456195004700e-01   1.262982367985230e-01  -5.010000000000000e-02
  4.940470494711977e-01   1.262977838264291e-01  -5.010000000000000e-02
  4.940485311140780e-01   1.262973144861379e-01  -5.010000000000000e-02
  4.940500662903369e-01   1.262968281880683e-01  -5.010000000000000e-02
  4.940516569278031e-01   1.262963243215417e-01  -5.009999999999999e-02
  4.940533050232587e-01   1.262958022540371e-01  -5.010000000000000e-02
  4.940550126448713e-01   1.262952613304207e-01  -5.010000000000000e-02
  4.940567819347083e-01   1.262947008721494e-01  -5.010000000000001e-02
  4.940586151113376e-01   1.262941201764469e-01  -5.010000000000000e-02
  4.940605144725170e-01   1.262935185154522e-01  -5.010000000000000e-02
  4.940625189391649e-01   1.262931005843006e-01  -5.010000000000000e-02
  4.940646555551087e-01   1.262930037965350e-01  -5.010000000000000e-02
  4.940668692766805e-01   1.262929035159182e-01  -5.010000000000000e-02
  4.940691628737667e-01   1.262927996169757e-01  -5.010000000000000e-02
  4.940715392148235e-01   1.262926919697676e-01  -5.010000000000000e-02
  4.940740012703159e-01   1.262925804397331e-01  -5.010000000000000e-02
  4.940765521162714e-01   1.262924648875296e-01  -5.010000000000000e-02
  4.940791949379525e-01   1.262923451688660e-01  -5.010000000000000e-02
  4.940819330336503e-01   1.262922211343312e-01  -5.010000000000000e-02
  4.940847537393025e-01   1.262925131088217e-01  -5.010000000000000e-02
  4.940876739992451e-01   1.262928703054611e-01  -5.010000000000000e-02
  4.940906994705512e-01   1.262932403712102e-01  -5.010000000000000e-02
  4.940938339199477e-01   1.262936237668026e-01  -5.010000000000000e-02
  4.940970812472627e-01   1.262940209692526e-01  -5.010000000000000e-02
  4.941004454900003e-01   1.262944324724145e-01  -5.010000000000000e-02
  4.941039308280615e-01   1.262948587875601e-01  -5.010000000000000e-02
  4.941075297202521e-01   1.262953667070638e-01  -5.010000000000000e-02
  4.941111966468085e-01   1.262962359330017e-01  -5.010000000000000e-02
  4.941149954602621e-01   1.262971364220451e-01  -5.010000000000000e-02
  4.941189308658033e-01   1.262980692895351e-01  -5.010000000000000e-02
  4.941230077336686e-01   1.262990356899360e-01  -5.010000000000000e-02
  4.941272311047216e-01   1.263000368181583e-01  -5.010000000000000e-02
  4.941316061962092e-01   1.263010739109234e-01  -5.010000000000000e-02
  4.941361249007867e-01   1.263021968332229e-01  -5.010000000000000e-02
  4.941407205666591e-01   1.263036667599550e-01  -5.010000000000000e-02
  4.941454811612490e-01   1.263051894392451e-01  -5.010000000000000e-02
  4.941504125420025e-01   1.263067667446013e-01  -5.010000000000000e-02
  4.941555207698807e-01   1.263084006146258e-01  -5.010000000000000e-02
  4.941608121160976e-01   1.263100930551706e-01  -5.010000000000000e-02
  4.941662930690592e-01   1.263118461415566e-01  -5.009999999999999e-02
  4.941718849450040e-01   1.263139050570019e-01  -5.010000000000000e-02
  4.941776495276045e-01   1.263161159516260e-01  -5.009999999999999e-02
  4.941836204080994e-01   1.263184059678338e-01  -5.010000000000000e-02
  4.941898048706241e-01   1.263207778993153e-01  -5.010000000000000e-02
  4.941962104492786e-01   1.263232346356296e-01  -5.010000000000000e-02
  4.942028449361747e-01   1.263257791652908e-01  -5.010000000000000e-02
  4.942096007918932e-01   1.263286975718867e-01  -5.010000000000000e-02
  4.942165932147157e-01   1.263317314368162e-01  -5.009999999999999e-02
  4.942238351180111e-01   1.263348735460662e-01  -5.010000000000000e-02
  4.942313352551938e-01   1.263381276975588e-01  -5.009999999999999e-02
  4.942391026760014e-01   1.263414978177845e-01  -5.010000000000000e-02
  4.942470610531181e-01   1.263451765491021e-01  -5.010000000000000e-02
  4.942552629827308e-01   1.263490736095220e-01  -5.010000000000000e-02
  4.942637566481654e-01   1.263531092851433e-01  -5.010000000000000e-02
  4.942725522198608e-01   1.263572884083427e-01  -5.010000000000000e-02
  4.942816602077493e-01   1.263616159728040e-01  -5.010000000000000e-02
  4.942909807664032e-01   1.263663221341526e-01  -5.010000000000000e-02
  4.943006158291264e-01   1.263712278583081e-01  -5.010000000000000e-02
  4.943105923464720e-01   1.263763074352174e-01  -5.009999999999999e-02
  4.943209221306354e-01   1.263815668790992e-01  -5.010000000000000e-02
  4.943315558868505e-01   1.263871297963728e-01  -5.010000000000000e-02
  4.943424956279706e-01   1.263930228101119e-01  -5.010000000000001e-02
  4.943538217256195e-01   1.263991239461738e-01  -5.010000000000000e-02
  4.943655474483018e-01   1.264054403520292e-01  -5.010000000000000e-02
  4.943776302665877e-01   1.264120813979902e-01  -5.010000000000000e-02
  4.943900628740754e-01   1.264190935966904e-01  -5.010000000000000e-02
  4.944029328194056e-01   1.264263524612532e-01  -5.009999999999999e-02
  4.944162549955412e-01   1.264338663915590e-01  -5.010000000000000e-02
  4.944299483535429e-01   1.264418116252959e-01  -5.010000000000001e-02
  4.944440816507292e-01   1.264501051424631e-01  -5.010000000000000e-02
  4.944587098368422e-01   1.264586890638972e-01  -5.010000000000000e-02
  4.944738123126163e-01   1.264676356567230e-01  -5.010000000000000e-02
  4.944893424152083e-01   1.264770620251401e-01  -5.010000000000000e-02
  4.945054142044379e-01   1.264868171832601e-01  -5.010000000000000e-02
  4.945220321417551e-01   1.264969342812639e-01  -5.010000000000000e-02
  4.945391003377657e-01   1.265076105481878e-01  -5.009999999999999e-02
  4.945567612958398e-01   1.265186575916137e-01  -5.010000000000001e-02
  4.945750125098940e-01   1.265301226080043e-01  -5.010000000000000e-02
  4.945937697793585e-01   1.265421828903863e-01  -5.010000000000000e-02
  4.946131753387912e-01   1.265546600010330e-01  -5.010000000000000e-02
  4.946331895448130e-01   1.265676611621374e-01  -5.010000000000000e-02
  4.946538060597522e-01   1.265812437616050e-01  -5.010000000000000e-02
  4.946751313128566e-01   1.265952932928820e-01  -5.010000000000000e-02
  4.946970512500505e-01   1.266100304440305e-01  -5.009999999999999e-02
  4.947197012059377e-01   1.266253031313304e-01  -5.009999999999999e-02
  4.947430424749065e-01   1.266412190215624e-01  -5.010000000000000e-02
  4.947670963749422e-01   1.266577998214368e-01  -5.009999999999999e-02
  4.947919184811440e-01   1.266750168652169e-01  -5.010000000000000e-02
  4.948174615450818e-01   1.266929930437863e-01  -5.010000000000000e-02
  4.948438471489890e-01   1.267116098030969e-01  -5.010000000000000e-02
  4.948710515657910e-01   1.267309580483230e-01  -5.010000000000000e-02
  4.948991726765237e-01   1.267509582619077e-01  -5.010000000000001e-02
  4.949282388680609e-01   1.267716306330797e-01  -5.010000000000000e-02
  4.949582792289161e-01   1.267929958500860e-01  -5.009999999999999e-02
  4.949893235536634e-01   1.268150751033360e-01  -5.010000000000000e-02
  4.950214023462879e-01   1.268378900877840e-01  -5.010000000000001e-02
  4.950554630163108e-01   1.268601132717043e-01  -5.010000000000000e-02
  4.950907368420600e-01   1.268829468765090e-01  -5.010000000000000e-02
  4.951271749747601e-01   1.269065341655039e-01  -5.010000000000000e-02
  4.951648117694940e-01   1.269308973775688e-01  -5.010000000000000e-02
  4.952036823091528e-01   1.269560592227123e-01  -5.010000000000000e-02
  4.952440490221347e-01   1.269816887178277e-01  -5.010000000000000e-02
  4.952857750348029e-01   1.270080804786968e-01  -5.010000000000000e-02
  4.953288534138151e-01   1.270353276131535e-01  -5.010000000000001e-02
  4.953733223348999e-01   1.270634542673992e-01  -5.010000000000000e-02
  4.954192760680048e-01   1.270923971187885e-01  -5.009999999999999e-02
  4.954667348955928e-01   1.271222117004954e-01  -5.010000000000000e-02
  4.955157057482924e-01   1.271529761665237e-01  -5.010000000000000e-02
  4.955662287659791e-01   1.271847173817230e-01  -5.010000000000000e-02
  4.956183316199402e-01   1.272174833858805e-01  -5.010000000000000e-02
  4.956720704464868e-01   1.272512782067045e-01  -5.009999999999999e-02
  4.957274878360078e-01   1.272861286280806e-01  -5.010000000000000e-02
  4.957845629634741e-01   1.273221631939192e-01  -5.010000000000000e-02
  4.958433991497076e-01   1.273593144783594e-01  -5.010000000000000e-02
  4.959040176408477e-01   1.273976460622755e-01  -5.010000000000000e-02
  4.959664179408335e-01   1.274372567233518e-01  -5.010000000000000e-02
  4.960307114785631e-01   1.274780691799104e-01  -5.009999999999999e-02
  4.960968535541868e-01   1.275202526117804e-01  -5.010000000000000e-02
  4.961649631025548e-01   1.275637195804465e-01  -5.010000000000000e-02
  4.962350157745789e-01   1.276086073977003e-01  -5.010000000000000e-02
  4.963071059346955e-01   1.276548681568133e-01  -5.010000000000000e-02
  4.963812234152031e-01   1.277026166238779e-01  -5.010000000000000e-02
  4.964574703671132e-01   1.277517930249410e-01  -5.010000000000000e-02
  4.965358208941767e-01   1.278025356664278e-01  -5.010000000000000e-02
  4.966163726685647e-01   1.278547910166277e-01  -5.010000000000000e-02
  4.966991533240618e-01   1.279086133313080e-01  -5.010000000000000e-02
  4.967841767152117e-01   1.279640766716806e-01  -5.010000000000000e-02
  4.968715193993592e-01   1.280211577551293e-01  -5.010000000000000e-02
  4.969612184361152e-01   1.280798926039000e-01  -5.010000000000000e-02
  4.970533124832560e-01   1.281403130717832e-01  -5.010000000000000e-02
  4.971478352131149e-01   1.282024566626529e-01  -5.010000000000000e-02
  4.972448398397720e-01   1.282663289729723e-01  -5.010000000000000e-02
  4.973443615282133e-01   1.283319606250543e-01  -5.010000000000000e-02
  4.974464450117281e-01   1.283993649930465e-01  -5.010000000000000e-02
  4.975511259995058e-01   1.284685660932368e-01  -5.010000000000000e-02
  4.976584437942987e-01   1.285395791583415e-01  -5.010000000000001e-02
  4.977684285185363e-01   1.286124296283296e-01  -5.010000000000000e-02
  4.978811172600390e-01   1.286871284434646e-01  -5.010000000000000e-02
  4.979965303434761e-01   1.287637074848225e-01  -5.009999999999999e-02
  4.981147038549679e-01   1.288421702074015e-01  -5.010000000000000e-02
  4.982356514277188e-01   1.289225488734475e-01  -5.010000000000000e-02
  4.983593921909902e-01   1.290048620837972e-01  -5.010000000000000e-02
  4.984859456151379e-01   1.290891222134365e-01  -5.009999999999999e-02
  4.986153122913023e-01   1.291753639055311e-01  -5.010000000000000e-02
  4.987475122612755e-01   1.292635861845930e-01  -5.010000000000001e-02
  4.988825393773400e-01   1.293538205517144e-01  -5.010000000000000e-02
  4.990204019562148e-01   1.294460697178979e-01  -5.010000000000000e-02
  4.991611015231021e-01   1.295403391209183e-01  -5.010000000000000e-02
  4.993046378724225e-01   1.296366290066329e-01  -5.010000000000000e-02
  4.994510100435637e-01   1.297349326911679e-01  -5.010000000000000e-02
  4.996002135158164e-01   1.298352404164950e-01  -5.009999999999999e-02
  4.997522528643184e-01   1.299375202464604e-01  -5.010000000000000e-02
  4.999071127977663e-01   1.300417608490127e-01  -5.010000000000000e-02
  5.000648029689120e-01   1.301479046234001e-01  -5.010000000000001e-02
  5.002252979907887e-01   1.302559365595986e-01  -5.010000000000000e-02
  5.003885960308322e-01   1.303657969436758e-01  -5.009999999999999e-02
  5.005546791919658e-01   1.304774399857650e-01  -5.010000000000000e-02
  5.007235313563012e-01   1.305908070987632e-01  -5.010000000000000e-02
  5.008951300012877e-01   1.307058388746140e-01  -5.010000000000000e-02
  5.010694597148049e-01   1.308224547687561e-01  -5.010000000000000e-02
  5.012464819093365e-01   1.309405981841943e-01  -5.010000000000000e-02
  5.014261727758120e-01   1.310601796432281e-01  -5.010000000000001e-02
  5.016084950220738e-01   1.311811189923670e-01  -5.010000000000000e-02
  5.017934104327183e-01   1.313033265601526e-01  -5.010000000000000e-02
  5.019808856035157e-01   1.314266943359789e-01  -5.010000000000000e-02
  5.021708719762063e-01   1.315511262542821e-01  -5.010000000000000e-02
  5.023633216963076e-01   1.316765142103751e-01  -5.010000000000000e-02
  5.025581815100416e-01   1.318027474502919e-01  -5.009999999999999e-02
  5.027553967788265e-01   1.319297065257551e-01  -5.010000000000000e-02
  5.029549095814354e-01   1.320572662890170e-01  -5.010000000000000e-02
  5.031566442971672e-01   1.321853188192914e-01  -5.010000000000000e-02
  5.033605404850213e-01   1.323137220796901e-01  -5.010000000000000e-02
  5.035665197264524e-01   1.324423524052966e-01  -5.010000000000000e-02
  5.037744991981403e-01   1.325710835721329e-01  -5.010000000000000e-02
  5.039844019143430e-01   1.326997705879376e-01  -5.010000000000000e-02
  5.041961323742238e-01   1.328282895209144e-01  -5.010000000000000e-02
  5.044095940298988e-01   1.329565099452940e-01  -5.010000000000000e-02
  5.046246769869918e-01   1.330843161406655e-01  -5.010000000000000e-02
  5.048412764612407e-01   1.332115768481258e-01  -5.010000000000000e-02
  5.050592710454244e-01   1.333381827687207e-01  -5.010000000000000e-02
  5.052785415658452e-01   1.334640155401062e-01  -5.009999999999999e-02
  5.054989553478450e-01   1.335889757802841e-01  -5.010000000000000e-02
  5.057203952089405e-01   1.337129328956456e-01  -5.010000000000000e-02
  5.059427370167513e-01   1.338357644412760e-01  -5.010000000000000e-02
  5.061658116673324e-01   1.339574279540519e-01  -5.010000000000000e-02
  5.063894718565331e-01   1.340778418354549e-01  -5.010000000000000e-02
  5.066135585938693e-01   1.341969470823977e-01  -5.010000000000000e-02
  5.068379682392236e-01   1.343145806231755e-01  -5.010000000000000e-02
  5.070625049556686e-01   1.344307559342525e-01  -5.010000000000000e-02
  5.072870005410498e-01   1.345454399424641e-01  -5.010000000000000e-02
  5.075113094665570e-01   1.346585600716265e-01  -5.010000000000000e-02
  5.077352980927234e-01   1.347700238613308e-01  -5.010000000000000e-02
  5.079587560703210e-01   1.348799002008916e-01  -5.010000000000000e-02
  5.081815469178567e-01   1.349881180059902e-01  -5.010000000000000e-02
  5.084035254885163e-01   1.350946305099511e-01  -5.010000000000000e-02
  5.086244883927599e-01   1.351995234398128e-01  -5.010000000000000e-02
  5.088443470417022e-01   1.353026513346980e-01  -5.010000000000000e-02
  5.090628844979425e-01   1.354041519708764e-01  -5.010000000000000e-02
  5.092799976322989e-01   1.355039328212007e-01  -5.010000000000000e-02
  5.094955057543801e-01   1.356020809565699e-01  -5.010000000000000e-02
  5.097093018995724e-01   1.356985364323055e-01  -5.010000000000000e-02
  5.099212183249784e-01   1.357933867083335e-01  -5.010000000000000e-02
  5.101311597302312e-01   1.358865726578840e-01  -5.010000000000000e-02
  5.103389637126732e-01   1.359782002294957e-01  -5.010000000000000e-02
  5.105445553490671e-01   1.360681925341869e-01  -5.010000000000001e-02
  5.107477865990396e-01   1.361566540782338e-01  -5.010000000000000e-02
  5.109485640873319e-01   1.362435800212561e-01  -5.010000000000000e-02
  5.111468015523435e-01   1.363289640672199e-01  -5.010000000000000e-02
  5.113423896912636e-01   1.364128687657007e-01  -5.010000000000000e-02
  5.115352451660875e-01   1.364953119500605e-01  -5.010000000000000e-02
  5.117253089144450e-01   1.365762698086939e-01  -5.010000000000000e-02
  5.119124892107732e-01   1.366558103010832e-01  -5.010000000000000e-02
  5.120967269385801e-01   1.367339399483312e-01  -5.009999999999999e-02
  5.122779649594469e-01   1.368106754212597e-01  -5.010000000000000e-02
  5.124561559039883e-01   1.368860248610702e-01  -5.010000000000000e-02
  5.126312498384035e-01   1.369600167863038e-01  -5.010000000000000e-02
  5.128032136325814e-01   1.370326539384338e-01  -5.010000000000000e-02
  5.129720152092040e-01   1.371039501870724e-01  -5.009999999999999e-02
  5.131376239381860e-01   1.371739292206466e-01  -5.010000000000000e-02
  5.133000222716666e-01   1.372425965978418e-01  -5.010000000000000e-02
  5.134591962762480e-01   1.373099617384283e-01  -5.010000000000000e-02
  5.136151360858973e-01   1.373760364193370e-01  -5.010000000000000e-02
  5.137678398472518e-01   1.374408249994590e-01  -5.010000000000000e-02
  5.139173072767136e-01   1.375043391638054e-01  -5.010000000000000e-02
  5.140635419151449e-01   1.375665921226872e-01  -5.010000000000000e-02
  5.142065555469861e-01   1.376275877484526e-01  -5.010000000000000e-02
  5.143463658239690e-01   1.376873257122641e-01  -5.010000000000001e-02
  5.144829858633087e-01   1.377458253422569e-01  -5.010000000000001e-02
  5.146164325482973e-01   1.378031055921270e-01  -5.010000000000000e-02
  5.147467378523285e-01   1.378591582649882e-01  -5.010000000000000e-02
  5.148739318379734e-01   1.379139872267469e-01  -5.010000000000000e-02
  5.149980465735540e-01   1.379675987366604e-01  -5.010000000000000e-02
  5.151191131514188e-01   1.380200078510951e-01  -5.010000000000000e-02
  5.152371559605724e-01   1.380712509877262e-01  -5.009999999999999e-02
  5.153522292219371e-01   1.381213013788227e-01  -5.010000000000000e-02
  5.154643752075176e-01   1.381701650880535e-01  -5.010000000000000e-02
  5.155736244271932e-01   1.382178797481880e-01  -5.010000000000001e-02
  5.156800205028654e-01   1.382644570074536e-01  -5.010000000000000e-02
  5.157836219761770e-01   1.383098784195983e-01  -5.010000000000000e-02
  5.158844602474190e-01   1.383541908406183e-01  -5.009999999999999e-02
  5.159825901384950e-01   1.383973906548575e-01  -5.010000000000000e-02
  5.160780695628807e-01   1.384394700876750e-01  -5.010000000000000e-02
  5.161709205910299e-01   1.384805047913481e-01  -5.010000000000000e-02
  5.162612232328258e-01   1.385204411123540e-01  -5.010000000000001e-02
  5.163490063721814e-01   1.385593427530148e-01  -5.010000000000000e-02
  5.164343350910474e-01   1.385971928367540e-01  -5.009999999999999e-02
  5.165172519895469e-01   1.386340263148540e-01  -5.010000000000000e-02
  5.165978112046140e-01   1.386698527660552e-01  -5.010000000000000e-02
  5.166760606838179e-01   1.387046962449812e-01  -5.010000000000000e-02
  5.167520558258212e-01   1.387385642075647e-01  -5.010000000000000e-02
  5.168258428152999e-01   1.387714848413311e-01  -5.010000000000001e-02
  5.168974795341860e-01   1.388034598326480e-01  -5.010000000000000e-02
  5.169670056510336e-01   1.388345312774202e-01  -5.010000000000000e-02
  5.170344844475243e-01   1.388646877681539e-01  -5.010000000000000e-02
  5.170999501021442e-01   1.388939822314393e-01  -5.010000000000000e-02
  5.171634640107472e-01   1.389224057808310e-01  -5.010000000000000e-02
  5.172250699805256e-01   1.389499877480656e-01  -5.010000000000000e-02
  5.172848140121943e-01   1.389767513354819e-01  -5.010000000000000e-02
  5.173427484292208e-01   1.390027042682049e-01  -5.010000000000000e-02
  5.173989174101812e-01   1.390278709920833e-01  -5.010000000000001e-02
  5.174533674753642e-01   1.390522691579367e-01  -5.010000000000000e-02
  5.175061439532339e-01   1.390759174172343e-01  -5.010000000000000e-02
  5.175572902520959e-01   1.390988369658869e-01  -5.010000000000000e-02
  5.176068502583645e-01   1.391210461195151e-01  -5.010000000000000e-02
  5.176548668272242e-01   1.391425636178932e-01  -5.010000000000000e-02
  5.177013850487238e-01   1.391634012783463e-01  -5.010000000000000e-02
  5.177464454909529e-01   1.391835790314686e-01  -5.010000000000000e-02
  5.177900859678870e-01   1.392031209339922e-01  -5.010000000000001e-02
  5.178323461844624e-01   1.392220447655119e-01  -5.010000000000000e-02
  5.178732724215197e-01   1.392403515269192e-01  -5.010000000000000e-02
  5.179128958283323e-01   1.392580739237481e-01  -5.010000000000000e-02
  5.179512531491918e-01   1.392752300371731e-01  -5.010000000000000e-02
  5.179883809469376e-01   1.392918362206884e-01  -5.010000000000000e-02
  5.180243252168297e-01   1.393078855751641e-01  -5.009999999999999e-02
  5.180591124823044e-01   1.393234126381154e-01  -5.010000000000000e-02
  5.180927747383376e-01   1.393384375606373e-01  -5.010000000000000e-02
  5.181253453717647e-01   1.393529752447204e-01  -5.010000000000000e-02
  5.181568583664125e-01   1.393670371247370e-01  -5.010000000000000e-02
  5.181873569203954e-01   1.393806118472685e-01  -5.010000000000000e-02
  5.182168588231595e-01   1.393937429663503e-01  -5.010000000000000e-02
  5.182453943448411e-01   1.394064439550377e-01  -5.010000000000000e-02
  5.182729929900197e-01   1.394187279456411e-01  -5.010000000000000e-02
  5.182996835064787e-01   1.394306077336256e-01  -5.009999999999999e-02
  5.183255003017899e-01   1.394420813646086e-01  -5.009999999999999e-02
  5.183504705823996e-01   1.394531611013082e-01  -5.010000000000000e-02
  5.183746141125876e-01   1.394638739948340e-01  -5.010000000000000e-02
  5.183979567272330e-01   1.394742315085599e-01  -5.010000000000000e-02
  5.184205235573289e-01   1.394842447935332e-01  -5.009999999999999e-02
  5.184423390420497e-01   1.394939246938299e-01  -5.010000000000000e-02
  5.184634269411478e-01   1.395032817520547e-01  -5.010000000000000e-02
  5.184837294939283e-01   1.395125048276664e-01  -5.010000000000001e-02
  5.185032982228816e-01   1.395215396297183e-01  -5.010000000000000e-02
  5.185219752168728e-01   1.395307628088184e-01  -5.010000000000000e-02
  5.185399829256164e-01   1.395397640592676e-01  -5.010000000000000e-02
  5.185571121250818e-01   1.395489894677542e-01  -5.010000000000000e-02
  5.185736483963385e-01   1.395579336177182e-01  -5.010000000000000e-02
  5.185893537651731e-01   1.395670649866087e-01  -5.010000000000000e-02
  5.186045291094285e-01   1.395758881901828e-01  -5.010000000000000e-02
  5.186188981740779e-01   1.395848986425936e-01  -5.010000000000000e-02
  5.186327729507767e-01   1.395936177645628e-01  -5.010000000000000e-02
  5.186459374110300e-01   1.396024089224911e-01  -5.010000000000000e-02
  5.186585803560018e-01   1.396110167949383e-01  -5.010000000000000e-02
  5.186706575047765e-01   1.396195247672189e-01  -5.010000000000000e-02
  5.186821262267717e-01   1.396280223595456e-01  -5.010000000000000e-02
  5.186932048318145e-01   1.396362309000648e-01  -5.010000000000000e-02
  5.187035885743819e-01   1.396445697362342e-01  -5.009999999999999e-02
  5.187135827531976e-01   1.396526703991082e-01  -5.010000000000001e-02
  5.187231489789594e-01   1.396605969505086e-01  -5.010000000000000e-02
  5.187320963753278e-01   1.396685960880888e-01  -5.010000000000000e-02
  5.187407380308793e-01   1.396763218877328e-01  -5.010000000000000e-02
  5.187489305268658e-01   1.396839462561962e-01  -5.009999999999999e-02
  5.187565908566137e-01   1.396915764535281e-01  -5.010000000000000e-02
  5.187639888056242e-01   1.396989453022147e-01  -5.010000000000000e-02
  5.187709906307796e-01   1.397061961531595e-01  -5.010000000000001e-02
  5.187774554877280e-01   1.397134785138209e-01  -5.010000000000000e-02
  5.187836984397388e-01   1.397205109088912e-01  -5.010000000000000e-02
  5.187897095140295e-01   1.397273162013994e-01  -5.010000000000000e-02
  5.187950637622971e-01   1.397342602676214e-01  -5.010000000000001e-02
  5.188002338754975e-01   1.397409655242035e-01  -5.010000000000000e-02
  5.188052260806597e-01   1.397474400471445e-01  -5.010000000000000e-02
  5.188097988742815e-01   1.397538671831621e-01  -5.010000000000001e-02
  5.188139558968227e-01   1.397602560388444e-01  -5.010000000000000e-02
  5.188179696353837e-01   1.397664246838683e-01  -5.010000000000000e-02
  5.188218449575093e-01   1.397723805990787e-01  -5.010000000000000e-02
  5.188252588547491e-01   1.397783235226496e-01  -5.010000000000001e-02
  5.188283491124310e-01   1.397841821865870e-01  -5.010000000000000e-02
  5.188313326472562e-01   1.397898385200340e-01  -5.010000000000001e-02
  5.188342130989678e-01   1.397952994233964e-01  -5.010000000000000e-02
  5.188368088766309e-01   1.398006570834796e-01  -5.010000000000000e-02
  5.188389441525438e-01   1.398060007483287e-01  -5.010000000000000e-02
  5.188410055612449e-01   1.398111595557445e-01  -5.010000000000000e-02
  5.188429956304943e-01   1.398161398316097e-01  -5.010000000000000e-02
  5.188449168034390e-01   1.398209476900560e-01  -5.010000000000000e-02
  5.188464865090101e-01   1.398256835752037e-01  -5.010000000000000e-02
  5.188477295001664e-01   1.398303457423387e-01  -5.010000000000001e-02
  5.188489294139926e-01   1.398348463365525e-01  -5.010000000000000e-02
  5.188500877299238e-01   1.398391909068571e-01  -5.010000000000000e-02
  5.188512058775072e-01   1.398433848151478e-01  -5.010000000000000e-02
  5.188522852380214e-01   1.398474332422752e-01  -5.010000000000000e-02
  5.188528454469572e-01   1.398514357234021e-01  -5.010000000000000e-02
  5.188533399602382e-01   1.398553083608480e-01  -5.010000000000000e-02
  5.188538173050472e-01   1.398590465483812e-01  -5.010000000000000e-02
  5.188542780731056e-01   1.398626549198955e-01  -5.010000000000000e-02
  5.188547228360373e-01   1.398661379518991e-01  -5.010000000000000e-02
  5.188551521460315e-01   1.398694999687013e-01  -5.010000000000000e-02
  5.188555125551073e-01   1.398727480734500e-01  -5.010000000000000e-02
  5.188554534929442e-01   1.398759053312571e-01  -5.010000000000000e-02
  5.188553964842460e-01   1.398789528179742e-01  -5.010000000000000e-02
  5.188553414580366e-01   1.398818943277375e-01  -5.010000000000000e-02
  5.188552883457642e-01   1.398847335250760e-01  -5.010000000000000e-02
  5.188552370812213e-01   1.398874739492335e-01  -5.010000000000000e-02
  5.188551876004650e-01   1.398901190183538e-01  -5.010000000000000e-02
  5.188551398417427e-01   1.398926720335330e-01  -5.010000000000000e-02
  5.188550937454176e-01   1.398951361827421e-01  -5.010000000000000e-02
  5.188549657254895e-01   1.398975065549840e-01  -5.010000000000000e-02
  5.188545727241957e-01   1.398997686187689e-01  -5.010000000000000e-02
  5.188541934093426e-01   1.399019519052003e-01  -5.010000000000000e-02
  5.188538273063181e-01   1.399040591460832e-01  -5.010000000000000e-02
  5.188534739568296e-01   1.399060929792894e-01  -5.010000000000000e-02
  5.188531329183523e-01   1.399080559519329e-01  -5.010000000000000e-02
  5.188528037635960e-01   1.399099505234411e-01  -5.010000000000000e-02
  5.188524860799884e-01   1.399117790685257e-01  -5.010000000000000e-02
  5.188521794691758e-01   1.399135438800568e-01  -5.009999999999999e-02
  5.188518835465410e-01   1.399152471718417e-01  -5.010000000000000e-02
  5.188515979407357e-01   1.399168910813129e-01  -5.010000000000000e-02
  5.188513222932289e-01   1.399184776721267e-01  -5.009999999999999e-02
  5.188510562578707e-01   1.399200089366766e-01  -5.010000000000000e-02
  5.188507995004700e-01   1.399214867985230e-01  -5.010000000000000e-02
