689
  4.935690389524700e-01   1.258830527555230e-01  -5.010000000000000e-02
  4.935678554997645e-01   1.258839744060499e-01  -5.010000000000000e-02
  4.935666516867951e-01   1.258849119127642e-01  -5.010000000000001e-02
  4.935654271652943e-01   1.258858655468901e-01  -5.010000000000001e-02
  4.935641815811074e-01   1.258868355842366e-01  -5.010000000000000e-02
  4.935629145740955e-01   1.258878223052730e-01  -5.010000000000000e-02
  4.935616257780365e-01   1.258888259952059e-01  -5.010000000000000e-02
  4.935603148205262e-01   1.258898469440572e-01  -5.009999999999999e-02
  4.935589813228746e-01   1.258908854467429e-01  -5.010000000000001e-02
  4.935576249000047e-01   1.258919418031540e-01  -5.010000000000000e-02
  4.935562451603464e-01   1.258930163182378e-01  -5.010000000000000e-02
  4.935550571149819e-01   1.258943212682206e-01  -5.010000000000001e-02
  4.935539684921424e-01   1.258957665699254e-01  -5.010000000000000e-02
  4.935528611623402e-01   1.258972367077849e-01  -5.010000000000000e-02
  4.935517348063469e-01   1.258987321056198e-01  -5.010000000000000e-02
  4.935505890995646e-01   1.259002531943803e-01  -5.010000000000000e-02
  4.935494237119378e-01   1.259018004122622e-01  -5.010000000000000e-02
  4.935482383078644e-01   1.259033742048247e-01  -5.010000000000000e-02
  4.935470325461057e-01   1.259049750251108e-01  -5.010000000000000e-02
  4.935458060796945e-01   1.259066033337689e-01  -5.010000000000000e-02
  4.935445585558422e-01   1.259082595991760e-01  -5.010000000000000e-02
  4.935433275227289e-01   1.259099681127265e-01  -5.010000000000000e-02
  4.935423438700429e-01   1.259118746452052e-01  -5.009999999999999e-02
  4.935413433356532e-01   1.259138138980913e-01  -5.010000000000000e-02
  4.935403256322239e-01   1.259157864283036e-01  -5.010000000000000e-02
  4.935392904676121e-01   1.259177928020790e-01  -5.009999999999999e-02
  4.935382375447896e-01   1.259198335951225e-01  -5.010000000000000e-02
  4.935371665617646e-01   1.259219093927598e-01  -5.010000000000000e-02
  4.935360772115016e-01   1.259240207900920e-01  -5.010000000000000e-02
  4.935349691818409e-01   1.259261683921529e-01  -5.010000000000000e-02
  4.935338421554155e-01   1.259283528140681e-01  -5.010000000000000e-02
  4.935326958095688e-01   1.259305746812167e-01  -5.010000000000000e-02
  4.935316608939535e-01   1.259328932303456e-01  -5.010000000000000e-02
  4.935307387886701e-01   1.259353098739323e-01  -5.010000000000000e-02
  4.935298008844211e-01   1.259377679232779e-01  -5.010000000000001e-02
  4.935288469132175e-01   1.259402680807248e-01  -5.010000000000000e-02
  4.935278766026185e-01   1.259428110602831e-01  -5.010000000000000e-02
  4.935268896756607e-01   1.259453975878153e-01  -5.010000000000000e-02
  4.935258858507867e-01   1.259480284012244e-01  -5.010000000000000e-02
  4.935248648417718e-01   1.259507042506446e-01  -5.010000000000001e-02
  4.935238263576507e-01   1.259534258986347e-01  -5.010000000000000e-02
  4.935227701026427e-01   1.259561941203735e-01  -5.010000000000000e-02
  4.935217026647263e-01   1.259590120283678e-01  -5.010000000000000e-02
  4.935208368468046e-01   1.259619523350586e-01  -5.010000000000000e-02
  4.935199562212957e-01   1.259649429281277e-01  -5.010000000000000e-02
  4.935190605379624e-01   1.259679846573778e-01  -5.010000000000000e-02
  4.935181495424429e-01   1.259710783866185e-01  -5.010000000000000e-02
  4.935172229761864e-01   1.259742249938845e-01  -5.010000000000000e-02
  4.935162805763882e-01   1.259774253716574e-01  -5.010000000000000e-02
  4.935153220759235e-01   1.259806804270899e-01  -5.010000000000001e-02
  4.935143472032801e-01   1.259839910822334e-01  -5.010000000000000e-02
  4.935133556824911e-01   1.259873582742689e-01  -5.010000000000000e-02
  4.935123472330653e-01   1.259907829557401e-01  -5.010000000000000e-02
  4.935115067858822e-01   1.259943148725330e-01  -5.010000000000000e-02
  4.935106697369384e-01   1.259979117354800e-01  -5.010000000000000e-02
  4.935098184067102e-01   1.260015699661918e-01  -5.010000000000000e-02
  4.935089525550415e-01   1.260052905966372e-01  -5.010000000000000e-02
  4.935080719378591e-01   1.260090746756172e-01  -5.010000000000000e-02
  4.935071763071132e-01   1.260129232690211e-01  -5.010000000000000e-02
  4.935062654107166e-01   1.260168374600867e-01  -5.010000000000000e-02
  4.935053389924838e-01   1.260208183496628e-01  -5.009999999999999e-02
  4.935043967920686e-01   1.260248670564761e-01  -5.010000000000000e-02
  4.935034890941889e-01   1.260289953330225e-01  -5.010000000000000e-02
  4.935026967136431e-01   1.260332213625998e-01  -5.010000000000000e-02
  4.935018908453533e-01   1.260375193268121e-01  -5.010000000000000e-02
  4.935010712635949e-01   1.260418904295240e-01  -5.010000000000000e-02
  4.935002377389991e-01   1.260463358940345e-01  -5.010000000000000e-02
  4.934993900384993e-01   1.260508569633669e-01  -5.010000000000000e-02
  4.934985279252755e-01   1.260554549005603e-01  -5.010000000000000e-02
  4.934976511586994e-01   1.260601309889661e-01  -5.010000000000000e-02
  4.934967594942781e-01   1.260648865325469e-01  -5.010000000000000e-02
  4.934958855412054e-01   1.260697284262738e-01  -5.010000000000000e-02
  4.934951352373966e-01   1.260746760178597e-01  -5.010000000000001e-02
  4.934943721967093e-01   1.260797075979214e-01  -5.010000000000000e-02
  4.934935962071815e-01   1.260848245641612e-01  -5.010000000000000e-02
  4.934928070534707e-01   1.260900283365720e-01  -5.010000000000000e-02
  4.934920045168053e-01   1.260953203577592e-01  -5.010000000000000e-02
  4.934911883749354e-01   1.261007020932661e-01  -5.009999999999999e-02
  4.934903584020824e-01   1.261061750319024e-01  -5.010000000000000e-02
  4.934895143688893e-01   1.261117406860765e-01  -5.010000000000000e-02
  4.934887616708948e-01   1.261174151061597e-01  -5.010000000000000e-02
  4.934880497445967e-01   1.261231929375422e-01  -5.010000000000000e-02
  4.934873257711487e-01   1.261290685408440e-01  -5.010000000000001e-02
  4.934865895513856e-01   1.261350435324445e-01  -5.010000000000000e-02
  4.934858408830117e-01   1.261411195541306e-01  -5.010000000000000e-02
  4.934850795605567e-01   1.261472982734508e-01  -5.010000000000000e-02
  4.934843053753323e-01   1.261535813840719e-01  -5.010000000000000e-02
  4.934835181153876e-01   1.261599706061399e-01  -5.010000000000000e-02
  4.934828215194033e-01   1.261664792730826e-01  -5.010000000000000e-02
  4.934821609367397e-01   1.261731030922431e-01  -5.010000000000001e-02
  4.934814892121303e-01   1.261798386343380e-01  -5.010000000000001e-02
  4.934808061626269e-01   1.261866877338336e-01  -5.010000000000000e-02
  4.934801116024485e-01   1.261936522535980e-01  -5.010000000000000e-02
  4.934794053429443e-01   1.262007340852810e-01  -5.010000000000000e-02
  4.934786871925543e-01   1.262079351496970e-01  -5.009999999999999e-02
  4.934779910162081e-01   1.262152604548776e-01  -5.010000000000000e-02
  4.934773955347481e-01   1.262227190659762e-01  -5.010000000000000e-02
  4.934767900419106e-01   1.262303030730371e-01  -5.010000000000000e-02
  4.934761743744284e-01   1.262380145210401e-01  -5.010000000000000e-02
  4.934755483665450e-01   1.262458554861414e-01  -5.010000000000000e-02
  4.934749118499830e-01   1.262538280760747e-01  -5.010000000000000e-02
  4.934742646539118e-01   1.262619344305528e-01  -5.010000000000000e-02
  4.934736461294252e-01   1.262701795335144e-01  -5.010000000000000e-02
  4.934731220766023e-01   1.262785702835018e-01  -5.010000000000000e-02
  4.934725892454336e-01   1.262871015859319e-01  -5.010000000000000e-02
  4.934720474938632e-01   1.262957757153014e-01  -5.010000000000000e-02
  4.934714966777074e-01   1.263045949801730e-01  -5.010000000000000e-02
  4.934709366506291e-01   1.263135617235908e-01  -5.010000000000000e-02
  4.934703672641114e-01   1.263226783234975e-01  -5.010000000000000e-02
  4.934698985603613e-01   1.263319532312968e-01  -5.009999999999999e-02
  4.934694539359441e-01   1.263413847067955e-01  -5.010000000000000e-02
  4.934690018943213e-01   1.263509735177643e-01  -5.010000000000000e-02
  4.934685423165125e-01   1.263607221880468e-01  -5.010000000000000e-02
  4.934680750817912e-01   1.263706332785199e-01  -5.010000000000000e-02
  4.934676000676651e-01   1.263807093875175e-01  -5.010000000000001e-02
  4.934672152691683e-01   1.263909571118521e-01  -5.010000000000000e-02
  4.934668652550919e-01   1.264013768936478e-01  -5.010000000000000e-02
  4.934665094251162e-01   1.264119698124843e-01  -5.010000000000000e-02
  4.934661476867337e-01   1.264227386222735e-01  -5.010000000000000e-02
  4.934657799461066e-01   1.264336861165294e-01  -5.009999999999999e-02
  4.934654108311317e-01   1.264448152582541e-01  -5.010000000000000e-02
  4.934651705424101e-01   1.264561324929668e-01  -5.010000000000000e-02
  4.934649262754231e-01   1.264676370979520e-01  -5.010000000000001e-02
  4.934646779673841e-01   1.264793320303625e-01  -5.010000000000000e-02
  4.934644255546207e-01   1.264912202890770e-01  -5.010000000000001e-02
  4.934641689725655e-01   1.265033049151177e-01  -5.010000000000000e-02
  4.934640108225562e-01   1.265155905852778e-01  -5.010000000000000e-02
  4.934638883633075e-01   1.265280794535035e-01  -5.009999999999999e-02
  4.934637638862506e-01   1.265407741056021e-01  -5.010000000000000e-02
  4.934636373598682e-01   1.265536777558679e-01  -5.009999999999999e-02
  4.934635087522089e-01   1.265667936627967e-01  -5.010000000000000e-02
  4.934634902173290e-01   1.265801256181008e-01  -5.009999999999999e-02
  4.934635050480239e-01   1.265936766359278e-01  -5.010000000000001e-02
  4.934635201220246e-01   1.266074499656450e-01  -5.010000000000000e-02
  4.934635354430951e-01   1.266214490466740e-01  -5.009999999999999e-02
  4.934635703338332e-01   1.266356772444314e-01  -5.010000000000000e-02
  4.934637343984953e-01   1.266501374093130e-01  -5.010000000000000e-02
  4.934639011445852e-01   1.266648339071501e-01  -5.010000000000000e-02
  4.934640706132438e-01   1.266797703639965e-01  -5.010000000000000e-02
  4.934642428461527e-01   1.266949504535254e-01  -5.010000000000000e-02
  4.934645395665850e-01   1.267103759120488e-01  -5.009999999999999e-02
  4.934648732545246e-01   1.267260519381755e-01  -5.010000000000000e-02
  4.934652123684289e-01   1.267419828658269e-01  -5.009999999999999e-02
  4.934655569906113e-01   1.267581725619253e-01  -5.010000000000000e-02
  4.934659677189208e-01   1.267746235035113e-01  -5.010000000000000e-02
  4.934664070021393e-01   1.267913405513902e-01  -5.009999999999999e-02
  4.934668533969564e-01   1.268083282331779e-01  -5.010000000000000e-02
  4.934673070101977e-01   1.268255906141550e-01  -5.010000000000000e-02
  4.934677679500135e-01   1.268431318100073e-01  -5.010000000000001e-02
  4.934682363258852e-01   1.268609559870819e-01  -5.010000000000000e-02
  4.934687122486319e-01   1.268790673626307e-01  -5.010000000000000e-02
  4.934691958304162e-01   1.268974702050386e-01  -5.010000000000000e-02
  4.934696871847503e-01   1.269161688340392e-01  -5.010000000000000e-02
  4.934701864265008e-01   1.269351676209134e-01  -5.009999999999999e-02
  4.934706936718935e-01   1.269544709886732e-01  -5.010000000000000e-02
  4.934712090385183e-01   1.269740834122284e-01  -5.010000000000000e-02
  4.934717326453325e-01   1.269940094185359e-01  -5.010000000000000e-02
  4.934720921023047e-01   1.270142572798122e-01  -5.010000000000000e-02
  4.934724323347292e-01   1.270348285275443e-01  -5.010000000000000e-02
  4.934727779844991e-01   1.270557273206438e-01  -5.010000000000001e-02
  4.934731291299648e-01   1.270769583963595e-01  -5.010000000000000e-02
  4.934734858503452e-01   1.270985265444551e-01  -5.010000000000000e-02
  4.934738482257284e-01   1.271204366072370e-01  -5.010000000000000e-02
  4.934742163370716e-01   1.271426934795587e-01  -5.009999999999999e-02
  4.934745902662002e-01   1.271653021088005e-01  -5.010000000000000e-02
  4.934749700958084e-01   1.271882674948253e-01  -5.010000000000000e-02
  4.934753559094568e-01   1.272115946899067e-01  -5.010000000000000e-02
  4.934758311535401e-01   1.272352868381448e-01  -5.010000000000000e-02
  4.934765648971748e-01   1.272593451221918e-01  -5.010000000000000e-02
  4.934773101435174e-01   1.272837805616905e-01  -5.009999999999999e-02
  4.934780670529576e-01   1.273085984155653e-01  -5.009999999999999e-02
  4.934788357874591e-01   1.273338039943529e-01  -5.010000000000000e-02
  4.934796165105524e-01   1.273594026599534e-01  -5.010000000000000e-02
  4.934804093873259e-01   1.273853998253481e-01  -5.010000000000000e-02
  4.934812145844160e-01   1.274118009542827e-01  -5.010000000000000e-02
  4.934820322699965e-01   1.274386115609156e-01  -5.010000000000000e-02
  4.934830831211573e-01   1.274658281163126e-01  -5.010000000000000e-02
  4.934845190544742e-01   1.274934499766925e-01  -5.010000000000000e-02
  4.934859771305351e-01   1.275214977787056e-01  -5.010000000000000e-02
  4.934874576459937e-01   1.275499772288357e-01  -5.010000000000000e-02
  4.934889609000009e-01   1.275788940816012e-01  -5.010000000000000e-02
  4.934904871941743e-01   1.276082541389648e-01  -5.010000000000000e-02
  4.934920368325644e-01   1.276380632497001e-01  -5.009999999999999e-02
  4.934936101216203e-01   1.276683273087124e-01  -5.010000000000000e-02
  4.934958111648039e-01   1.276990133660080e-01  -5.010000000000000e-02
  4.934982045626339e-01   1.277301554705738e-01  -5.010000000000000e-02
  4.935006342470054e-01   1.277617697236704e-01  -5.010000000000000e-02
  4.935031006838091e-01   1.277938621873139e-01  -5.010000000000000e-02
  4.935056043421594e-01   1.278264389654674e-01  -5.010000000000000e-02
  4.935081456943196e-01   1.278595062030653e-01  -5.010000000000001e-02
  4.935108963393844e-01   1.278930546927389e-01  -5.010000000000000e-02
  4.935143994844429e-01   1.279270418408382e-01  -5.010000000000001e-02
  4.935179549842015e-01   1.279615369287808e-01  -5.010000000000000e-02
  4.935215634862907e-01   1.279965462398093e-01  -5.010000000000000e-02
  4.935252256419662e-01   1.280320760923368e-01  -5.010000000000000e-02
  4.935289421059728e-01   1.280681328386290e-01  -5.010000000000000e-02
  4.935330680513652e-01   1.281046816152681e-01  -5.010000000000000e-02
  4.935378679798708e-01   1.281416981399335e-01  -5.010000000000000e-02
  4.935427385103335e-01   1.281792591391865e-01  -5.010000000000000e-02
  4.935476804795783e-01   1.282173710665281e-01  -5.010000000000000e-02
  4.935526947278304e-01   1.282560404016842e-01  -5.010000000000001e-02
  4.935579457663455e-01   1.282952502466092e-01  -5.010000000000000e-02
  4.935641459663323e-01   1.283349053898507e-01  -5.010000000000000e-02
  4.935704360432823e-01   1.283751353667839e-01  -5.010000000000000e-02
  4.935768170201140e-01   1.284159467197758e-01  -5.010000000000000e-02
  4.935832899223929e-01   1.284573460081213e-01  -5.010000000000000e-02
  4.935903479407154e-01   1.284992563544432e-01  -5.010000000000000e-02
  4.935981015116555e-01   1.285416657945477e-01  -5.010000000000000e-02
  4.936059657014251e-01   1.285846802826576e-01  -5.010000000000000e-02
  4.936139417124575e-01   1.286283063956798e-01  -5.010000000000000e-02
  4.936222204335515e-01   1.286725135652504e-01  -5.010000000000000e-02
  4.936315497971263e-01   1.287171621258659e-01  -5.009999999999999e-02
  4.936410104399125e-01   1.287624389638321e-01  -5.010000000000000e-02
  4.936506037311657e-01   1.288083506321452e-01  -5.010000000000000e-02
  4.936606053355906e-01   1.288548428284290e-01  -5.010000000000000e-02
  4.936716280615465e-01   1.289017864495583e-01  -5.009999999999999e-02
  4.936828036200993e-01   1.289493809546486e-01  -5.010000000000000e-02
  4.936941335335586e-01   1.289976328269161e-01  -5.010000000000000e-02
  4.937063306864837e-01   1.290463725058883e-01  -5.010000000000000e-02
  4.937191553337960e-01   1.290956661399447e-01  -5.010000000000000e-02
  4.937321550016326e-01   1.291456324940741e-01  -5.009999999999999e-02
  4.937456146776217e-01   1.291962006702083e-01  -5.010000000000000e-02
  4.937601658464790e-01   1.292472052536542e-01  -5.010000000000000e-02
  4.937749131034959e-01   1.292988971629774e-01  -5.010000000000000e-02
  4.937899715482285e-01   1.293512489015203e-01  -5.010000000000000e-02
  4.938063170817287e-01   1.294039767536838e-01  -5.010000000000000e-02
  4.938228799673644e-01   1.294574057460864e-01  -5.010000000000000e-02
  4.938398411016104e-01   1.295114842714545e-01  -5.010000000000000e-02
  4.938580507003334e-01   1.295659450560135e-01  -5.010000000000000e-02
  4.938764990585212e-01   1.296211199160430e-01  -5.010000000000000e-02
  4.938956422503003e-01   1.296768574411981e-01  -5.010000000000000e-02
  4.939157832915151e-01   1.297330591608115e-01  -5.010000000000000e-02
  4.939361845302557e-01   1.297899869376448e-01  -5.010000000000000e-02
  4.939577628113502e-01   1.298473077613217e-01  -5.010000000000000e-02
  4.939799014965571e-01   1.299052561738416e-01  -5.010000000000000e-02
  4.940026649898605e-01   1.299638064476609e-01  -5.010000000000000e-02
  4.940265709444757e-01   1.300227609269924e-01  -5.010000000000000e-02
  4.940507776440092e-01   1.300824570734258e-01  -5.010000000000000e-02
  4.940764019466764e-01   1.301424350990656e-01  -5.010000000000000e-02
  4.941024212515539e-01   1.302031273807856e-01  -5.010000000000000e-02
  4.941295795013303e-01   1.302642106276582e-01  -5.009999999999999e-02
  4.941574284259409e-01   1.303258878185928e-01  -5.010000000000000e-02
  4.941862691559619e-01   1.303880172031043e-01  -5.010000000000000e-02
  4.942159750906369e-01   1.304506628706789e-01  -5.010000000000000e-02
  4.942466349326110e-01   1.305137756661266e-01  -5.010000000000000e-02
  4.942782263217075e-01   1.305773717037698e-01  -5.010000000000000e-02
  4.943108211619032e-01   1.306414071705591e-01  -5.010000000000000e-02
  4.943443090529729e-01   1.307059431206351e-01  -5.010000000000000e-02
  4.943789463293093e-01   1.307708374810448e-01  -5.010000000000000e-02
  4.944143615655506e-01   1.308362917846025e-01  -5.010000000000000e-02
  4.944511298288385e-01   1.309019851162135e-01  -5.010000000000000e-02
  4.944885980854715e-01   1.309682796694307e-01  -5.010000000000000e-02
  4.945274771591671e-01   1.310347684345435e-01  -5.009999999999999e-02
  4.945672435027959e-01   1.311017461222049e-01  -5.009999999999999e-02
  4.946080804192607e-01   1.311691074365713e-01  -5.010000000000000e-02
  4.946502049674227e-01   1.312367088727153e-01  -5.010000000000000e-02
  4.946932339327431e-01   1.313047858588405e-01  -5.010000000000000e-02
  4.947375695249204e-01   1.313730799604397e-01  -5.010000000000001e-02
  4.947830649274648e-01   1.314416734966983e-01  -5.010000000000000e-02
  4.948295667575537e-01   1.315106668854135e-01  -5.010000000000000e-02
  4.948774021231248e-01   1.315798326596518e-01  -5.010000000000000e-02
  4.949264542835754e-01   1.316492376003392e-01  -5.010000000000000e-02
  4.949765948395206e-01   1.317189678559822e-01  -5.010000000000000e-02
  4.950279405821828e-01   1.317889347563047e-01  -5.010000000000000e-02
  4.950806873345135e-01   1.318589798854520e-01  -5.009999999999999e-02
  4.951345841436861e-01   1.319292801528468e-01  -5.010000000000000e-02
  4.951896609277317e-01   1.319998071904117e-01  -5.010000000000000e-02
  4.952459895562251e-01   1.320704965241914e-01  -5.010000000000000e-02
  4.953037337376257e-01   1.321412017859137e-01  -5.010000000000000e-02
  4.953626918609514e-01   1.322120731764435e-01  -5.010000000000000e-02
  4.954228858276576e-01   1.322830832660392e-01  -5.010000000000001e-02
  4.954843341715595e-01   1.323542058866504e-01  -5.010000000000000e-02
  4.955470505202755e-01   1.324254176041294e-01  -5.010000000000000e-02
  4.956111868583558e-01   1.324965675338574e-01  -5.010000000000000e-02
  4.956765987602471e-01   1.325677682585851e-01  -5.010000000000000e-02
  4.957432898658428e-01   1.326390028894950e-01  -5.010000000000000e-02
  4.958112679130616e-01   1.327102499613163e-01  -5.010000000000000e-02
  4.958805372328882e-01   1.327814902499023e-01  -5.010000000000001e-02
  4.959511016511956e-01   1.328527041186886e-01  -5.009999999999999e-02
  4.960229659759824e-01   1.329238701407306e-01  -5.010000000000000e-02
  4.960961299074737e-01   1.329949711724939e-01  -5.010000000000000e-02
  4.961706072087965e-01   1.330659745294802e-01  -5.010000000000000e-02
  4.962464156964728e-01   1.331368411967777e-01  -5.010000000000000e-02
  4.963235057169629e-01   1.332076041329293e-01  -5.010000000000000e-02
  4.964018796426961e-01   1.332782412704968e-01  -5.010000000000000e-02
  4.964815377310403e-01   1.333487319910655e-01  -5.010000000000000e-02
  4.965624622380931e-01   1.334190756183243e-01  -5.010000000000000e-02
  4.966446546875339e-01   1.334892489100059e-01  -5.010000000000000e-02
  4.967281049213153e-01   1.335592418056642e-01  -5.010000000000001e-02
  4.968128058904723e-01   1.336290399777449e-01  -5.010000000000001e-02
  4.968987506678672e-01   1.336986285348061e-01  -5.010000000000000e-02
  4.969859246390933e-01   1.337680016893471e-01  -5.010000000000000e-02
  4.970743198096413e-01   1.338371449696393e-01  -5.010000000000000e-02
  4.971639248537429e-01   1.339060478472172e-01  -5.010000000000000e-02
  4.972547299215940e-01   1.339746973195796e-01  -5.010000000000000e-02
  4.973467198976093e-01   1.340430871374846e-01  -5.010000000000000e-02
  4.974398788507952e-01   1.341112118376076e-01  -5.010000000000000e-02
  4.975341954860292e-01   1.341790594247290e-01  -5.010000000000000e-02
  4.976296544264472e-01   1.342466232223021e-01  -5.010000000000000e-02
  4.977262405548110e-01   1.343138958757043e-01  -5.010000000000000e-02
  4.978239424054699e-01   1.343808644351189e-01  -5.010000000000000e-02
  4.979227420047846e-01   1.344475251086747e-01  -5.010000000000000e-02
  4.980226214140142e-01   1.345138738091427e-01  -5.010000000000000e-02
  4.981235640097710e-01   1.345799043234806e-01  -5.009999999999999e-02
  4.982255509448621e-01   1.346456136052221e-01  -5.010000000000000e-02
  4.983285673973634e-01   1.347109920675560e-01  -5.009999999999999e-02
  4.984325944342251e-01   1.347760363266152e-01  -5.010000000000000e-02
  4.985376145011533e-01   1.348407404848456e-01  -5.010000000000001e-02
  4.986436042710166e-01   1.349051079329879e-01  -5.010000000000000e-02
  4.987505523971427e-01   1.349691219612714e-01  -5.009999999999999e-02
  4.988584338448959e-01   1.350327885111584e-01  -5.010000000000000e-02
  4.989672327981995e-01   1.350960975814738e-01  -5.010000000000000e-02
  4.990769239356860e-01   1.351590554581844e-01  -5.010000000000000e-02
  4.991874931586857e-01   1.352216485191900e-01  -5.009999999999999e-02
  4.992989200046263e-01   1.352838740794523e-01  -5.010000000000001e-02
  4.994111833234954e-01   1.353457303506803e-01  -5.010000000000000e-02
  4.995242577526440e-01   1.354072231764047e-01  -5.010000000000000e-02
  4.996381284558127e-01   1.354683387529341e-01  -5.010000000000000e-02
  4.997527713653206e-01   1.355290802324954e-01  -5.009999999999999e-02
  4.998681631138362e-01   1.355894492538387e-01  -5.010000000000000e-02
  4.999842872419680e-01   1.356494340339415e-01  -5.009999999999999e-02
  5.001011224224760e-01   1.357090318422475e-01  -5.010000000000000e-02
  5.002186439918269e-01   1.357682462812939e-01  -5.010000000000000e-02
  5.003368328208310e-01   1.358270697854329e-01  -5.010000000000000e-02
  5.004556656675201e-01   1.358855028956207e-01  -5.010000000000000e-02
  5.005751208481264e-01   1.359435426798444e-01  -5.010000000000000e-02
  5.006951784293602e-01   1.360011824796306e-01  -5.010000000000000e-02
  5.008158149982284e-01   1.360584225811083e-01  -5.010000000000000e-02
  5.009370077881838e-01   1.361152618013949e-01  -5.010000000000000e-02
  5.010587360665892e-01   1.361716944380674e-01  -5.010000000000000e-02
  5.011809793368180e-01   1.362277140603148e-01  -5.010000000000000e-02
  5.013037134400988e-01   1.362833220150549e-01  -5.010000000000000e-02
  5.014269147009250e-01   1.363385185327189e-01  -5.010000000000000e-02
  5.015505643235803e-01   1.363932928793646e-01  -5.010000000000000e-02
  5.016746384408786e-01   1.364476454863096e-01  -5.010000000000000e-02
  5.017991213147667e-01   1.365015579584326e-01  -5.010000000000000e-02
  5.019239935569633e-01   1.365550196445285e-01  -5.010000000000000e-02
  5.020492258104454e-01   1.366080432284025e-01  -5.010000000000000e-02
  5.021747945513979e-01   1.366606281516957e-01  -5.010000000000000e-02
  5.023006777340224e-01   1.367127703434343e-01  -5.010000000000000e-02
  5.024268521291395e-01   1.367644686222968e-01  -5.010000000000000e-02
  5.025532962203190e-01   1.368157176394080e-01  -5.010000000000000e-02
  5.026799889270062e-01   1.368665109830640e-01  -5.010000000000000e-02
  5.028069076371278e-01   1.369168460951794e-01  -5.010000000000000e-02
  5.029340286982439e-01   1.369667231634359e-01  -5.010000000000000e-02
  5.030613300333556e-01   1.370161385656747e-01  -5.010000000000000e-02
  5.031888013741632e-01   1.370650579813632e-01  -5.010000000000000e-02
  5.033164260506813e-01   1.371134626976180e-01  -5.010000000000000e-02
  5.034441670990471e-01   1.371613879729671e-01  -5.010000000000000e-02
  5.035720041206538e-01   1.372088262877815e-01  -5.010000000000000e-02
  5.036999141497526e-01   1.372557773088170e-01  -5.010000000000000e-02
  5.038278742587171e-01   1.373022409640774e-01  -5.009999999999999e-02
  5.039558630904075e-01   1.373482132488020e-01  -5.010000000000000e-02
  5.040838607401742e-01   1.373936864856239e-01  -5.010000000000000e-02
  5.042118613418896e-01   1.374386129422207e-01  -5.010000000000000e-02
  5.043398407616053e-01   1.374829959618664e-01  -5.010000000000000e-02
  5.044677667502844e-01   1.375268636440414e-01  -5.010000000000001e-02
  5.045956151258537e-01   1.375702223648669e-01  -5.010000000000000e-02
  5.047233656506707e-01   1.376130674111140e-01  -5.010000000000000e-02
  5.048509995044103e-01   1.376553905632674e-01  -5.010000000000000e-02
  5.049784985532819e-01   1.376971816875247e-01  -5.010000000000000e-02
  5.051058710843185e-01   1.377383485547107e-01  -5.010000000000000e-02
  5.052330611895110e-01   1.377789974125052e-01  -5.010000000000000e-02
  5.053600523855322e-01   1.378191150456170e-01  -5.010000000000000e-02
  5.054868251760150e-01   1.378586985409082e-01  -5.010000000000001e-02
  5.056133578272561e-01   1.378977529022679e-01  -5.010000000000000e-02
  5.057396580396985e-01   1.379361868578893e-01  -5.009999999999999e-02
  5.058656918951916e-01   1.379740444033427e-01  -5.009999999999999e-02
  5.059914271394604e-01   1.380113677661921e-01  -5.010000000000000e-02
  5.061168444058998e-01   1.380481581825133e-01  -5.010000000000000e-02
  5.062419248580290e-01   1.380844162328731e-01  -5.010000000000000e-02
  5.063666906325459e-01   1.381199989417227e-01  -5.010000000000000e-02
  5.064910869967588e-01   1.381550310171346e-01  -5.010000000000000e-02
  5.066150921866284e-01   1.381895263002458e-01  -5.010000000000000e-02
  5.067386887058025e-01   1.382234853391300e-01  -5.009999999999999e-02
  5.068618787878358e-01   1.382568361502103e-01  -5.010000000000000e-02
  5.069846475755413e-01   1.382895675277263e-01  -5.010000000000001e-02
  5.071069542338508e-01   1.383217691953456e-01  -5.010000000000000e-02
  5.072287814911809e-01   1.383534463382626e-01  -5.010000000000000e-02
  5.073501335125374e-01   1.383845211263827e-01  -5.010000000000000e-02
  5.074710017397786e-01   1.384149621554826e-01  -5.010000000000000e-02
  5.075913408599901e-01   1.384448877464350e-01  -5.009999999999999e-02
  5.077111347675258e-01   1.384743048701433e-01  -5.010000000000000e-02
  5.078304052200904e-01   1.385030638911785e-01  -5.010000000000001e-02
  5.079491142218264e-01   1.385312594819777e-01  -5.010000000000000e-02
  5.080672316346250e-01   1.385589615014907e-01  -5.010000000000000e-02
  5.081847533814431e-01   1.385861319914657e-01  -5.010000000000000e-02
  5.083016994056222e-01   1.386126237786519e-01  -5.010000000000000e-02
  5.084180109065030e-01   1.386386378453169e-01  -5.010000000000001e-02
  5.085336743126754e-01   1.386641835223746e-01  -5.010000000000000e-02
  5.086487254995377e-01   1.386890410663016e-01  -5.010000000000000e-02
  5.087631089098352e-01   1.387134094922383e-01  -5.010000000000000e-02
  5.088768058621749e-01   1.387373278323257e-01  -5.010000000000000e-02
  5.089898446080218e-01   1.387606088151097e-01  -5.010000000000000e-02
  5.091021866810923e-01   1.387833839656062e-01  -5.010000000000000e-02
  5.092138066504931e-01   1.388057328188599e-01  -5.010000000000000e-02
  5.093247341682472e-01   1.388274575738310e-01  -5.010000000000000e-02
  5.094349306297766e-01   1.388487033358382e-01  -5.010000000000000e-02
  5.095443726912515e-01   1.388695496129729e-01  -5.010000000000000e-02
  5.096530996523421e-01   1.388897421289614e-01  -5.010000000000000e-02
  5.097610569848556e-01   1.389095259351961e-01  -5.010000000000000e-02
  5.098682392511816e-01   1.389288938703026e-01  -5.010000000000000e-02
  5.099746760432677e-01   1.389476363844288e-01  -5.010000000000000e-02
  5.100803112055277e-01   1.389660304543253e-01  -5.010000000000000e-02
  5.101851648124053e-01   1.389839258466873e-01  -5.010000000000000e-02
  5.102892277918192e-01   1.390013342056626e-01  -5.010000000000000e-02
  5.103924668108896e-01   1.390184236733745e-01  -5.010000000000000e-02
  5.104949258890925e-01   1.390348908452027e-01  -5.010000000000000e-02
  5.105965484752781e-01   1.390510506706801e-01  -5.010000000000000e-02
  5.106973538131274e-01   1.390667563186529e-01  -5.009999999999999e-02
  5.107973349092954e-01   1.390820193142800e-01  -5.010000000000000e-02
  5.108964667663378e-01   1.390969808709036e-01  -5.010000000000000e-02
  5.109947840177040e-01   1.391113818852473e-01  -5.010000000000000e-02
  5.110922361047482e-01   1.391255422445464e-01  -5.010000000000000e-02
  5.111888588363318e-01   1.391391947856894e-01  -5.010000000000000e-02
  5.112846183292836e-01   1.391525552871675e-01  -5.010000000000000e-02
  5.113795278721554e-01   1.391655152653518e-01  -5.010000000000000e-02
  5.114735794251033e-01   1.391781137757301e-01  -5.009999999999999e-02
  5.115667646789858e-01   1.391904038399265e-01  -5.010000000000000e-02
  5.116590954490730e-01   1.392022804764092e-01  -5.010000000000000e-02
  5.117505481140575e-01   1.392139211577186e-01  -5.010000000000000e-02
  5.118411484141912e-01   1.392251127195374e-01  -5.010000000000000e-02
  5.119308628283085e-01   1.392361227239765e-01  -5.010000000000000e-02
  5.120197244410278e-01   1.392466755948693e-01  -5.010000000000000e-02
  5.121076958301030e-01   1.392570855679915e-01  -5.010000000000000e-02
  5.121948143689250e-01   1.392670355714631e-01  -5.010000000000000e-02
  5.122810418118367e-01   1.392768631102799e-01  -5.010000000000000e-02
  5.123664147998950e-01   1.392862505241744e-01  -5.010000000000000e-02
  5.124508986627956e-01   1.392955206468949e-01  -5.010000000000000e-02
  5.125345262604804e-01   1.393043829798638e-01  -5.010000000000000e-02
  5.126172692834827e-01   1.393131181317963e-01  -5.010000000000000e-02
  5.126991538429029e-01   1.393214930682250e-01  -5.010000000000000e-02
  5.127801605640964e-01   1.393297174325432e-01  -5.010000000000000e-02
  5.128603065975868e-01   1.393376420850826e-01  -5.009999999999999e-02
  5.129395833665491e-01   1.393453807468766e-01  -5.010000000000001e-02
  5.130179976010886e-01   1.393528898312870e-01  -5.010000000000000e-02
  5.130955527242831e-01   1.393601663437378e-01  -5.010000000000000e-02
  5.131722439030015e-01   1.393672928365106e-01  -5.010000000000000e-02
  5.132480873315728e-01   1.393741313572869e-01  -5.010000000000000e-02
  5.133230673588572e-01   1.393808920283701e-01  -5.010000000000000e-02
  5.133972092258657e-01   1.393873329051841e-01  -5.010000000000000e-02
  5.134704964854890e-01   1.393936853669494e-01  -5.010000000000001e-02
  5.135429436993229e-01   1.393998266249346e-01  -5.010000000000000e-02
  5.136145517572723e-01   1.394057970512486e-01  -5.010000000000001e-02
  5.136853192656792e-01   1.394116643597382e-01  -5.010000000000000e-02
  5.137552635368622e-01   1.394172732501900e-01  -5.010000000000000e-02
  5.138243736552783e-01   1.394228152492237e-01  -5.010000000000000e-02
  5.138926647419578e-01   1.394281601924609e-01  -5.009999999999999e-02
  5.139601370653090e-01   1.394333682693769e-01  -5.010000000000000e-02
  5.140267907698969e-01   1.394385023885078e-01  -5.010000000000000e-02
  5.140926431762346e-01   1.394434031911173e-01  -5.010000000000000e-02
  5.141576865133626e-01   1.394482437819787e-01  -5.010000000000001e-02
  5.142219309361036e-01   1.394529598986822e-01  -5.010000000000000e-02
  5.142853845051079e-01   1.394575172970535e-01  -5.010000000000000e-02
  5.143480454300362e-01   1.394620177656907e-01  -5.010000000000000e-02
  5.144099260440778e-01   1.394663679739466e-01  -5.010000000000000e-02
  5.144710292852519e-01   1.394706088653765e-01  -5.010000000000000e-02
  5.145313571454260e-01   1.394747959412220e-01  -5.010000000000000e-02
  5.145909222122221e-01   1.394788326278035e-01  -5.010000000000000e-02
  5.146497257477980e-01   1.394827891286171e-01  -5.010000000000000e-02
  5.147077718833582e-01   1.394866946689952e-01  -5.010000000000000e-02
  5.147650729029687e-01   1.394904573270695e-01  -5.010000000000000e-02
  5.148216303099245e-01   1.394941487498964e-01  -5.010000000000000e-02
  5.148774488865862e-01   1.394977919503036e-01  -5.010000000000000e-02
  5.149325390206277e-01   1.395013244302641e-01  -5.009999999999999e-02
  5.149869045692272e-01   1.395047857316402e-01  -5.010000000000000e-02
  5.150405503482312e-01   1.395082012073131e-01  -5.010000000000000e-02
  5.150934852726669e-01   1.395115323163536e-01  -5.010000000000000e-02
  5.151457157961086e-01   1.395147802144205e-01  -5.010000000000000e-02
  5.151972459820247e-01   1.395179845627631e-01  -5.010000000000000e-02
  5.152480828830633e-01   1.395211378198537e-01  -5.010000000000000e-02
  5.152982356356923e-01   1.395241990431017e-01  -5.009999999999999e-02
  5.153477077657511e-01   1.395272187225156e-01  -5.010000000000000e-02
  5.153965059042535e-01   1.395301972628392e-01  -5.010000000000001e-02
  5.154446383067406e-01   1.395331085232916e-01  -5.010000000000000e-02
  5.154921110024329e-01   1.395359633260796e-01  -5.010000000000000e-02
  5.155389296487922e-01   1.395387787971668e-01  -5.010000000000000e-02
  5.155851009238274e-01   1.395415553381400e-01  -5.010000000000000e-02
  5.156306330521638e-01   1.395442675725653e-01  -5.010000000000000e-02
  5.156755312987069e-01   1.395469396262237e-01  -5.010000000000000e-02
  5.157198022005463e-01   1.395495743443770e-01  -5.010000000000000e-02
  5.157634524438508e-01   1.395521720215347e-01  -5.010000000000000e-02
  5.158064892243559e-01   1.395547242746668e-01  -5.010000000000000e-02
  5.158489186725715e-01   1.395572405105661e-01  -5.010000000000000e-02
  5.158907474437325e-01   1.395597211239148e-01  -5.010000000000000e-02
  5.159319821802050e-01   1.395621665086317e-01  -5.010000000000000e-02
  5.159726295877706e-01   1.395645757346564e-01  -5.010000000000000e-02
  5.160126962075260e-01   1.395669503602590e-01  -5.010000000000000e-02
  5.160521886200469e-01   1.395692909543609e-01  -5.009999999999999e-02
  5.160911133954407e-01   1.395715979063522e-01  -5.010000000000000e-02
  5.161294766679450e-01   1.395738785506664e-01  -5.010000000000000e-02
  5.161672849589327e-01   1.395761332933249e-01  -5.010000000000000e-02
  5.162045451906555e-01   1.395783553518136e-01  -5.010000000000000e-02
  5.162412638310574e-01   1.395805451118560e-01  -5.010000000000000e-02
  5.162774473184579e-01   1.395827029574090e-01  -5.010000000000000e-02
  5.163131008296795e-01   1.395848497786912e-01  -5.010000000000000e-02
  5.163482316982703e-01   1.395869699716243e-01  -5.010000000000001e-02
  5.163828465583158e-01   1.395890590227805e-01  -5.010000000000000e-02
  5.164169517148749e-01   1.395911173126782e-01  -5.010000000000000e-02
  5.164505534364523e-01   1.395931452196298e-01  -5.010000000000000e-02
  5.164836562889511e-01   1.395951704635600e-01  -5.009999999999999e-02
  5.165162676803039e-01   1.395971734448449e-01  -5.010000000000000e-02
  5.165483942425571e-01   1.395991466480808e-01  -5.010000000000000e-02
  5.165800420861590e-01   1.396010904485694e-01  -5.010000000000001e-02
  5.166112172795672e-01   1.396030052190334e-01  -5.010000000000000e-02
  5.166419249352756e-01   1.396049060255137e-01  -5.010000000000000e-02
  5.166721702047840e-01   1.396068065987735e-01  -5.010000000000000e-02
  5.167019608084711e-01   1.396086786014265e-01  -5.010000000000000e-02
  5.167313026375821e-01   1.396105224036708e-01  -5.010000000000000e-02
  5.167602015372594e-01   1.396123383728077e-01  -5.010000000000000e-02
  5.167886633058638e-01   1.396141268731985e-01  -5.010000000000000e-02
  5.168166923357490e-01   1.396159095765588e-01  -5.010000000000001e-02
  5.168442938429078e-01   1.396176944793292e-01  -5.010000000000001e-02
  5.168714753760224e-01   1.396194522236973e-01  -5.010000000000000e-02
  5.168982425397750e-01   1.396211831721004e-01  -5.010000000000000e-02
  5.169246008893313e-01   1.396228876837735e-01  -5.010000000000000e-02
  5.169505559299147e-01   1.396245661147221e-01  -5.010000000000000e-02
  5.169761131164178e-01   1.396262188176970e-01  -5.010000000000000e-02
  5.170012745781100e-01   1.396278959457609e-01  -5.010000000000000e-02
  5.170260486806307e-01   1.396295520336625e-01  -5.010000000000000e-02
  5.170504410429332e-01   1.396311826031681e-01  -5.010000000000000e-02
  5.170744569146707e-01   1.396327880052043e-01  -5.010000000000000e-02
  5.170981014937593e-01   1.396343685872388e-01  -5.010000000000000e-02
  5.171213799261929e-01   1.396359246932688e-01  -5.009999999999999e-02
  5.171442973058873e-01   1.396374566638101e-01  -5.010000000000000e-02
  5.171668558644325e-01   1.396390060392898e-01  -5.010000000000000e-02
  5.171890621294093e-01   1.396405505998347e-01  -5.010000000000000e-02
  5.172109223734169e-01   1.396420710928321e-01  -5.010000000000001e-02
  5.172324414801788e-01   1.396435678579702e-01  -5.010000000000000e-02
  5.172536242809908e-01   1.396450412312907e-01  -5.010000000000000e-02
  5.172744755547258e-01   1.396464915451889e-01  -5.010000000000001e-02
  5.172950000278613e-01   1.396479191284156e-01  -5.010000000000000e-02
  5.173152023745286e-01   1.396493243060810e-01  -5.010000000000000e-02
  5.173350849971284e-01   1.396507386324772e-01  -5.010000000000000e-02
  5.173546527347448e-01   1.396521586342529e-01  -5.010000000000001e-02
  5.173739121207341e-01   1.396535562594071e-01  -5.010000000000000e-02
  5.173928676198105e-01   1.396549318319375e-01  -5.010000000000000e-02
  5.174115236449079e-01   1.396562856720842e-01  -5.010000000000000e-02
  5.174298845573481e-01   1.396576180963419e-01  -5.010000000000000e-02
  5.174479546670217e-01   1.396589294174730e-01  -5.009999999999999e-02
  5.174657382325889e-01   1.396602199445221e-01  -5.010000000000000e-02
  5.174832394616924e-01   1.396614899828316e-01  -5.010000000000000e-02
  5.175004617654645e-01   1.396627498658354e-01  -5.010000000000000e-02
  5.175174063123720e-01   1.396640394126369e-01  -5.010000000000000e-02
  5.175340809125605e-01   1.396653084154292e-01  -5.010000000000000e-02
  5.175504895709789e-01   1.396665571790047e-01  -5.010000000000000e-02
  5.175666362428474e-01   1.396677860043711e-01  -5.010000000000000e-02
  5.175825248339476e-01   1.396689951887740e-01  -5.010000000000000e-02
  5.175981592009260e-01   1.396701850257192e-01  -5.010000000000000e-02
  5.176135431516044e-01   1.396713558049970e-01  -5.009999999999999e-02
  5.176286804453029e-01   1.396725078127066e-01  -5.010000000000000e-02
  5.176435747931703e-01   1.396736413312809e-01  -5.010000000000000e-02
  5.176582298585226e-01   1.396747566395128e-01  -5.010000000000000e-02
  5.176726485294519e-01   1.396758633205273e-01  -5.010000000000000e-02
  5.176868312420229e-01   1.396770017130236e-01  -5.010000000000000e-02
  5.177007854524640e-01   1.396781217645214e-01  -5.010000000000000e-02
  5.177145146351831e-01   1.396792237538982e-01  -5.010000000000000e-02
  5.177280222185779e-01   1.396803079563385e-01  -5.010000000000000e-02
  5.177413115854146e-01   1.396813746433641e-01  -5.010000000000000e-02
  5.177543860732143e-01   1.396824240828652e-01  -5.010000000000000e-02
  5.177672489746432e-01   1.396834565391315e-01  -5.010000000000000e-02
  5.177799035379065e-01   1.396844722728841e-01  -5.010000000000000e-02
  5.177923529671482e-01   1.396854715413076e-01  -5.010000000000001e-02
  5.178046004228532e-01   1.396864545980821e-01  -5.009999999999999e-02
  5.178166490222534e-01   1.396874216934159e-01  -5.010000000000000e-02
  5.178285018397372e-01   1.396883730740785e-01  -5.010000000000000e-02
  5.178401619072605e-01   1.396893089834335e-01  -5.010000000000000e-02
  5.178516414150459e-01   1.396901031555579e-01  -5.010000000000000e-02
  5.178629372206146e-01   1.396908395771556e-01  -5.010000000000000e-02
  5.178740489210214e-01   1.396915639961550e-01  -5.010000000000000e-02
  5.178849857585222e-01   1.396921490889252e-01  -5.010000000000000e-02
  5.178957541293870e-01   1.396925236658194e-01  -5.010000000000000e-02
  5.179063466164683e-01   1.396928921246106e-01  -5.010000000000001e-02
  5.179167659735657e-01   1.396932545610895e-01  -5.010000000000000e-02
  5.179270200424787e-01   1.396933447574570e-01  -5.010000000000000e-02
  5.179371072718195e-01   1.396933823763197e-01  -5.010000000000000e-02
  5.179470293005155e-01   1.396934193790906e-01  -5.009999999999999e-02
  5.179567883945268e-01   1.396934292619078e-01  -5.010000000000000e-02
  5.179663838139630e-01   1.396931507600806e-01  -5.010000000000000e-02
  5.179758217894958e-01   1.396928768279770e-01  -5.010000000000000e-02
  5.179851048100728e-01   1.396926073933566e-01  -5.010000000000000e-02
  5.179942336634504e-01   1.396923063930207e-01  -5.010000000000000e-02
  5.180031998069922e-01   1.396917368424631e-01  -5.010000000000001e-02
  5.180120184818540e-01   1.396911766594634e-01  -5.010000000000000e-02
  5.180206920309234e-01   1.396906256951959e-01  -5.010000000000000e-02
  5.180292227626085e-01   1.396900838030251e-01  -5.010000000000000e-02
  5.180375899435410e-01   1.396892695825646e-01  -5.010000000000000e-02
  5.180458173131745e-01   1.396884457013217e-01  -5.010000000000000e-02
  5.180539089922599e-01   1.396876354080058e-01  -5.010000000000001e-02
  5.180618671489621e-01   1.396868384854988e-01  -5.010000000000001e-02
  5.180696752530367e-01   1.396858997231953e-01  -5.010000000000000e-02
  5.180773356610378e-01   1.396848210082154e-01  -5.009999999999999e-02
  5.180848694715942e-01   1.396837601202964e-01  -5.010000000000000e-02
  5.180922787161504e-01   1.396827167733766e-01  -5.010000000000000e-02
  5.180995653955748e-01   1.396816906856999e-01  -5.010000000000000e-02
  5.181066895692270e-01   1.396804247012313e-01  -5.009999999999999e-02
  5.181136869598551e-01   1.396791255988981e-01  -5.010000000000000e-02
  5.181205684373470e-01   1.396778480164476e-01  -5.010000000000000e-02
  5.181273358707973e-01   1.396765916068725e-01  -5.010000000000000e-02
  5.181339911008620e-01   1.396753560284456e-01  -5.010000000000000e-02
  5.181404773380975e-01   1.396738626719767e-01  -5.010000000000000e-02
  5.181468488422566e-01   1.396723603837227e-01  -5.010000000000000e-02
  5.181531145726810e-01   1.396708830350490e-01  -5.010000000000000e-02
  5.181592762425933e-01   1.396694302220080e-01  -5.010000000000000e-02
  5.181653355388919e-01   1.396680015468585e-01  -5.010000000000000e-02
  5.181712361842497e-01   1.396663777061034e-01  -5.010000000000000e-02
  5.181770119727820e-01   1.396646798218333e-01  -5.010000000000001e-02
  5.181826916865692e-01   1.396630101802521e-01  -5.010000000000000e-02
  5.181882768881012e-01   1.396613683220412e-01  -5.010000000000001e-02
  5.181937691156461e-01   1.396597537950024e-01  -5.009999999999999e-02
  5.181991513843431e-01   1.396581096200722e-01  -5.010000000000000e-02
  5.182043577701645e-01   1.396562293384623e-01  -5.010000000000000e-02
  5.182094773947938e-01   1.396543803905798e-01  -5.010000000000000e-02
  5.182145116745303e-01   1.396525622649294e-01  -5.010000000000000e-02
  5.182194620035395e-01   1.396507744580095e-01  -5.010000000000001e-02
  5.182243297541667e-01   1.396490164741989e-01  -5.010000000000000e-02
  5.182290708352259e-01   1.396471745238430e-01  -5.010000000000000e-02
  5.182336476265137e-01   1.396451510120905e-01  -5.010000000000000e-02
  5.182381479965188e-01   1.396431612880626e-01  -5.010000000000000e-02
  5.182425731978319e-01   1.396412047979583e-01  -5.010000000000000e-02
  5.182469244632975e-01   1.396392809967066e-01  -5.010000000000001e-02
  5.182512030062989e-01   1.396373893478412e-01  -5.010000000000000e-02
  5.182553853514760e-01   1.396354790566181e-01  -5.010000000000000e-02
  5.182593628264780e-01   1.396333257775895e-01  -5.010000000000000e-02
  5.182632737680064e-01   1.396312085176769e-01  -5.010000000000000e-02
  5.182671192705795e-01   1.396291266843428e-01  -5.010000000000000e-02
  5.182709004113268e-01   1.396270796944633e-01  -5.010000000000000e-02
  5.182746182502444e-01   1.396250669741901e-01  -5.010000000000000e-02
  5.182782738304476e-01   1.396230879588136e-01  -5.010000000000000e-02
  5.182817635595254e-01   1.396209682496419e-01  -5.010000000000000e-02
  5.182851089698486e-01   1.396187414012609e-01  -5.010000000000000e-02
  5.182883983146680e-01   1.396165518724803e-01  -5.010000000000000e-02
  5.182916325198133e-01   1.396143990470282e-01  -5.010000000000000e-02
  5.182948124962866e-01   1.396122823185025e-01  -5.010000000000000e-02
  5.182979391404855e-01   1.396102010902227e-01  -5.010000000000000e-02
  5.183010133344205e-01   1.396081547750848e-01  -5.010000000000000e-02
  5.183039348488802e-01   1.396060070164856e-01  -5.010000000000000e-02
  5.183066820122747e-01   1.396037269930850e-01  -5.010000000000000e-02
  5.183093830595926e-01   1.396014852439764e-01  -5.010000000000000e-02
  5.183120387549320e-01   1.395992811349922e-01  -5.010000000000000e-02
  5.183146498500679e-01   1.395971140421929e-01  -5.010000000000000e-02
  5.183172170846385e-01   1.395949833517113e-01  -5.010000000000000e-02
  5.183197411863312e-01   1.395928884595997e-01  -5.010000000000000e-02
  5.183222228710642e-01   1.395908287716774e-01  -5.010000000000000e-02
  5.183244790978192e-01   1.395886074276016e-01  -5.010000000000000e-02
  5.183266238263763e-01   1.395863448433252e-01  -5.010000000000000e-02
  5.183287324916415e-01   1.395841203040673e-01  -5.010000000000001e-02
  5.183308056931671e-01   1.395819331773289e-01  -5.010000000000000e-02
  5.183328440207686e-01   1.395797828408839e-01  -5.010000000000000e-02
  5.183348480546729e-01   1.395776686826208e-01  -5.009999999999999e-02
  5.183368183656686e-01   1.395755901003855e-01  -5.010000000000000e-02
  5.183387555152512e-01   1.395735465018275e-01  -5.010000000000000e-02
  5.183406210000320e-01   1.395715049516610e-01  -5.010000000000000e-02
  5.183422133907292e-01   1.395692975686947e-01  -5.010000000000000e-02
  5.183437789666092e-01   1.395671273566127e-01  -5.009999999999999e-02
  5.183453181747786e-01   1.395649936956329e-01  -5.010000000000001e-02
  5.183468314550380e-01   1.395628959761009e-01  -5.010000000000000e-02
  5.183483192399963e-01   1.395608335983313e-01  -5.010000000000000e-02
  5.183497819551832e-01   1.395588059724515e-01  -5.010000000000001e-02
  5.183512200191610e-01   1.395568125182477e-01  -5.010000000000000e-02
  5.183526338436337e-01   1.395548526650131e-01  -5.010000000000000e-02
  5.183540238335553e-01   1.395529258513978e-01  -5.009999999999999e-02
  5.183552864410467e-01   1.395509674801372e-01  -5.010000000000000e-02
  5.183563457769098e-01   1.395489300086047e-01  -5.010000000000000e-02
  5.183573872464022e-01   1.395469269003210e-01  -5.009999999999999e-02
  5.183584111483612e-01   1.395449575805179e-01  -5.010000000000000e-02
  5.183594177767092e-01   1.395430214838803e-01  -5.010000000000000e-02
  5.183604074205320e-01   1.395411180543957e-01  -5.010000000000000e-02
  5.183613803641554e-01   1.395392467452065e-01  -5.010000000000000e-02
  5.183623368872210e-01   1.395374070184643e-01  -5.010000000000001e-02
  5.183632772647612e-01   1.395355983451866e-01  -5.010000000000000e-02
  5.183642017672722e-01   1.395338202051149e-01  -5.010000000000000e-02
  5.183651106607865e-01   1.395320720865759e-01  -5.010000000000000e-02
  5.183660042069447e-01   1.395303534863438e-01  -5.010000000000000e-02
  5.183666888288564e-01   1.395285813395642e-01  -5.010000000000000e-02
  5.183672882912501e-01   1.395268077732850e-01  -5.010000000000000e-02
  5.183678776276393e-01   1.395250641657497e-01  -5.009999999999999e-02
  5.183684570079216e-01   1.395233500142998e-01  -5.010000000000000e-02
  5.183690265991826e-01   1.395216648245964e-01  -5.010000000000000e-02
  5.183695865657415e-01   1.395200081104862e-01  -5.010000000000000e-02
  5.183701370691951e-01   1.395183793938696e-01  -5.010000000000000e-02
  5.183706782684616e-01   1.395167782045714e-01  -5.010000000000000e-02
  5.183712103198248e-01   1.395152040802122e-01  -5.010000000000000e-02
  5.183717333769753e-01   1.395136565660830e-01  -5.010000000000000e-02
  5.183722475910535e-01   1.395121352150210e-01  -5.010000000000000e-02
  5.183727531106903e-01   1.395106395872876e-01  -5.009999999999999e-02
  5.183732500820478e-01   1.395091692504481e-01  -5.010000000000000e-02
  5.183737386488596e-01   1.395077237792533e-01  -5.010000000000000e-02
  5.183742189524699e-01   1.395063027555230e-01  -5.010000000000000e-02
