689
  4.940456195004700e-01   1.262982367985230e-01  -5.010000000000000e-02
  4.940444360477645e-01   1.262991584490499e-01  -5.010000000000000e-02
  4.940432322347951e-01   1.263000959557642e-01  -5.009999999999999e-02
  4.940420077132943e-01   1.263010495898901e-01  -5.010000000000000e-02
  4.940407621291074e-01   1.263020196272366e-01  -5.010000000000001e-02
  4.940394951220954e-01   1.263030063482730e-01  -5.009999999999999e-02
  4.940382063260366e-01   1.263040100382059e-01  -5.010000000000000e-02
  4.940368953685261e-01   1.263050309870572e-01  -5.010000000000001e-02
  4.940355618708746e-01   1.263060694897429e-01  -5.010000000000001e-02
  4.940342054480047e-01   1.263071258461540e-01  -5.010000000000000e-02
  4.940328257083463e-01   1.263082003612378e-01  -5.010000000000000e-02
  4.940316376629819e-01   1.263095053112206e-01  -5.010000000000000e-02
  4.940305490401424e-01   1.263109506129254e-01  -5.010000000000000e-02
  4.940294417103401e-01   1.263124207507849e-01  -5.009999999999999e-02
  4.940283153543469e-01   1.263139161486198e-01  -5.009999999999999e-02
  4.940271696475647e-01   1.263154372373803e-01  -5.010000000000000e-02
  4.940260042599378e-01   1.263169844552622e-01  -5.010000000000000e-02
  4.940248188558644e-01   1.263185582478247e-01  -5.010000000000000e-02
  4.940236130941057e-01   1.263201590681108e-01  -5.010000000000000e-02
  4.940223866276945e-01   1.263217873767689e-01  -5.010000000000000e-02
  4.940211391038422e-01   1.263234436421760e-01  -5.009999999999999e-02
  4.940199080707289e-01   1.263251521557265e-01  -5.010000000000000e-02
  4.940189244180429e-01   1.263270586882052e-01  -5.010000000000000e-02
  4.940179238836531e-01   1.263289979410913e-01  -5.010000000000000e-02
  4.940169061802239e-01   1.263309704713036e-01  -5.010000000000000e-02
  4.940158710156121e-01   1.263329768450790e-01  -5.010000000000000e-02
  4.940148180927896e-01   1.263350176381225e-01  -5.010000000000000e-02
  4.940137471097645e-01   1.263370934357598e-01  -5.010000000000000e-02
  4.940126577595016e-01   1.263392048330920e-01  -5.010000000000000e-02
  4.940115497298409e-01   1.263413524351529e-01  -5.010000000000000e-02
  4.940104227034156e-01   1.263435368570681e-01  -5.010000000000000e-02
  4.940092763575688e-01   1.263457587242167e-01  -5.010000000000000e-02
  4.940082414419534e-01   1.263480772733456e-01  -5.010000000000000e-02
  4.940073193366701e-01   1.263504939169323e-01  -5.010000000000000e-02
  4.940063814324211e-01   1.263529519662779e-01  -5.009999999999999e-02
  4.940054274612175e-01   1.263554521237248e-01  -5.010000000000000e-02
  4.940044571506185e-01   1.263579951032831e-01  -5.010000000000000e-02
  4.940034702236608e-01   1.263605816308153e-01  -5.010000000000000e-02
  4.940024663987867e-01   1.263632124442244e-01  -5.010000000000000e-02
  4.940014453897718e-01   1.263658882936447e-01  -5.010000000000000e-02
  4.940004069056507e-01   1.263686099416347e-01  -5.010000000000000e-02
  4.939993506506427e-01   1.263713781633735e-01  -5.010000000000000e-02
  4.939982832127263e-01   1.263741960713677e-01  -5.010000000000000e-02
  4.939974173948045e-01   1.263771363780587e-01  -5.010000000000000e-02
  4.939965367692957e-01   1.263801269711277e-01  -5.010000000000001e-02
  4.939956410859624e-01   1.263831687003778e-01  -5.010000000000000e-02
  4.939947300904428e-01   1.263862624296185e-01  -5.010000000000000e-02
  4.939938035241863e-01   1.263894090368845e-01  -5.010000000000000e-02
  4.939928611243881e-01   1.263926094146574e-01  -5.010000000000000e-02
  4.939919026239235e-01   1.263958644700899e-01  -5.010000000000000e-02
  4.939909277512801e-01   1.263991751252334e-01  -5.010000000000000e-02
  4.939899362304911e-01   1.264025423172689e-01  -5.010000000000000e-02
  4.939889277810653e-01   1.264059669987401e-01  -5.010000000000000e-02
  4.939880873338822e-01   1.264094989155331e-01  -5.010000000000000e-02
  4.939872502849383e-01   1.264130957784800e-01  -5.010000000000000e-02
  4.939863989547101e-01   1.264167540091918e-01  -5.010000000000000e-02
  4.939855331030414e-01   1.264204746396373e-01  -5.010000000000000e-02
  4.939846524858591e-01   1.264242587186172e-01  -5.010000000000000e-02
  4.939837568551132e-01   1.264281073120211e-01  -5.010000000000000e-02
  4.939828459587166e-01   1.264320215030867e-01  -5.009999999999999e-02
  4.939819195404838e-01   1.264360023926629e-01  -5.010000000000000e-02
  4.939809773400686e-01   1.264400510994761e-01  -5.010000000000000e-02
  4.939800696421888e-01   1.264441793760225e-01  -5.010000000000000e-02
  4.939792772616432e-01   1.264484054055998e-01  -5.010000000000000e-02
  4.939784713933533e-01   1.264527033698122e-01  -5.009999999999999e-02
  4.939776518115948e-01   1.264570744725240e-01  -5.009999999999999e-02
  4.939768182869991e-01   1.264615199370346e-01  -5.010000000000000e-02
  4.939759705864992e-01   1.264660410063669e-01  -5.010000000000000e-02
  4.939751084732755e-01   1.264706389435604e-01  -5.009999999999999e-02
  4.939742317066995e-01   1.264753150319661e-01  -5.010000000000000e-02
  4.939733400422780e-01   1.264800705755469e-01  -5.010000000000000e-02
  4.939724660892054e-01   1.264849124692739e-01  -5.010000000000000e-02
  4.939717157853966e-01   1.264898600608597e-01  -5.010000000000000e-02
  4.939709527447093e-01   1.264948916409214e-01  -5.010000000000000e-02
  4.939701767551814e-01   1.265000086071612e-01  -5.010000000000000e-02
  4.939693876014706e-01   1.265052123795720e-01  -5.010000000000000e-02
  4.939685850648053e-01   1.265105044007592e-01  -5.010000000000000e-02
  4.939677689229354e-01   1.265158861362661e-01  -5.010000000000001e-02
  4.939669389500824e-01   1.265213590749024e-01  -5.010000000000000e-02
  4.939660949168892e-01   1.265269247290766e-01  -5.010000000000000e-02
  4.939653422188948e-01   1.265325991491598e-01  -5.010000000000000e-02
  4.939646302925967e-01   1.265383769805422e-01  -5.010000000000000e-02
  4.939639063191487e-01   1.265442525838441e-01  -5.010000000000000e-02
  4.939631700993856e-01   1.265502275754446e-01  -5.010000000000000e-02
  4.939624214310117e-01   1.265563035971307e-01  -5.010000000000000e-02
  4.939616601085566e-01   1.265624823164508e-01  -5.010000000000000e-02
  4.939608859233323e-01   1.265687654270719e-01  -5.010000000000000e-02
  4.939600986633876e-01   1.265751546491400e-01  -5.010000000000000e-02
  4.939594020674033e-01   1.265816633160826e-01  -5.010000000000000e-02
  4.939587414847397e-01   1.265882871352432e-01  -5.010000000000001e-02
  4.939580697601303e-01   1.265950226773381e-01  -5.010000000000000e-02
  4.939573867106268e-01   1.266018717768337e-01  -5.010000000000000e-02
  4.939566921504486e-01   1.266088362965981e-01  -5.010000000000000e-02
  4.939559858909443e-01   1.266159181282811e-01  -5.010000000000000e-02
  4.939552677405543e-01   1.266231191926971e-01  -5.010000000000000e-02
  4.939545715642080e-01   1.266304444978777e-01  -5.010000000000000e-02
  4.939539760827480e-01   1.266379031089762e-01  -5.010000000000000e-02
  4.939533705899105e-01   1.266454871160372e-01  -5.010000000000000e-02
  4.939527549224284e-01   1.266531985640401e-01  -5.010000000000000e-02
  4.939521289145450e-01   1.266610395291415e-01  -5.010000000000000e-02
  4.939514923979830e-01   1.266690121190748e-01  -5.010000000000000e-02
  4.939508452019117e-01   1.266771184735530e-01  -5.010000000000000e-02
  4.939502266774251e-01   1.266853635765145e-01  -5.010000000000000e-02
  4.939497026246022e-01   1.266937543265019e-01  -5.010000000000000e-02
  4.939491697934336e-01   1.267022856289320e-01  -5.009999999999999e-02
  4.939486280418631e-01   1.267109597583015e-01  -5.010000000000000e-02
  4.939480772257074e-01   1.267197790231731e-01  -5.010000000000000e-02
  4.939475171986291e-01   1.267287457665909e-01  -5.010000000000000e-02
  4.939469478121113e-01   1.267378623664976e-01  -5.010000000000000e-02
  4.939464791083613e-01   1.267471372742969e-01  -5.010000000000000e-02
  4.939460344839440e-01   1.267565687497956e-01  -5.010000000000000e-02
  4.939455824423212e-01   1.267661575607645e-01  -5.010000000000000e-02
  4.939451228645125e-01   1.267759062310470e-01  -5.010000000000000e-02
  4.939446556297911e-01   1.267858173215201e-01  -5.010000000000000e-02
  4.939441806156651e-01   1.267958934305177e-01  -5.010000000000000e-02
  4.939437958171683e-01   1.268061411548522e-01  -5.010000000000000e-02
  4.939434458030918e-01   1.268165609366480e-01  -5.010000000000000e-02
  4.939430899731161e-01   1.268271538554845e-01  -5.010000000000000e-02
  4.939427282347336e-01   1.268379226652737e-01  -5.010000000000001e-02
  4.939423604941066e-01   1.268488701595296e-01  -5.010000000000000e-02
  4.939419913791317e-01   1.268599993012542e-01  -5.010000000000000e-02
  4.939417510904101e-01   1.268713165359670e-01  -5.010000000000000e-02
  4.939415068234231e-01   1.268828211409522e-01  -5.010000000000001e-02
  4.939412585153842e-01   1.268945160733627e-01  -5.010000000000000e-02
  4.939410061026207e-01   1.269064043320773e-01  -5.010000000000000e-02
  4.939407495205654e-01   1.269184889581179e-01  -5.010000000000000e-02
  4.939405913705562e-01   1.269307746282781e-01  -5.010000000000000e-02
  4.939404689113074e-01   1.269432634965037e-01  -5.010000000000000e-02
  4.939403444342506e-01   1.269559581486023e-01  -5.010000000000000e-02
  4.939402179078681e-01   1.269688617988682e-01  -5.010000000000000e-02
  4.939400893002089e-01   1.269819777057969e-01  -5.010000000000000e-02
  4.939400707653290e-01   1.269953096611011e-01  -5.010000000000000e-02
  4.939400855960239e-01   1.270088606789281e-01  -5.010000000000000e-02
  4.939401006700245e-01   1.270226340086453e-01  -5.010000000000000e-02
  4.939401159910951e-01   1.270366330896743e-01  -5.010000000000000e-02
  4.939401508818331e-01   1.270508612874317e-01  -5.010000000000000e-02
  4.939403149464953e-01   1.270653214523133e-01  -5.010000000000000e-02
  4.939404816925851e-01   1.270800179501504e-01  -5.010000000000000e-02
  4.939406511612439e-01   1.270949544069969e-01  -5.010000000000001e-02
  4.939408233941527e-01   1.271101344965258e-01  -5.010000000000000e-02
  4.939411201145850e-01   1.271255599550491e-01  -5.010000000000000e-02
  4.939414538025246e-01   1.271412359811759e-01  -5.010000000000000e-02
  4.939417929164289e-01   1.271571669088272e-01  -5.010000000000001e-02
  4.939421375386113e-01   1.271733566049257e-01  -5.010000000000000e-02
  4.939425482669207e-01   1.271898075465117e-01  -5.010000000000000e-02
  4.939429875501392e-01   1.272065245943906e-01  -5.010000000000000e-02
  4.939434339449563e-01   1.272235122761783e-01  -5.010000000000000e-02
  4.939438875581977e-01   1.272407746571554e-01  -5.010000000000000e-02
  4.939443484980135e-01   1.272583158530077e-01  -5.009999999999999e-02
  4.939448168738851e-01   1.272761400300824e-01  -5.010000000000000e-02
  4.939452927966318e-01   1.272942514056311e-01  -5.010000000000000e-02
  4.939457763784162e-01   1.273126542480391e-01  -5.010000000000000e-02
  4.939462677327503e-01   1.273313528770396e-01  -5.010000000000000e-02
  4.939467669745007e-01   1.273503516639139e-01  -5.010000000000001e-02
  4.939472742198935e-01   1.273696550316737e-01  -5.010000000000000e-02
  4.939477895865183e-01   1.273892674552289e-01  -5.010000000000000e-02
  4.939483131933325e-01   1.274091934615364e-01  -5.010000000000000e-02
  4.939486726503047e-01   1.274294413228127e-01  -5.010000000000000e-02
  4.939490128827292e-01   1.274500125705448e-01  -5.010000000000000e-02
  4.939493585324990e-01   1.274709113636443e-01  -5.009999999999999e-02
  4.939497096779648e-01   1.274921424393600e-01  -5.010000000000001e-02
  4.939500663983453e-01   1.275137105874557e-01  -5.010000000000000e-02
  4.939504287737284e-01   1.275356206502376e-01  -5.010000000000000e-02
  4.939507968850715e-01   1.275578775225593e-01  -5.010000000000000e-02
  4.939511708142003e-01   1.275804861518011e-01  -5.010000000000000e-02
  4.939515506438085e-01   1.276034515378259e-01  -5.010000000000001e-02
  4.939519364574568e-01   1.276267787329073e-01  -5.010000000000000e-02
  4.939524117015401e-01   1.276504708811454e-01  -5.010000000000000e-02
  4.939531454451749e-01   1.276745291651925e-01  -5.010000000000000e-02
  4.939538906915174e-01   1.276989646046912e-01  -5.009999999999999e-02
  4.939546476009575e-01   1.277237824585660e-01  -5.010000000000000e-02
  4.939554163354591e-01   1.277489880373536e-01  -5.010000000000000e-02
  4.939561970585525e-01   1.277745867029542e-01  -5.010000000000000e-02
  4.939569899353259e-01   1.278005838683488e-01  -5.010000000000001e-02
  4.939577951324159e-01   1.278269849972835e-01  -5.009999999999999e-02
  4.939586128179966e-01   1.278537956039164e-01  -5.010000000000000e-02
  4.939596636691574e-01   1.278810121593134e-01  -5.010000000000000e-02
  4.939610996024743e-01   1.279086340196933e-01  -5.010000000000000e-02
  4.939625576785350e-01   1.279366818217064e-01  -5.010000000000000e-02
  4.939640381939937e-01   1.279651612718366e-01  -5.010000000000000e-02
  4.939655414480010e-01   1.279940781246021e-01  -5.010000000000000e-02
  4.939670677421743e-01   1.280234381819657e-01  -5.010000000000000e-02
  4.939686173805644e-01   1.280532472927010e-01  -5.009999999999999e-02
  4.939701906696203e-01   1.280835113517133e-01  -5.010000000000000e-02
  4.939723917128040e-01   1.281141974090089e-01  -5.010000000000000e-02
  4.939747851106340e-01   1.281453395135748e-01  -5.009999999999999e-02
  4.939772147950055e-01   1.281769537666714e-01  -5.010000000000000e-02
  4.939796812318091e-01   1.282090462303150e-01  -5.010000000000000e-02
  4.939821848901594e-01   1.282416230084685e-01  -5.009999999999999e-02
  4.939847262423197e-01   1.282746902460664e-01  -5.010000000000000e-02
  4.939874768873846e-01   1.283082387357400e-01  -5.010000000000000e-02
  4.939909800324430e-01   1.283422258838393e-01  -5.009999999999999e-02
  4.939945355322015e-01   1.283767209717820e-01  -5.010000000000000e-02
  4.939981440342909e-01   1.284117302828105e-01  -5.010000000000000e-02
  4.940018061899664e-01   1.284472601353380e-01  -5.010000000000000e-02
  4.940055226539729e-01   1.284833168816302e-01  -5.010000000000000e-02
  4.940096485993654e-01   1.285198656582693e-01  -5.010000000000000e-02
  4.940144485278709e-01   1.285568821829348e-01  -5.010000000000000e-02
  4.940193190583336e-01   1.285944431821878e-01  -5.010000000000000e-02
  4.940242610275785e-01   1.286325551095294e-01  -5.009999999999999e-02
  4.940292752758305e-01   1.286712244446856e-01  -5.010000000000000e-02
  4.940345263143457e-01   1.287104342896106e-01  -5.010000000000000e-02
  4.940407265143325e-01   1.287500894328521e-01  -5.010000000000000e-02
  4.940470165912825e-01   1.287903194097853e-01  -5.010000000000000e-02
  4.940533975681143e-01   1.288311307627773e-01  -5.009999999999999e-02
  4.940598704703931e-01   1.288725300511228e-01  -5.010000000000000e-02
  4.940669284887156e-01   1.289144403974447e-01  -5.010000000000000e-02
  4.940746820596557e-01   1.289568498375493e-01  -5.009999999999999e-02
  4.940825462494254e-01   1.289998643256592e-01  -5.010000000000000e-02
  4.940905222604579e-01   1.290434904386814e-01  -5.010000000000000e-02
  4.940988009815518e-01   1.290876976082520e-01  -5.010000000000000e-02
  4.941081303451267e-01   1.291323461688676e-01  -5.010000000000001e-02
  4.941175909879129e-01   1.291776230068337e-01  -5.010000000000000e-02
  4.941271842791660e-01   1.292235346751470e-01  -5.010000000000000e-02
  4.941371858835910e-01   1.292700268714308e-01  -5.010000000000000e-02
  4.941482086095469e-01   1.293169704925601e-01  -5.010000000000000e-02
  4.941593841680997e-01   1.293645649976504e-01  -5.010000000000000e-02
  4.941707140815591e-01   1.294128168699180e-01  -5.010000000000000e-02
  4.941829112344842e-01   1.294615565488902e-01  -5.010000000000000e-02
  4.941957358817964e-01   1.295108501829466e-01  -5.010000000000000e-02
  4.942087355496331e-01   1.295608165370761e-01  -5.010000000000000e-02
  4.942221952256223e-01   1.296113847132103e-01  -5.010000000000000e-02
  4.942367463944796e-01   1.296623892966562e-01  -5.010000000000000e-02
  4.942514936514965e-01   1.297140812059794e-01  -5.010000000000000e-02
  4.942665520962292e-01   1.297664329445225e-01  -5.010000000000000e-02
  4.942828976297293e-01   1.298191607966859e-01  -5.010000000000000e-02
  4.942994605153650e-01   1.298725897890886e-01  -5.009999999999999e-02
  4.943164216496112e-01   1.299266683144567e-01  -5.010000000000001e-02
  4.943346312483341e-01   1.299811290990157e-01  -5.010000000000000e-02
  4.943530796065219e-01   1.300363039590453e-01  -5.010000000000000e-02
  4.943722227983011e-01   1.300920414842005e-01  -5.010000000000000e-02
  4.943923638395159e-01   1.301482432038139e-01  -5.010000000000000e-02
  4.944127650782566e-01   1.302051709806472e-01  -5.010000000000000e-02
  4.944343433593511e-01   1.302624918043241e-01  -5.010000000000000e-02
  4.944564820445581e-01   1.303204402168440e-01  -5.010000000000001e-02
  4.944792455378615e-01   1.303789904906634e-01  -5.010000000000000e-02
  4.945031514924767e-01   1.304379449699950e-01  -5.010000000000000e-02
  4.945273581920103e-01   1.304976411164284e-01  -5.010000000000000e-02
  4.945529824946775e-01   1.305576191420682e-01  -5.010000000000000e-02
  4.945790017995549e-01   1.306183114237882e-01  -5.010000000000000e-02
  4.946061600493316e-01   1.306793946706609e-01  -5.009999999999999e-02
  4.946340089739422e-01   1.307410718615955e-01  -5.010000000000000e-02
  4.946628497039632e-01   1.308032012461071e-01  -5.010000000000001e-02
  4.946925556386382e-01   1.308658469136817e-01  -5.010000000000000e-02
  4.947232154806124e-01   1.309289597091294e-01  -5.010000000000000e-02
  4.947548068697089e-01   1.309925557467727e-01  -5.010000000000000e-02
  4.947874017099047e-01   1.310565912135620e-01  -5.010000000000000e-02
  4.948208896009744e-01   1.311211271636380e-01  -5.010000000000000e-02
  4.948555268773109e-01   1.311860215240478e-01  -5.009999999999999e-02
  4.948909421135522e-01   1.312514758276055e-01  -5.010000000000000e-02
  4.949277103768403e-01   1.313171691592165e-01  -5.010000000000000e-02
  4.949651786334733e-01   1.313834637124337e-01  -5.010000000000000e-02
  4.950040577071689e-01   1.314499524775466e-01  -5.010000000000000e-02
  4.950438240507978e-01   1.315169301652081e-01  -5.010000000000000e-02
  4.950846609672626e-01   1.315842914795745e-01  -5.010000000000000e-02
  4.951267855154247e-01   1.316518929157185e-01  -5.010000000000000e-02
  4.951698144807450e-01   1.317199699018437e-01  -5.010000000000000e-02
  4.952141500729225e-01   1.317882640034429e-01  -5.010000000000000e-02
  4.952596454754670e-01   1.318568575397016e-01  -5.010000000000000e-02
  4.953061473055560e-01   1.319258509284168e-01  -5.010000000000000e-02
  4.953539826711271e-01   1.319950167026551e-01  -5.010000000000000e-02
  4.954030348315778e-01   1.320644216433426e-01  -5.010000000000000e-02
  4.954531753875230e-01   1.321341518989856e-01  -5.010000000000001e-02
  4.955045211301853e-01   1.322041187993082e-01  -5.010000000000000e-02
  4.955572678825161e-01   1.322741639284555e-01  -5.010000000000000e-02
  4.956111646916888e-01   1.323444641958503e-01  -5.010000000000000e-02
  4.956662414757344e-01   1.324149912334152e-01  -5.010000000000000e-02
  4.957225701042278e-01   1.324856805671950e-01  -5.010000000000000e-02
  4.957803142856286e-01   1.325563858289172e-01  -5.010000000000000e-02
  4.958392724089544e-01   1.326272572194470e-01  -5.010000000000000e-02
  4.958994663756606e-01   1.326982673090428e-01  -5.010000000000001e-02
  4.959609147195627e-01   1.327693899296540e-01  -5.010000000000000e-02
  4.960236310682788e-01   1.328406016471330e-01  -5.010000000000000e-02
  4.960877674063591e-01   1.329117515768611e-01  -5.010000000000000e-02
  4.961531793082505e-01   1.329829523015888e-01  -5.010000000000000e-02
  4.962198704138463e-01   1.330541869324987e-01  -5.010000000000000e-02
  4.962878484610651e-01   1.331254340043200e-01  -5.010000000000000e-02
  4.963571177808918e-01   1.331966742929060e-01  -5.010000000000000e-02
  4.964276821991993e-01   1.332678881616923e-01  -5.010000000000000e-02
  4.964995465239863e-01   1.333390541837344e-01  -5.010000000000000e-02
  4.965727104554775e-01   1.334101552154977e-01  -5.010000000000000e-02
  4.966471877568005e-01   1.334811585724840e-01  -5.010000000000000e-02
  4.967229962444769e-01   1.335520252397815e-01  -5.010000000000000e-02
  4.968000862649671e-01   1.336227881759331e-01  -5.010000000000000e-02
  4.968784601907003e-01   1.336934253135007e-01  -5.010000000000000e-02
  4.969581182790447e-01   1.337639160340693e-01  -5.009999999999999e-02
  4.970390427860976e-01   1.338342596613281e-01  -5.010000000000000e-02
  4.971212352355384e-01   1.339044329530097e-01  -5.010000000000000e-02
  4.972046854693199e-01   1.339744258486680e-01  -5.009999999999999e-02
  4.972893864384770e-01   1.340442240207487e-01  -5.010000000000000e-02
  4.973753312158719e-01   1.341138125778099e-01  -5.010000000000000e-02
  4.974625051870982e-01   1.341831857323509e-01  -5.010000000000000e-02
  4.975509003576463e-01   1.342523290126432e-01  -5.010000000000000e-02
  4.976405054017480e-01   1.343212318902211e-01  -5.010000000000000e-02
  4.977313104695991e-01   1.343898813625835e-01  -5.010000000000000e-02
  4.978233004456145e-01   1.344582711804885e-01  -5.010000000000000e-02
  4.979164593988005e-01   1.345263958806114e-01  -5.010000000000000e-02
  4.980107760340345e-01   1.345942434677328e-01  -5.010000000000000e-02
  4.981062349744527e-01   1.346618072653060e-01  -5.010000000000000e-02
  4.982028211028166e-01   1.347290799187082e-01  -5.010000000000000e-02
  4.983005229534756e-01   1.347960484781227e-01  -5.010000000000000e-02
  4.983993225527904e-01   1.348627091516786e-01  -5.010000000000001e-02
  4.984992019620201e-01   1.349290578521465e-01  -5.009999999999999e-02
  4.986001445577769e-01   1.349950883664844e-01  -5.010000000000001e-02
  4.987021314928681e-01   1.350607976482260e-01  -5.010000000000001e-02
  4.988051479453695e-01   1.351261761105599e-01  -5.010000000000001e-02
  4.989091749822313e-01   1.351912203696191e-01  -5.010000000000001e-02
  4.990141950491596e-01   1.352559245278494e-01  -5.009999999999999e-02
  4.991201848190229e-01   1.353202919759917e-01  -5.010000000000000e-02
  4.992271329451492e-01   1.353843060042753e-01  -5.010000000000000e-02
  4.993350143929024e-01   1.354479725541622e-01  -5.010000000000000e-02
  4.994438133462061e-01   1.355112816244776e-01  -5.010000000000001e-02
  4.995535044836927e-01   1.355742395011882e-01  -5.010000000000000e-02
  4.996640737066924e-01   1.356368325621938e-01  -5.010000000000000e-02
  4.997755005526332e-01   1.356990581224561e-01  -5.010000000000000e-02
  4.998877638715022e-01   1.357609143936841e-01  -5.010000000000000e-02
  5.000008383006510e-01   1.358224072194084e-01  -5.010000000000000e-02
  5.001147090038198e-01   1.358835227959379e-01  -5.010000000000000e-02
  5.002293519133276e-01   1.359442642754992e-01  -5.010000000000001e-02
  5.003447436618433e-01   1.360046332968424e-01  -5.010000000000000e-02
  5.004608677899752e-01   1.360646180769453e-01  -5.010000000000000e-02
  5.005777029704832e-01   1.361242158852511e-01  -5.010000000000000e-02
  5.006952245398343e-01   1.361834303242976e-01  -5.010000000000000e-02
  5.008134133688384e-01   1.362422538284366e-01  -5.010000000000000e-02
  5.009322462155277e-01   1.363006869386244e-01  -5.010000000000000e-02
  5.010517013961340e-01   1.363587267228480e-01  -5.010000000000000e-02
  5.011717589773679e-01   1.364163665226342e-01  -5.010000000000000e-02
  5.012923955462361e-01   1.364736066241119e-01  -5.010000000000000e-02
  5.014135883361917e-01   1.365304458443986e-01  -5.010000000000000e-02
  5.015353166145971e-01   1.365868784810710e-01  -5.010000000000001e-02
  5.016575598848260e-01   1.366428981033184e-01  -5.010000000000000e-02
  5.017802939881069e-01   1.366985060580585e-01  -5.010000000000000e-02
  5.019034952489331e-01   1.367537025757224e-01  -5.010000000000000e-02
  5.020271448715883e-01   1.368084769223681e-01  -5.010000000000000e-02
  5.021512189888867e-01   1.368628295293131e-01  -5.010000000000000e-02
  5.022757018627748e-01   1.369167420014361e-01  -5.010000000000000e-02
  5.024005741049716e-01   1.369702036875320e-01  -5.010000000000000e-02
  5.025258063584538e-01   1.370232272714060e-01  -5.010000000000000e-02
  5.026513750994063e-01   1.370758121946992e-01  -5.010000000000001e-02
  5.027772582820309e-01   1.371279543864377e-01  -5.010000000000001e-02
  5.029034326771480e-01   1.371796526653003e-01  -5.010000000000000e-02
  5.030298767683274e-01   1.372309016824115e-01  -5.010000000000000e-02
  5.031565694750148e-01   1.372816950260674e-01  -5.010000000000000e-02
  5.032834881851364e-01   1.373320301381827e-01  -5.009999999999999e-02
  5.034106092462526e-01   1.373819072064392e-01  -5.010000000000000e-02
  5.035379105813643e-01   1.374313226086780e-01  -5.010000000000000e-02
  5.036653819221719e-01   1.374802420243665e-01  -5.010000000000000e-02
  5.037930065986900e-01   1.375286467406213e-01  -5.010000000000000e-02
  5.039207476470560e-01   1.375765720159704e-01  -5.010000000000000e-02
  5.040485846686627e-01   1.376240103307848e-01  -5.010000000000000e-02
  5.041764946977614e-01   1.376709613518202e-01  -5.010000000000000e-02
  5.043044548067259e-01   1.377174250070806e-01  -5.010000000000000e-02
  5.044324436384164e-01   1.377633972918052e-01  -5.010000000000000e-02
  5.045604412881831e-01   1.378088705286271e-01  -5.010000000000000e-02
  5.046884418898986e-01   1.378537969852238e-01  -5.010000000000000e-02
  5.048164213096144e-01   1.378981800048695e-01  -5.010000000000000e-02
  5.049443472982935e-01   1.379420476870445e-01  -5.010000000000001e-02
  5.050721956738629e-01   1.379854064078700e-01  -5.010000000000000e-02
  5.051999461986798e-01   1.380282514541170e-01  -5.010000000000000e-02
  5.053275800524194e-01   1.380705746062704e-01  -5.010000000000000e-02
  5.054550791012911e-01   1.381123657305277e-01  -5.010000000000000e-02
  5.055824516323276e-01   1.381535325977137e-01  -5.010000000000000e-02
  5.057096417375201e-01   1.381941814555081e-01  -5.010000000000000e-02
  5.058366329335413e-01   1.382342990886199e-01  -5.010000000000000e-02
  5.059634057240242e-01   1.382738825839111e-01  -5.009999999999999e-02
  5.060899383752653e-01   1.383129369452707e-01  -5.010000000000000e-02
  5.062162385877076e-01   1.383513709008921e-01  -5.010000000000000e-02
  5.063422724432007e-01   1.383892284463454e-01  -5.010000000000000e-02
  5.064680076874697e-01   1.384265518091949e-01  -5.010000000000000e-02
  5.065934249539090e-01   1.384633422255159e-01  -5.010000000000000e-02
  5.067185054060382e-01   1.384996002758757e-01  -5.010000000000000e-02
  5.068432711805552e-01   1.385351829847253e-01  -5.010000000000000e-02
  5.069676675447681e-01   1.385702150601371e-01  -5.010000000000000e-02
  5.070916727346376e-01   1.386047103432483e-01  -5.010000000000000e-02
  5.072152692538118e-01   1.386386693821325e-01  -5.010000000000000e-02
  5.073384593358451e-01   1.386720201932128e-01  -5.010000000000001e-02
  5.074612281235504e-01   1.387047515707287e-01  -5.010000000000000e-02
  5.075835347818600e-01   1.387369532383480e-01  -5.010000000000000e-02
  5.077053620391901e-01   1.387686303812649e-01  -5.010000000000000e-02
  5.078267140605467e-01   1.387997051693850e-01  -5.010000000000000e-02
  5.079475822877877e-01   1.388301461984849e-01  -5.010000000000000e-02
  5.080679214079993e-01   1.388600717894373e-01  -5.010000000000000e-02
  5.081877153155350e-01   1.388894889131455e-01  -5.010000000000000e-02
  5.083069857680995e-01   1.389182479341807e-01  -5.010000000000001e-02
  5.084256947698356e-01   1.389464435249799e-01  -5.010000000000000e-02
  5.085438121826340e-01   1.389741455444928e-01  -5.010000000000000e-02
  5.086613339294521e-01   1.390013160344678e-01  -5.010000000000000e-02
  5.087782799536313e-01   1.390278078216539e-01  -5.010000000000000e-02
  5.088945914545120e-01   1.390538218883189e-01  -5.010000000000001e-02
  5.090102548606844e-01   1.390793675653765e-01  -5.010000000000000e-02
  5.091253060475467e-01   1.391042251093035e-01  -5.010000000000000e-02
  5.092396894578442e-01   1.391285935352402e-01  -5.010000000000000e-02
  5.093533864101839e-01   1.391525118753275e-01  -5.010000000000000e-02
  5.094664251560307e-01   1.391757928581116e-01  -5.010000000000000e-02
  5.095787672291011e-01   1.391985680086080e-01  -5.010000000000000e-02
  5.096903871985019e-01   1.392209168618616e-01  -5.010000000000000e-02
  5.098013147162560e-01   1.392426416168327e-01  -5.010000000000000e-02
  5.099115111777854e-01   1.392638873788399e-01  -5.010000000000000e-02
  5.100209532392602e-01   1.392847336559746e-01  -5.010000000000000e-02
  5.101296802003508e-01   1.393049261719630e-01  -5.010000000000000e-02
  5.102376375328643e-01   1.393247099781977e-01  -5.010000000000000e-02
  5.103448197991902e-01   1.393440779133041e-01  -5.010000000000000e-02
  5.104512565912764e-01   1.393628204274303e-01  -5.010000000000000e-02
  5.105568917535361e-01   1.393812144973268e-01  -5.010000000000000e-02
  5.106617453604139e-01   1.393991098896887e-01  -5.010000000000000e-02
  5.107658083398277e-01   1.394165182486640e-01  -5.010000000000000e-02
  5.108690473588980e-01   1.394336077163759e-01  -5.010000000000000e-02
  5.109715064371010e-01   1.394500748882041e-01  -5.010000000000000e-02
  5.110731290232865e-01   1.394662347136814e-01  -5.010000000000001e-02
  5.111739343611358e-01   1.394819403616542e-01  -5.010000000000000e-02
  5.112739154573037e-01   1.394972033572812e-01  -5.009999999999999e-02
  5.113730473143461e-01   1.395121649139048e-01  -5.010000000000000e-02
  5.114713645657123e-01   1.395265659282485e-01  -5.010000000000000e-02
  5.115688166527563e-01   1.395407262875475e-01  -5.010000000000000e-02
  5.116654393843398e-01   1.395543788286906e-01  -5.010000000000000e-02
  5.117611988772918e-01   1.395677393301686e-01  -5.010000000000000e-02
  5.118561084201633e-01   1.395806993083529e-01  -5.010000000000000e-02
  5.119501599731111e-01   1.395932978187311e-01  -5.010000000000000e-02
  5.120433452269936e-01   1.396055878829275e-01  -5.010000000000000e-02
  5.121356759970808e-01   1.396174645194102e-01  -5.010000000000000e-02
  5.122271286620652e-01   1.396291052007196e-01  -5.010000000000000e-02
  5.123177289621989e-01   1.396402967625383e-01  -5.010000000000000e-02
  5.124074433763161e-01   1.396513067669775e-01  -5.010000000000001e-02
  5.124963049890354e-01   1.396618596378702e-01  -5.010000000000000e-02
  5.125842763781106e-01   1.396722696109924e-01  -5.010000000000000e-02
  5.126713949169325e-01   1.396822196144640e-01  -5.010000000000000e-02
  5.127576223598440e-01   1.396920471532808e-01  -5.010000000000000e-02
  5.128429953479023e-01   1.397014345671752e-01  -5.010000000000000e-02
  5.129274792108028e-01   1.397107046898957e-01  -5.010000000000000e-02
  5.130111068084877e-01   1.397195670228646e-01  -5.010000000000000e-02
  5.130938498314900e-01   1.397283021747971e-01  -5.010000000000000e-02
  5.131757343909100e-01   1.397366771112257e-01  -5.010000000000000e-02
  5.132567411121034e-01   1.397449014755439e-01  -5.010000000000000e-02
  5.133368871455938e-01   1.397528261280833e-01  -5.010000000000001e-02
  5.134161639145560e-01   1.397605647898773e-01  -5.010000000000000e-02
  5.134945781490954e-01   1.397680738742877e-01  -5.010000000000000e-02
  5.135721332722899e-01   1.397753503867384e-01  -5.009999999999999e-02
  5.136488244510084e-01   1.397824768795112e-01  -5.010000000000001e-02
  5.137246678795795e-01   1.397893154002875e-01  -5.010000000000000e-02
  5.137996479068639e-01   1.397960760713707e-01  -5.010000000000000e-02
  5.138737897738723e-01   1.398025169481846e-01  -5.010000000000000e-02
  5.139470770334956e-01   1.398088694099500e-01  -5.010000000000000e-02
  5.140195242473293e-01   1.398150106679351e-01  -5.010000000000000e-02
  5.140911323052787e-01   1.398209810942491e-01  -5.009999999999999e-02
  5.141618998136855e-01   1.398268484027387e-01  -5.010000000000000e-02
  5.142318440848684e-01   1.398324572931905e-01  -5.010000000000000e-02
  5.143009542032845e-01   1.398379992922242e-01  -5.010000000000000e-02
  5.143692452899640e-01   1.398433442354614e-01  -5.010000000000000e-02
  5.144367176133150e-01   1.398485523123773e-01  -5.010000000000001e-02
  5.145033713179029e-01   1.398536864315082e-01  -5.010000000000000e-02
  5.145692237242405e-01   1.398585872341177e-01  -5.010000000000000e-02
  5.146342670613685e-01   1.398634278249792e-01  -5.010000000000000e-02
  5.146985114841094e-01   1.398681439416826e-01  -5.009999999999999e-02
  5.147619650531137e-01   1.398727013400540e-01  -5.010000000000000e-02
  5.148246259780419e-01   1.398772018086911e-01  -5.010000000000000e-02
  5.148865065920835e-01   1.398815520169470e-01  -5.010000000000000e-02
  5.149476098332575e-01   1.398857929083769e-01  -5.010000000000000e-02
  5.150079376934316e-01   1.398899799842224e-01  -5.010000000000000e-02
  5.150675027602276e-01   1.398940166708039e-01  -5.010000000000000e-02
  5.151263062958035e-01   1.398979731716175e-01  -5.010000000000000e-02
  5.151843524313635e-01   1.399018787119955e-01  -5.010000000000000e-02
  5.152416534509740e-01   1.399056413700698e-01  -5.010000000000000e-02
  5.152982108579297e-01   1.399093327928967e-01  -5.010000000000000e-02
  5.153540294345913e-01   1.399129759933039e-01  -5.010000000000000e-02
  5.154091195686329e-01   1.399165084732644e-01  -5.010000000000000e-02
  5.154634851172324e-01   1.399199697746405e-01  -5.010000000000000e-02
  5.155171308962362e-01   1.399233852503135e-01  -5.010000000000000e-02
  5.155700658206719e-01   1.399267163593539e-01  -5.010000000000000e-02
  5.156222963441135e-01   1.399299642574208e-01  -5.010000000000000e-02
  5.156738265300296e-01   1.399331686057634e-01  -5.010000000000000e-02
  5.157246634310682e-01   1.399363218628540e-01  -5.010000000000000e-02
  5.157748161836970e-01   1.399393830861020e-01  -5.009999999999999e-02
  5.158242883137557e-01   1.399424027655159e-01  -5.010000000000000e-02
  5.158730864522582e-01   1.399453813058394e-01  -5.010000000000000e-02
  5.159212188547452e-01   1.399482925662919e-01  -5.010000000000000e-02
  5.159686915504375e-01   1.399511473690799e-01  -5.010000000000000e-02
  5.160155101967967e-01   1.399539628401671e-01  -5.010000000000000e-02
  5.160616814718317e-01   1.399567393811403e-01  -5.010000000000000e-02
  5.161072136001682e-01   1.399594516155656e-01  -5.010000000000000e-02
  5.161521118467112e-01   1.399621236692240e-01  -5.010000000000000e-02
  5.161963827485505e-01   1.399647583873772e-01  -5.010000000000000e-02
  5.162400329918550e-01   1.399673560645350e-01  -5.010000000000000e-02
  5.162830697723601e-01   1.399699083176670e-01  -5.010000000000000e-02
  5.163254992205757e-01   1.399724245535664e-01  -5.010000000000000e-02
  5.163673279917367e-01   1.399749051669151e-01  -5.010000000000000e-02
  5.164085627282090e-01   1.399773505516320e-01  -5.010000000000000e-02
  5.164492101357745e-01   1.399797597776566e-01  -5.010000000000000e-02
  5.164892767555298e-01   1.399821344032593e-01  -5.010000000000000e-02
  5.165287691680507e-01   1.399844749973612e-01  -5.010000000000001e-02
  5.165676939434446e-01   1.399867819493524e-01  -5.010000000000000e-02
  5.166060572159488e-01   1.399890625936667e-01  -5.010000000000000e-02
  5.166438655069364e-01   1.399913173363252e-01  -5.009999999999999e-02
  5.166811257386592e-01   1.399935393948138e-01  -5.010000000000000e-02
  5.167178443790611e-01   1.399957291548562e-01  -5.010000000000000e-02
  5.167540278664615e-01   1.399978870004092e-01  -5.010000000000000e-02
  5.167896813776831e-01   1.400000338216914e-01  -5.010000000000000e-02
  5.168248122462738e-01   1.400021540146245e-01  -5.009999999999999e-02
  5.168594271063193e-01   1.400042430657807e-01  -5.010000000000000e-02
  5.168935322628784e-01   1.400063013556784e-01  -5.010000000000000e-02
  5.169271339844557e-01   1.400083292626300e-01  -5.010000000000000e-02
  5.169602368369544e-01   1.400103545065602e-01  -5.010000000000000e-02
  5.169928482283072e-01   1.400123574878451e-01  -5.009999999999999e-02
  5.170249747905602e-01   1.400143306910810e-01  -5.010000000000000e-02
  5.170566226341623e-01   1.400162744915696e-01  -5.009999999999999e-02
  5.170877978275703e-01   1.400181892620336e-01  -5.010000000000000e-02
  5.171185054832788e-01   1.400200900685139e-01  -5.010000000000000e-02
  5.171487507527871e-01   1.400219906417737e-01  -5.010000000000001e-02
  5.171785413564740e-01   1.400238626444267e-01  -5.010000000000000e-02
  5.172078831855851e-01   1.400257064466710e-01  -5.010000000000000e-02
  5.172367820852624e-01   1.400275224158079e-01  -5.010000000000000e-02
  5.172652438538667e-01   1.400293109161987e-01  -5.010000000000000e-02
  5.172932728837518e-01   1.400310936195590e-01  -5.010000000000000e-02
  5.173208743909106e-01   1.400328785223294e-01  -5.010000000000000e-02
  5.173480559240251e-01   1.400346362666975e-01  -5.010000000000000e-02
  5.173748230877777e-01   1.400363672151006e-01  -5.010000000000000e-02
  5.174011814373341e-01   1.400380717267736e-01  -5.010000000000001e-02
  5.174271364779174e-01   1.400397501577222e-01  -5.010000000000000e-02
  5.174526936644203e-01   1.400414028606971e-01  -5.010000000000000e-02
  5.174778551261124e-01   1.400430799887611e-01  -5.010000000000000e-02
  5.175026292286333e-01   1.400447360766627e-01  -5.009999999999999e-02
  5.175270215909357e-01   1.400463666461683e-01  -5.010000000000000e-02
  5.175510374626731e-01   1.400479720482044e-01  -5.010000000000000e-02
  5.175746820417618e-01   1.400495526302390e-01  -5.009999999999999e-02
  5.175979604741953e-01   1.400511087362690e-01  -5.009999999999999e-02
  5.176208778538897e-01   1.400526407068102e-01  -5.010000000000000e-02
  5.176434364124348e-01   1.400541900822899e-01  -5.010000000000000e-02
  5.176656426774117e-01   1.400557346428348e-01  -5.010000000000000e-02
  5.176875029214192e-01   1.400572551358322e-01  -5.010000000000000e-02
  5.177090220281809e-01   1.400587519009704e-01  -5.010000000000000e-02
  5.177302048289930e-01   1.400602252742909e-01  -5.010000000000000e-02
  5.177510561027281e-01   1.400616755881890e-01  -5.010000000000000e-02
  5.177715805758634e-01   1.400631031714158e-01  -5.010000000000001e-02
  5.177917829225307e-01   1.400645083490811e-01  -5.010000000000000e-02
  5.178116655451305e-01   1.400659226754774e-01  -5.010000000000000e-02
  5.178312332827469e-01   1.400673426772531e-01  -5.010000000000000e-02
  5.178504926687362e-01   1.400687403024073e-01  -5.010000000000000e-02
  5.178694481678124e-01   1.400701158749377e-01  -5.010000000000000e-02
  5.178881041929100e-01   1.400714697150844e-01  -5.010000000000000e-02
  5.179064651053500e-01   1.400728021393421e-01  -5.010000000000000e-02
  5.179245352150237e-01   1.400741134604731e-01  -5.010000000000000e-02
  5.179423187805908e-01   1.400754039875222e-01  -5.010000000000000e-02
  5.179598200096942e-01   1.400766740258317e-01  -5.010000000000000e-02
  5.179770423134663e-01   1.400779339088355e-01  -5.010000000000000e-02
  5.179939868603738e-01   1.400792234556371e-01  -5.009999999999999e-02
  5.180106614605622e-01   1.400804924584293e-01  -5.010000000000001e-02
  5.180270701189806e-01   1.400817412220048e-01  -5.009999999999999e-02
  5.180432167908491e-01   1.400829700473713e-01  -5.010000000000000e-02
  5.180591053819493e-01   1.400841792317741e-01  -5.010000000000000e-02
  5.180747397489276e-01   1.400853690687193e-01  -5.010000000000000e-02
  5.180901236996058e-01   1.400865398479972e-01  -5.010000000000000e-02
  5.181052609933045e-01   1.400876918557067e-01  -5.010000000000001e-02
  5.181201553411717e-01   1.400888253742810e-01  -5.010000000000000e-02
  5.181348104065241e-01   1.400899406825129e-01  -5.010000000000000e-02
  5.181492290774534e-01   1.400910473635274e-01  -5.010000000000000e-02
  5.181634117900245e-01   1.400921857560237e-01  -5.010000000000000e-02
  5.181773660004654e-01   1.400933058075215e-01  -5.010000000000000e-02
  5.181910951831846e-01   1.400944077968983e-01  -5.010000000000000e-02
  5.182046027665793e-01   1.400954919993386e-01  -5.009999999999999e-02
  5.182178921334160e-01   1.400965586863642e-01  -5.010000000000000e-02
  5.182309666212157e-01   1.400976081258653e-01  -5.010000000000000e-02
  5.182438295226445e-01   1.400986405821316e-01  -5.010000000000000e-02
  5.182564840859077e-01   1.400996563158843e-01  -5.010000000000000e-02
  5.182689335151495e-01   1.401006555843078e-01  -5.009999999999999e-02
  5.182811809708544e-01   1.401016386410822e-01  -5.009999999999999e-02
  5.182932295702547e-01   1.401026057364160e-01  -5.010000000000000e-02
  5.183050823877384e-01   1.401035571170786e-01  -5.010000000000000e-02
  5.183167424552616e-01   1.401044930264337e-01  -5.010000000000000e-02
  5.183282219630472e-01   1.401052871985580e-01  -5.010000000000000e-02
  5.183395177686158e-01   1.401060236201557e-01  -5.010000000000000e-02
  5.183506294690226e-01   1.401067480391551e-01  -5.010000000000000e-02
  5.183615663065232e-01   1.401073331319253e-01  -5.010000000000000e-02
  5.183723346773882e-01   1.401077077088194e-01  -5.010000000000000e-02
  5.183829271644694e-01   1.401080761676106e-01  -5.010000000000001e-02
  5.183933465215668e-01   1.401084386040896e-01  -5.010000000000000e-02
  5.184036005904797e-01   1.401085288004570e-01  -5.010000000000000e-02
  5.184136878198205e-01   1.401085664193197e-01  -5.010000000000000e-02
  5.184236098485165e-01   1.401086034220906e-01  -5.010000000000001e-02
  5.184333689425277e-01   1.401086133049078e-01  -5.010000000000000e-02
  5.184429643619639e-01   1.401083348030806e-01  -5.010000000000000e-02
  5.184524023374967e-01   1.401080608709769e-01  -5.010000000000000e-02
  5.184616853580737e-01   1.401077914363566e-01  -5.010000000000000e-02
  5.184708142114514e-01   1.401074904360206e-01  -5.010000000000000e-02
  5.184797803549931e-01   1.401069208854631e-01  -5.010000000000000e-02
  5.184885990298549e-01   1.401063607024634e-01  -5.010000000000000e-02
  5.184972725789243e-01   1.401058097381959e-01  -5.010000000000000e-02
  5.185058033106095e-01   1.401052678460251e-01  -5.010000000000000e-02
  5.185141704915418e-01   1.401044536255645e-01  -5.010000000000000e-02
  5.185223978611753e-01   1.401036297443216e-01  -5.010000000000000e-02
  5.185304895402607e-01   1.401028194510057e-01  -5.009999999999999e-02
  5.185384476969629e-01   1.401020225284987e-01  -5.010000000000000e-02
  5.185462558010374e-01   1.401010837661952e-01  -5.010000000000000e-02
  5.185539162090385e-01   1.401000050512153e-01  -5.010000000000001e-02
  5.185614500195950e-01   1.400989441632963e-01  -5.010000000000000e-02
  5.185688592641511e-01   1.400979008163765e-01  -5.009999999999999e-02
  5.185761459435755e-01   1.400968747286998e-01  -5.010000000000000e-02
  5.185832701172277e-01   1.400956087442312e-01  -5.010000000000000e-02
  5.185902675078558e-01   1.400943096418980e-01  -5.010000000000000e-02
  5.185971489853476e-01   1.400930320594474e-01  -5.010000000000000e-02
  5.186039164187980e-01   1.400917756498724e-01  -5.010000000000000e-02
  5.186105716488627e-01   1.400905400714454e-01  -5.010000000000000e-02
  5.186170578860982e-01   1.400890467149765e-01  -5.010000000000000e-02
  5.186234293902572e-01   1.400875444267226e-01  -5.010000000000000e-02
  5.186296951206817e-01   1.400860670780489e-01  -5.010000000000000e-02
  5.186358567905938e-01   1.400846142650078e-01  -5.010000000000000e-02
  5.186419160868925e-01   1.400831855898584e-01  -5.010000000000000e-02
  5.186478167322501e-01   1.400815617491033e-01  -5.010000000000000e-02
  5.186535925207826e-01   1.400798638648332e-01  -5.010000000000000e-02
  5.186592722345698e-01   1.400781942232520e-01  -5.010000000000000e-02
  5.186648574361017e-01   1.400765523650411e-01  -5.010000000000001e-02
  5.186703496636466e-01   1.400749378380022e-01  -5.010000000000000e-02
  5.186757319323436e-01   1.400732936630720e-01  -5.010000000000000e-02
  5.186809383181650e-01   1.400714133814621e-01  -5.010000000000000e-02
  5.186860579427943e-01   1.400695644335796e-01  -5.010000000000000e-02
  5.186910922225307e-01   1.400677463079292e-01  -5.010000000000000e-02
  5.186960425515400e-01   1.400659585010093e-01  -5.010000000000001e-02
  5.187009103021671e-01   1.400642005171987e-01  -5.010000000000000e-02
  5.187056513832263e-01   1.400623585668428e-01  -5.010000000000000e-02
  5.187102281745142e-01   1.400603350550903e-01  -5.010000000000001e-02
  5.187147285445193e-01   1.400583453310624e-01  -5.010000000000000e-02
  5.187191537458322e-01   1.400563888409581e-01  -5.010000000000000e-02
  5.187235050112978e-01   1.400544650397065e-01  -5.010000000000001e-02
  5.187277835542993e-01   1.400525733908410e-01  -5.010000000000000e-02
  5.187319658994763e-01   1.400506630996179e-01  -5.010000000000000e-02
  5.187359433744784e-01   1.400485098205893e-01  -5.010000000000000e-02
  5.187398543160068e-01   1.400463925606768e-01  -5.010000000000000e-02
  5.187436998185799e-01   1.400443107273426e-01  -5.010000000000000e-02
  5.187474809593272e-01   1.400422637374631e-01  -5.010000000000000e-02
  5.187511987982447e-01   1.400402510171899e-01  -5.009999999999999e-02
  5.187548543784479e-01   1.400382720018135e-01  -5.010000000000000e-02
  5.187583441075256e-01   1.400361522926417e-01  -5.010000000000000e-02
  5.187616895178490e-01   1.400339254442607e-01  -5.010000000000000e-02
  5.187649788626683e-01   1.400317359154801e-01  -5.010000000000000e-02
  5.187682130678135e-01   1.400295830900281e-01  -5.010000000000000e-02
  5.187713930442870e-01   1.400274663615023e-01  -5.010000000000000e-02
  5.187745196884858e-01   1.400253851332226e-01  -5.010000000000001e-02
  5.187775938824207e-01   1.400233388180847e-01  -5.010000000000000e-02
  5.187805153968804e-01   1.400211910594855e-01  -5.010000000000000e-02
  5.187832625602751e-01   1.400189110360848e-01  -5.010000000000000e-02
  5.187859636075929e-01   1.400166692869762e-01  -5.010000000000000e-02
  5.187886193029323e-01   1.400144651779920e-01  -5.010000000000000e-02
  5.187912303980681e-01   1.400122980851927e-01  -5.010000000000000e-02
  5.187937976326387e-01   1.400101673947112e-01  -5.010000000000000e-02
  5.187963217343313e-01   1.400080725025995e-01  -5.010000000000000e-02
  5.187988034190644e-01   1.400060128146772e-01  -5.010000000000000e-02
  5.188010596458194e-01   1.400037914706014e-01  -5.010000000000000e-02
  5.188032043743766e-01   1.400015288863251e-01  -5.010000000000001e-02
  5.188053130396416e-01   1.399993043470672e-01  -5.009999999999999e-02
  5.188073862411674e-01   1.399971172203287e-01  -5.010000000000000e-02
  5.188094245687688e-01   1.399949668838838e-01  -5.010000000000000e-02
  5.188114286026730e-01   1.399928527256206e-01  -5.010000000000000e-02
  5.188133989136687e-01   1.399907741433853e-01  -5.010000000000001e-02
  5.188153360632514e-01   1.399887305448274e-01  -5.009999999999999e-02
  5.188172015480321e-01   1.399866889946609e-01  -5.010000000000000e-02
  5.188187939387292e-01   1.399844816116945e-01  -5.010000000000000e-02
  5.188203595146093e-01   1.399823113996125e-01  -5.010000000000000e-02
  5.188218987227787e-01   1.399801777386328e-01  -5.010000000000000e-02
  5.188234120030382e-01   1.399780800191008e-01  -5.010000000000000e-02
  5.188248997879964e-01   1.399760176413312e-01  -5.010000000000000e-02
  5.188263625031833e-01   1.399739900154514e-01  -5.010000000000000e-02
  5.188278005671612e-01   1.399719965612476e-01  -5.010000000000000e-02
  5.188292143916339e-01   1.399700367080130e-01  -5.010000000000000e-02
  5.188306043815554e-01   1.399681098943977e-01  -5.010000000000000e-02
  5.188318669890467e-01   1.399661515231371e-01  -5.010000000000000e-02
  5.188329263249099e-01   1.399641140516046e-01  -5.010000000000000e-02
  5.188339677944024e-01   1.399621109433209e-01  -5.010000000000000e-02
  5.188349916963614e-01   1.399601416235178e-01  -5.010000000000000e-02
  5.188359983247093e-01   1.399582055268802e-01  -5.010000000000000e-02
  5.188369879685322e-01   1.399563020973956e-01  -5.010000000000000e-02
  5.188379609121554e-01   1.399544307882064e-01  -5.010000000000000e-02
  5.188389174352210e-01   1.399525910614643e-01  -5.009999999999999e-02
  5.188398578127613e-01   1.399507823881865e-01  -5.010000000000000e-02
  5.188407823152722e-01   1.399490042481149e-01  -5.010000000000000e-02
  5.188416912087865e-01   1.399472561295758e-01  -5.010000000000000e-02
  5.188425847549448e-01   1.399455375293437e-01  -5.010000000000000e-02
  5.188432693768564e-01   1.399437653825641e-01  -5.009999999999999e-02
  5.188438688392502e-01   1.399419918162849e-01  -5.010000000000000e-02
  5.188444581756393e-01   1.399402482087497e-01  -5.010000000000000e-02
  5.188450375559216e-01   1.399385340572998e-01  -5.010000000000000e-02
  5.188456071471826e-01   1.399368488675963e-01  -5.010000000000001e-02
  5.188461671137415e-01   1.399351921534861e-01  -5.010000000000000e-02
  5.188467176171951e-01   1.399335634368696e-01  -5.010000000000000e-02
  5.188472588164617e-01   1.399319622475714e-01  -5.010000000000000e-02
  5.188477908678248e-01   1.399303881232122e-01  -5.010000000000000e-02
  5.188483139249753e-01   1.399288406090830e-01  -5.010000000000000e-02
  5.188488281390535e-01   1.399273192580210e-01  -5.010000000000000e-02
  5.188493336586904e-01   1.399258236302876e-01  -5.010000000000001e-02
  5.188498306300480e-01   1.399243532934481e-01  -5.010000000000000e-02
  5.188503191968596e-01   1.399229078222533e-01  -5.010000000000000e-02
  5.188507995004700e-01   1.399214867985230e-01  -5.010000000000000e-02
