498
  4.981071396129490e-01   1.355569226742370e-01  -5.010000000000000e-02
  4.981076219885242e-01   1.355555058943485e-01  -5.010000000000001e-02
  4.981077975468558e-01   1.355539294384358e-01  -5.010000000000000e-02
  4.981076754686106e-01   1.355522465454856e-01  -5.010000000000000e-02
  4.981072908823820e-01   1.355505004549870e-01  -5.010000000000000e-02
  4.981066795467549e-01   1.355487052036307e-01  -5.010000000000000e-02
  4.981058685305069e-01   1.355468643270000e-01  -5.009999999999999e-02
  4.981048754314727e-01   1.355449745369683e-01  -5.010000000000001e-02
  4.981037125346492e-01   1.355430330386837e-01  -5.010000000000001e-02
  4.981023836625207e-01   1.355410303090702e-01  -5.010000000000001e-02
  4.981008972206008e-01   1.355389685804646e-01  -5.009999999999999e-02
  4.980992487777297e-01   1.355368350230287e-01  -5.010000000000000e-02
  4.980974345473664e-01   1.355346215277289e-01  -5.009999999999999e-02
  4.980954514484445e-01   1.355323228736389e-01  -5.010000000000000e-02
  4.980932958842276e-01   1.355299344121921e-01  -5.009999999999999e-02
  4.980909600030108e-01   1.355274478537786e-01  -5.010000000000000e-02
  4.980884401401921e-01   1.355248602716694e-01  -5.010000000000000e-02
  4.980857179843747e-01   1.355221546687552e-01  -5.010000000000000e-02
  4.980827927049076e-01   1.355193324796687e-01  -5.010000000000000e-02
  4.980796511368352e-01   1.355163833103266e-01  -5.010000000000000e-02
  4.980762819809328e-01   1.355132992505128e-01  -5.010000000000000e-02
  4.980726730937435e-01   1.355100721023693e-01  -5.010000000000000e-02
  4.980688114979497e-01   1.355066933653104e-01  -5.010000000000001e-02
  4.980646833892227e-01   1.355031542240349e-01  -5.010000000000000e-02
  4.980602741400123e-01   1.354994455384327e-01  -5.010000000000000e-02
  4.980555568362299e-01   1.354955484441841e-01  -5.010000000000000e-02
  4.980505307994247e-01   1.354914661503228e-01  -5.010000000000000e-02
  4.980451711916300e-01   1.354871821665485e-01  -5.010000000000000e-02
  4.980394587759162e-01   1.354826850579068e-01  -5.010000000000001e-02
  4.980333731566669e-01   1.354779628205055e-01  -5.009999999999999e-02
  4.980268927266398e-01   1.354730028496705e-01  -5.010000000000000e-02
  4.980199946108215e-01   1.354677919074992e-01  -5.009999999999999e-02
  4.980126546074462e-01   1.354623160899283e-01  -5.009999999999999e-02
  4.980048471266365e-01   1.354565607935143e-01  -5.010000000000000e-02
  4.979965451272713e-01   1.354505106822444e-01  -5.009999999999999e-02
  4.979877200525449e-01   1.354441496545857e-01  -5.010000000000000e-02
  4.979783417655516e-01   1.354374608116112e-01  -5.010000000000001e-02
  4.979683893191887e-01   1.354304340380834e-01  -5.009999999999999e-02
  4.979578118006328e-01   1.354230384064275e-01  -5.010000000000000e-02
  4.979465817701959e-01   1.354152599736937e-01  -5.010000000000001e-02
  4.979346615531957e-01   1.354070779382808e-01  -5.010000000000000e-02
  4.979220137817833e-01   1.353984720654060e-01  -5.009999999999999e-02
  4.979085970656633e-01   1.353894197303013e-01  -5.010000000000000e-02
  4.978943686236589e-01   1.353798977472215e-01  -5.009999999999999e-02
  4.978792835725716e-01   1.353698818976081e-01  -5.010000000000000e-02
  4.978632948614981e-01   1.353593469039131e-01  -5.010000000000000e-02
  4.978463532087142e-01   1.353482664057424e-01  -5.010000000000000e-02
  4.978284070419379e-01   1.353366129388123e-01  -5.009999999999999e-02
  4.978094024428851e-01   1.353243579172705e-01  -5.010000000000000e-02
  4.977892830971282e-01   1.353114716199897e-01  -5.010000000000000e-02
  4.977679894754139e-01   1.352979226899815e-01  -5.009999999999999e-02
  4.977454616879251e-01   1.352836799678596e-01  -5.009999999999999e-02
  4.977216285212953e-01   1.352687056022586e-01  -5.009999999999999e-02
  4.976964388912478e-01   1.352529748205706e-01  -5.010000000000000e-02
  4.976698155090904e-01   1.352364468482719e-01  -5.009999999999999e-02
  4.976416870556685e-01   1.352190851667183e-01  -5.010000000000000e-02
  4.976119797314691e-01   1.352008522084071e-01  -5.010000000000000e-02
  4.975806188060610e-01   1.351817103222110e-01  -5.010000000000000e-02
  4.975475220697722e-01   1.351616178068486e-01  -5.009999999999999e-02
  4.975126189633004e-01   1.351405405386955e-01  -5.009999999999999e-02
  4.974758066003908e-01   1.351184254259105e-01  -5.010000000000000e-02
  4.974370126081664e-01   1.350952383627302e-01  -5.009999999999999e-02
  4.973961495284748e-01   1.350709367108334e-01  -5.009999999999999e-02
  4.973531282640691e-01   1.350454774655379e-01  -5.009999999999999e-02
  4.973078583107892e-01   1.350188174218409e-01  -5.009999999999999e-02
  4.972602480203030e-01   1.349909133598475e-01  -5.010000000000000e-02
  4.972102048964892e-01   1.349617222516501e-01  -5.009999999999999e-02
  4.971576281505742e-01   1.349311969864364e-01  -5.010000000000000e-02
  4.971024473955824e-01   1.348993088255254e-01  -5.009999999999999e-02
  4.970445550522122e-01   1.348659930357903e-01  -5.009999999999999e-02
  4.969840676107740e-01   1.348308609462222e-01  -5.009999999999999e-02
  4.969210189978823e-01   1.347936652608109e-01  -5.009999999999999e-02
  4.968553650595389e-01   1.347542998919149e-01  -5.009999999999999e-02
  4.967870683252830e-01   1.347126559305187e-01  -5.009999999999998e-02
  4.967160989043974e-01   1.346686220090423e-01  -5.009999999999998e-02
  4.966424354113213e-01   1.346220847427722e-01  -5.009999999999997e-02
  4.965660659112077e-01   1.345729292564780e-01  -5.009999999999997e-02
  4.964869888747359e-01   1.345210398022599e-01  -5.009999999999996e-02
  4.964052141293892e-01   1.344663004738835e-01  -5.009999999999996e-02
  4.963207637925002e-01   1.344085960217657e-01  -5.009999999999996e-02
  4.962336731694969e-01   1.343478127713527e-01  -5.009999999999996e-02
  4.961439915990278e-01   1.342838396458468e-01  -5.009999999999996e-02
  4.960517832250798e-01   1.342165692920911e-01  -5.009999999999995e-02
  4.959571276749180e-01   1.341458993059019e-01  -5.009999999999995e-02
  4.958601206207695e-01   1.340717335502696e-01  -5.009999999999994e-02
  4.957608742027372e-01   1.339939835566667e-01  -5.009999999999994e-02
  4.956595172905731e-01   1.339125699962579e-01  -5.009999999999994e-02
  4.955561955627352e-01   1.338274242041942e-01  -5.009999999999994e-02
  4.954510713827052e-01   1.337384897364846e-01  -5.009999999999993e-02
  4.953443234548873e-01   1.336457239353145e-01  -5.009999999999993e-02
  4.952361462455960e-01   1.335490994752662e-01  -5.009999999999992e-02
  4.951267491586651e-01   1.334486058598537e-01  -5.009999999999992e-02
  4.950163554600356e-01   1.333442508353052e-01  -5.009999999999992e-02
  4.949052009512269e-01   1.332360616867698e-01  -5.009999999999992e-02
  4.947935323977406e-01   1.331240863812815e-01  -5.009999999999992e-02
  4.946816057250135e-01   1.330083945220161e-01  -5.009999999999991e-02
  4.945696840013161e-01   1.328890780797598e-01  -5.009999999999991e-02
  4.944580352337431e-01   1.327662518701422e-01  -5.009999999999991e-02
  4.943469300098727e-01   1.326400537490935e-01  -5.009999999999990e-02
  4.942366390235227e-01   1.325106445041364e-01  -5.009999999999990e-02
  4.941274305279900e-01   1.323782074254120e-01  -5.009999999999990e-02
  4.940195677639958e-01   1.322429475475971e-01  -5.009999999999990e-02
  4.939133064120169e-01   1.321050905618711e-01  -5.009999999999990e-02
  4.938088921196171e-01   1.319648814055521e-01  -5.009999999999990e-02
  4.937065581536771e-01   1.318225825456150e-01  -5.009999999999990e-02
  4.936065232250454e-01   1.316784719806944e-01  -5.009999999999990e-02
  4.935089895291329e-01   1.315328409939984e-01  -5.009999999999990e-02
  4.934141410405050e-01   1.313859916964923e-01  -5.009999999999990e-02
  4.933221420927761e-01   1.312382344054553e-01  -5.009999999999990e-02
  4.932331362673786e-01   1.310898849078211e-01  -5.009999999999990e-02
  4.931472456063658e-01   1.309412616604190e-01  -5.009999999999990e-02
  4.930645701556813e-01   1.307926829802372e-01  -5.009999999999990e-02
  4.929851878366371e-01   1.306444642771305e-01  -5.009999999999990e-02
  4.929091546350411e-01   1.304969153790503e-01  -5.009999999999990e-02
  4.928365050898135e-01   1.303503379960531e-01  -5.009999999999990e-02
  4.927672530562964e-01   1.302050233642303e-01  -5.009999999999990e-02
  4.927013927139999e-01   1.300612501045834e-01  -5.009999999999990e-02
  4.926388997843741e-01   1.299192823250131e-01  -5.009999999999990e-02
  4.925797329214124e-01   1.297793679863165e-01  -5.009999999999990e-02
  4.925238352364819e-01   1.296417375456900e-01  -5.009999999999991e-02
  4.924711359186689e-01   1.295066028839939e-01  -5.009999999999991e-02
  4.924215519130029e-01   1.293741565161982e-01  -5.009999999999991e-02
  4.923749896210271e-01   1.292445710782056e-01  -5.009999999999991e-02
  4.923313465911254e-01   1.291179990777847e-01  -5.009999999999992e-02
  4.922905131695965e-01   1.289945728927666e-01  -5.009999999999992e-02
  4.922523740874827e-01   1.288744049960013e-01  -5.009999999999992e-02
  4.922168099624108e-01   1.287575883838651e-01  -5.009999999999992e-02
  4.921836986990218e-01   1.286441971833194e-01  -5.009999999999992e-02
  4.921529167757782e-01   1.285342874115884e-01  -5.009999999999993e-02
  4.921243404099363e-01   1.284278978623644e-01  -5.009999999999993e-02
  4.920978465961352e-01   1.283250510929637e-01  -5.009999999999993e-02
  4.920733140173281e-01   1.282257544879263e-01  -5.009999999999994e-02
  4.920506238296142e-01   1.281300013760755e-01  -5.009999999999994e-02
  4.920296603248947e-01   1.280377721799060e-01  -5.009999999999994e-02
  4.920103114771940e-01   1.279490355782520e-01  -5.009999999999994e-02
  4.919924693799471e-01   1.278637496654064e-01  -5.009999999999994e-02
  4.919760305826132e-01   1.277818630921259e-01  -5.009999999999994e-02
  4.919608963356588e-01   1.277033161762099e-01  -5.009999999999995e-02
  4.919469727533023e-01   1.276280419725097e-01  -5.009999999999995e-02
  4.919341709034974e-01   1.275559672942770e-01  -5.009999999999995e-02
  4.919224068344674e-01   1.274870136796581e-01  -5.009999999999995e-02
  4.919116015467702e-01   1.274210982988670e-01  -5.009999999999996e-02
  4.919016809193905e-01   1.273581347991071e-01  -5.009999999999996e-02
  4.918925755977724e-01   1.272980340856597e-01  -5.009999999999996e-02
  4.918842208510588e-01   1.272407050387177e-01  -5.009999999999996e-02
  4.918765564051156e-01   1.271860551665237e-01  -5.009999999999996e-02
  4.918695262572199e-01   1.271339911961763e-01  -5.009999999999996e-02
  4.918630784775988e-01   1.270844196041233e-01  -5.009999999999996e-02
  4.918571650023341e-01   1.270372470888662e-01  -5.009999999999996e-02
  4.918517414215164e-01   1.269923809887847e-01  -5.009999999999997e-02
  4.918467667659347e-01   1.269497296482550e-01  -5.009999999999997e-02
  4.918422032950444e-01   1.269092027354154e-01  -5.009999999999997e-02
  4.918380162884634e-01   1.268707115150175e-01  -5.009999999999997e-02
  4.918341738427999e-01   1.268341690798288e-01  -5.009999999999997e-02
  4.918306466752244e-01   1.267994905440171e-01  -5.009999999999998e-02
  4.918274079348571e-01   1.267665932018693e-01  -5.009999999999998e-02
  4.918244355796291e-01   1.267353917977878e-01  -5.009999999999998e-02
  4.918216736665254e-01   1.267058252546107e-01  -5.009999999999998e-02
  4.918190653861294e-01   1.266778094252327e-01  -5.009999999999997e-02
  4.918165789489460e-01   1.266512713003273e-01  -5.009999999999998e-02
  4.918141842979807e-01   1.266261479433989e-01  -5.009999999999996e-02
  4.918118522009506e-01   1.266023727090100e-01  -5.009999999999998e-02
  4.918095543250137e-01   1.265798723878174e-01  -5.009999999999997e-02
  4.918072667878469e-01   1.265585971275047e-01  -5.009999999999999e-02
  4.918049671568571e-01   1.265384847798562e-01  -5.009999999999997e-02
  4.918026369247285e-01   1.265194798127401e-01  -5.009999999999996e-02
  4.918002616339673e-01   1.265015292187181e-01  -5.009999999999998e-02
  4.917978312730252e-01   1.264845823353142e-01  -5.009999999999997e-02
  4.917953404816486e-01   1.264685906315654e-01  -5.009999999999999e-02
  4.917927885149462e-01   1.264535074820281e-01  -5.009999999999998e-02
  4.917901789452345e-01   1.264392879518753e-01  -5.009999999999999e-02
  4.917875191178990e-01   1.264258886142429e-01  -5.009999999999998e-02
  4.917848194134893e-01   1.264132674147797e-01  -5.009999999999999e-02
  4.917820923940437e-01   1.264013835902477e-01  -5.009999999999999e-02
  4.917793519214760e-01   1.263901976398468e-01  -5.009999999999999e-02
  4.917766123290558e-01   1.263796713411408e-01  -5.009999999999999e-02
  4.917738877075725e-01   1.263697677979556e-01  -5.009999999999999e-02
  4.917711913422882e-01   1.263604515057367e-01  -5.009999999999999e-02
  4.917685353117406e-01   1.263516884204005e-01  -5.009999999999999e-02
  4.917659302394886e-01   1.263434460190988e-01  -5.009999999999999e-02
  4.917633850217575e-01   1.263356928802546e-01  -5.009999999999999e-02
  4.917609074187930e-01   1.263284005345257e-01  -5.009999999999999e-02
  4.917585032326639e-01   1.263215407749775e-01  -5.009999999999999e-02
  4.917561769896581e-01   1.263150873970966e-01  -5.010000000000000e-02
  4.917539319400786e-01   1.263090157308029e-01  -5.010000000000001e-02
  4.917517702092211e-01   1.263033025887542e-01  -5.010000000000001e-02
  4.917496895193927e-01   1.262979174139110e-01  -5.010000000000001e-02
  4.917476963854741e-01   1.262928558424451e-01  -5.010000000000001e-02
  4.917457876954408e-01   1.262880915535779e-01  -5.010000000000000e-02
  4.917439625254426e-01   1.262836066436299e-01  -5.009999999999999e-02
  4.917422194840717e-01   1.262793843295742e-01  -5.010000000000000e-02
  4.917405568061807e-01   1.262754088781723e-01  -5.010000000000001e-02
  4.917389724339765e-01   1.262716655383366e-01  -5.010000000000001e-02
  4.917374640864079e-01   1.262681404771138e-01  -5.010000000000001e-02
  4.917360293180159e-01   1.262648207194687e-01  -5.010000000000001e-02
  4.917346655684534e-01   1.262616940918901e-01  -5.010000000000001e-02
  4.917333702038406e-01   1.262587491697413e-01  -5.010000000000001e-02
  4.917321405510446e-01   1.262559752282063e-01  -5.010000000000001e-02
  4.917309739258757e-01   1.262533621966480e-01  -5.010000000000001e-02
  4.917298676560822e-01   1.262509006161707e-01  -5.010000000000001e-02
  4.917288190999225e-01   1.262485816001733e-01  -5.010000000000000e-02
  4.917278256609939e-01   1.262463967976812e-01  -5.010000000000001e-02
  4.917268847999039e-01   1.262443383592516e-01  -5.010000000000001e-02
  4.917259940432899e-01   1.262423989052577e-01  -5.010000000000001e-02
  4.917251509906185e-01   1.262405714963681e-01  -5.010000000000001e-02
  4.917243533191348e-01   1.262388496060543e-01  -5.010000000000001e-02
  4.917235987872735e-01   1.262372270949674e-01  -5.010000000000001e-02
  4.917228852367975e-01   1.262356981870414e-01  -5.010000000000001e-02
  4.917222105937981e-01   1.262342574469916e-01  -5.010000000000001e-02
  4.917215728586861e-01   1.262328997377097e-01  -5.010000000000001e-02
  4.917209335315842e-01   1.262315426750174e-01  -5.010000000000001e-02
  4.917202610199833e-01   1.262301194576791e-01  -5.010000000000000e-02
  4.917195599948090e-01   1.262286404892021e-01  -5.010000000000000e-02
  4.917188224875725e-01   1.262270895172085e-01  -5.010000000000000e-02
  4.917180489069080e-01   1.262254680446211e-01  -5.010000000000001e-02
  4.917172374485073e-01   1.262237729564996e-01  -5.010000000000001e-02
  4.917163862190559e-01   1.262220010120766e-01  -5.010000000000001e-02
  4.917154932326756e-01   1.262201488414179e-01  -5.010000000000001e-02
  4.917145544571632e-01   1.262182097108512e-01  -5.009999999999999e-02
  4.917135693321299e-01   1.262161848843588e-01  -5.010000000000000e-02
  4.917125342668940e-01   1.262140685414384e-01  -5.010000000000001e-02
  4.917114465014365e-01   1.262118567755861e-01  -5.010000000000000e-02
  4.917103030989526e-01   1.262095455458010e-01  -5.010000000000000e-02
  4.917091009318841e-01   1.262071306764407e-01  -5.010000000000000e-02
  4.917078402275608e-01   1.262046149394782e-01  -5.010000000000001e-02
  4.917065112102184e-01   1.262019814605710e-01  -5.010000000000000e-02
  4.917051127216598e-01   1.261992309517877e-01  -5.010000000000000e-02
  4.917036406331454e-01   1.261963585791324e-01  -5.010000000000000e-02
  4.917020905092433e-01   1.261933593485665e-01  -5.010000000000000e-02
  4.917004576045734e-01   1.261902281560196e-01  -5.010000000000000e-02
  4.916987398059434e-01   1.261869654086812e-01  -5.009999999999999e-02
  4.916969244828847e-01   1.261835522056287e-01  -5.010000000000000e-02
  4.916950099499408e-01   1.261799911300636e-01  -5.010000000000000e-02
  4.916929899428243e-01   1.261762767955830e-01  -5.009999999999999e-02
  4.916908577095679e-01   1.261724037496151e-01  -5.010000000000000e-02
  4.916886059632982e-01   1.261683664881136e-01  -5.010000000000001e-02
  4.916862268298765e-01   1.261641594713877e-01  -5.009999999999999e-02
  4.916837078633354e-01   1.261597703507705e-01  -5.009999999999999e-02
  4.916810440416961e-01   1.261552010495702e-01  -5.010000000000001e-02
  4.916782234792715e-01   1.261504428722144e-01  -5.010000000000000e-02
  4.916752350518174e-01   1.261454900361966e-01  -5.010000000000000e-02
  4.916720667157591e-01   1.261403368820978e-01  -5.010000000000000e-02
  4.916687054431265e-01   1.261349779233151e-01  -5.010000000000000e-02
  4.916651371596321e-01   1.261294078991152e-01  -5.009999999999999e-02
  4.916613466890713e-01   1.261236218294335e-01  -5.009999999999999e-02
  4.916573177080486e-01   1.261176150690605e-01  -5.009999999999999e-02
  4.916530327158685e-01   1.261113833579098e-01  -5.010000000000000e-02
  4.916484730251789e-01   1.261049228629894e-01  -5.010000000000001e-02
  4.916436187794389e-01   1.260982302065494e-01  -5.009999999999999e-02
  4.916384490033021e-01   1.260913024737702e-01  -5.010000000000001e-02
  4.916329416912656e-01   1.260841371924429e-01  -5.010000000000000e-02
  4.916270739381379e-01   1.260767322765886e-01  -5.010000000000000e-02
  4.916208221117621e-01   1.260690859261069e-01  -5.009999999999999e-02
  4.916141620638556e-01   1.260611964755807e-01  -5.010000000000000e-02
  4.916070693689270e-01   1.260530621874895e-01  -5.010000000000000e-02
  4.915995195745768e-01   1.260446809883888e-01  -5.010000000000000e-02
  4.915914884401153e-01   1.260360501510397e-01  -5.010000000000001e-02
  4.915829521359622e-01   1.260271659308026e-01  -5.010000000000001e-02
  4.915738877961224e-01   1.260180235881852e-01  -5.010000000000000e-02
  4.915642610168772e-01   1.260086048284007e-01  -5.010000000000000e-02
  4.915540652130448e-01   1.259989159940899e-01  -5.010000000000000e-02
  4.915432726962628e-01   1.259889395851687e-01  -5.010000000000001e-02
  4.915318624688929e-01   1.259786616881657e-01  -5.010000000000000e-02
  4.915198140389283e-01   1.259680658586848e-01  -5.010000000000001e-02
  4.915071072634336e-01   1.259571331042935e-01  -5.010000000000000e-02
  4.914937221709470e-01   1.259458419350755e-01  -5.010000000000001e-02
  4.914796387795031e-01   1.259341684704282e-01  -5.010000000000000e-02
  4.914648369233443e-01   1.259220865871726e-01  -5.010000000000001e-02
  4.914492960928838e-01   1.259095680897076e-01  -5.010000000000000e-02
  4.914330010772026e-01   1.258965874732995e-01  -5.010000000000001e-02
  4.914159145539247e-01   1.258831004548503e-01  -5.010000000000001e-02
  4.913980266161483e-01   1.258690835295350e-01  -5.010000000000000e-02
  4.913793110444911e-01   1.258544994421449e-01  -5.010000000000001e-02
  4.913597409954207e-01   1.258393098743465e-01  -5.010000000000000e-02
  4.913393013289694e-01   1.258234850827589e-01  -5.010000000000001e-02
  4.913179721381104e-01   1.258069551864355e-01  -5.010000000000001e-02
  4.912957621618694e-01   1.257896381193738e-01  -5.010000000000001e-02
  4.912725858215151e-01   1.257715675804498e-01  -5.010000000000001e-02
  4.912484039900928e-01   1.257527130624678e-01  -5.010000000000001e-02
  4.912231762233498e-01   1.257330430311373e-01  -5.010000000000001e-02
  4.911968607402943e-01   1.257125249099160e-01  -5.010000000000001e-02
  4.911694144060839e-01   1.256911250666669e-01  -5.010000000000001e-02
  4.911407927175595e-01   1.256688088023800e-01  -5.010000000000001e-02
  4.911109497917749e-01   1.256455403422285e-01  -5.010000000000001e-02
  4.910798383578897e-01   1.256212828292472e-01  -5.010000000000001e-02
  4.910474097528207e-01   1.255959983209431e-01  -5.010000000000001e-02
  4.910136139210753e-01   1.255696477891643e-01  -5.010000000000001e-02
  4.909783994192110e-01   1.255421911235778e-01  -5.010000000000001e-02
  4.909417134253948e-01   1.255135871391228e-01  -5.010000000000001e-02
  4.909035017545618e-01   1.254837935878296e-01  -5.010000000000001e-02
  4.908637153253831e-01   1.254527590014403e-01  -5.010000000000001e-02
  4.908226415621272e-01   1.254200024879458e-01  -5.010000000000001e-02
  4.907798862558346e-01   1.253859049362114e-01  -5.010000000000001e-02
  4.907353905625602e-01   1.253504194179230e-01  -5.010000000000001e-02
  4.906890944642432e-01   1.253134980684031e-01  -5.010000000000000e-02
  4.906409368287190e-01   1.252750921344718e-01  -5.010000000000000e-02
  4.905909389301535e-01   1.252350476331888e-01  -5.010000000000001e-02
  4.905389650465939e-01   1.251934050075781e-01  -5.010000000000001e-02
  4.904849440082134e-01   1.251501221562246e-01  -5.010000000000001e-02
  4.904288111461024e-01   1.251051472649667e-01  -5.010000000000001e-02
  4.903706311357585e-01   1.250582664251816e-01  -5.010000000000000e-02
  4.903102784383258e-01   1.250095010542029e-01  -5.010000000000000e-02
  4.902476241382281e-01   1.249588759733424e-01  -5.010000000000000e-02
  4.901826080200108e-01   1.249063302435501e-01  -5.009999999999999e-02
  4.901156434970033e-01   1.248512219762026e-01  -5.009999999999999e-02
  4.900461968298747e-01   1.247940710352768e-01  -5.009999999999999e-02
  4.899742026181097e-01   1.247348235996013e-01  -5.009999999999999e-02
  4.898995959896557e-01   1.246734262829015e-01  -5.009999999999999e-02
  4.898223128294627e-01   1.246098263218757e-01  -5.010000000000000e-02
  4.897422900239218e-01   1.245439717773558e-01  -5.010000000000001e-02
  4.896601040083831e-01   1.244750442614601e-01  -5.010000000000001e-02
  4.895751518258478e-01   1.244036466221687e-01  -5.010000000000001e-02
  4.894873562335925e-01   1.243297540989595e-01  -5.010000000000001e-02
  4.893967548015553e-01   1.242532088573533e-01  -5.010000000000001e-02
  4.893031553182996e-01   1.241741306916011e-01  -5.010000000000001e-02
  4.892066867114814e-01   1.240922650121876e-01  -5.010000000000001e-02
  4.891071599165955e-01   1.240077389254028e-01  -5.010000000000001e-02
  4.890049159577565e-01   1.239200658867238e-01  -5.010000000000001e-02
  4.888997866261781e-01   1.238293615606928e-01  -5.010000000000001e-02
  4.887917107500460e-01   1.237356286599196e-01  -5.010000000000001e-02
  4.886806619559987e-01   1.236388348964822e-01  -5.010000000000001e-02
  4.885666498040534e-01   1.235389195805616e-01  -5.010000000000001e-02
  4.884496345505174e-01   1.234358862158964e-01  -5.010000000000001e-02
  4.883297166937959e-01   1.233295936143829e-01  -5.010000000000001e-02
  4.882067309736230e-01   1.232202102796383e-01  -5.010000000000001e-02
  4.880809883732348e-01   1.231073849173963e-01  -5.010000000000001e-02
  4.879521843626567e-01   1.229914673746613e-01  -5.010000000000000e-02
  4.878206480664444e-01   1.228721158935985e-01  -5.010000000000001e-02
  4.876862529871268e-01   1.227495108887160e-01  -5.010000000000001e-02
  4.875489844887276e-01   1.226237201142668e-01  -5.010000000000001e-02
  4.874092173525242e-01   1.224944066538956e-01  -5.010000000000001e-02
  4.872667031518304e-01   1.223619266088345e-01  -5.010000000000001e-02
  4.871215459234147e-01   1.222262675835724e-01  -5.010000000000001e-02
  4.869741141522508e-01   1.220871563946222e-01  -5.009999999999999e-02
  4.868242142657138e-01   1.219449355167493e-01  -5.009999999999999e-02
  4.866719650089749e-01   1.217996299816762e-01  -5.010000000000000e-02
  4.865176556214135e-01   1.216511061361526e-01  -5.010000000000001e-02
  4.863613420310441e-01   1.214994938090037e-01  -5.010000000000001e-02
  4.862030434979047e-01   1.213449747144806e-01  -5.010000000000001e-02
  4.860429009952925e-01   1.211876209668457e-01  -5.010000000000001e-02
  4.858811512448361e-01   1.210274251175441e-01  -5.010000000000001e-02
  4.857179751249310e-01   1.208644549245340e-01  -5.010000000000001e-02
  4.855534032706974e-01   1.206989428969207e-01  -5.010000000000001e-02
  4.853876002327547e-01   1.205310007563473e-01  -5.009999999999999e-02
  4.852207342075865e-01   1.203607506822885e-01  -5.009999999999999e-02
  4.850530077900261e-01   1.201882946818024e-01  -5.009999999999999e-02
  4.848846911615024e-01   1.200136830812793e-01  -5.009999999999999e-02
  4.847158278541631e-01   1.198371958473596e-01  -5.009999999999999e-02
  4.845466257824990e-01   1.196589630259803e-01  -5.010000000000001e-02
  4.843772600342619e-01   1.194791543711342e-01  -5.010000000000001e-02
  4.842078863873774e-01   1.192979649979662e-01  -5.010000000000001e-02
  4.840386703214026e-01   1.191155862439795e-01  -5.010000000000001e-02
  4.838698880453289e-01   1.189321119956551e-01  -5.010000000000001e-02
  4.837016544621683e-01   1.187477886430018e-01  -5.010000000000000e-02
  4.835341288774904e-01   1.185628219517194e-01  -5.009999999999999e-02
  4.833675087701399e-01   1.183773829143862e-01  -5.009999999999999e-02
  4.832019424022637e-01   1.181916852071274e-01  -5.009999999999998e-02
  4.830375546237659e-01   1.180059604113360e-01  -5.009999999999999e-02
  4.828745019834481e-01   1.178204071077625e-01  -5.009999999999999e-02
  4.827130661340561e-01   1.176351097726973e-01  -5.009999999999998e-02
  4.825532876700499e-01   1.174503572735190e-01  -5.009999999999998e-02
  4.823953151537849e-01   1.172663351265164e-01  -5.009999999999999e-02
  4.822392783168535e-01   1.170832355870854e-01  -5.009999999999999e-02
  4.820852824966514e-01   1.169012613006691e-01  -5.009999999999999e-02
  4.819334208555422e-01   1.167206137315114e-01  -5.010000000000000e-02
  4.817839706232850e-01   1.165413289686360e-01  -5.009999999999999e-02
  4.816368586174259e-01   1.163637234330511e-01  -5.009999999999999e-02
  4.814921647929241e-01   1.161879702611211e-01  -5.009999999999999e-02
  4.813499696259382e-01   1.160142279625071e-01  -5.009999999999999e-02
  4.812104483885301e-01   1.158425635442933e-01  -5.010000000000000e-02
  4.810737066817336e-01   1.156730878086404e-01  -5.009999999999999e-02
  4.809396453460202e-01   1.155060605422396e-01  -5.009999999999999e-02
  4.808083037956537e-01   1.153416129799850e-01  -5.010000000000000e-02
  4.806798690211880e-01   1.151797441891332e-01  -5.010000000000001e-02
  4.805543087818409e-01   1.150206134550668e-01  -5.010000000000001e-02
  4.804315456076150e-01   1.148643985521087e-01  -5.010000000000001e-02
  4.803116934794848e-01   1.147111114033138e-01  -5.010000000000001e-02
  4.801948062689015e-01   1.145607978488811e-01  -5.010000000000002e-02
  4.800807221611859e-01   1.144136560226724e-01  -5.010000000000002e-02
  4.799695760226516e-01   1.142696394977081e-01  -5.010000000000001e-02
  4.798613227669163e-01   1.141288284646294e-01  -5.010000000000001e-02
  4.797558452717156e-01   1.139913440820257e-01  -5.010000000000001e-02
  4.796533418627319e-01   1.138570537675371e-01  -5.010000000000000e-02
  4.795535468364336e-01   1.137261678126575e-01  -5.010000000000000e-02
  4.794565824502083e-01   1.135985885816544e-01  -5.010000000000000e-02
  4.793623191871907e-01   1.134743997433727e-01  -5.009999999999999e-02
  4.792707694118343e-01   1.133535667009133e-01  -5.009999999999999e-02
  4.791818758494449e-01   1.132360984178382e-01  -5.009999999999999e-02
  4.790955871431090e-01   1.131219903936203e-01  -5.009999999999999e-02
  4.790118682277801e-01   1.130112176799249e-01  -5.009999999999999e-02
  4.789306611807059e-01   1.129037650547030e-01  -5.009999999999999e-02
  4.788519096199793e-01   1.127996092390681e-01  -5.009999999999999e-02
  4.787755657006580e-01   1.126987142558849e-01  -5.009999999999999e-02
  4.787015749634210e-01   1.126010434292905e-01  -5.009999999999999e-02
  4.786298628888231e-01   1.125065703323217e-01  -5.009999999999999e-02
  4.785604397664597e-01   1.124151995620705e-01  -5.010000000000000e-02
  4.784931333486094e-01   1.123269706420380e-01  -5.009999999999999e-02
  4.784279997132265e-01   1.122417459541196e-01  -5.009999999999999e-02
  4.783649333315131e-01   1.121595078732923e-01  -5.009999999999999e-02
  4.783038535065897e-01   1.120802180461309e-01  -5.010000000000000e-02
  4.782447987597832e-01   1.120037438110303e-01  -5.010000000000000e-02
  4.781875701710344e-01   1.119301346146509e-01  -5.009999999999999e-02
  4.781322329079661e-01   1.118592345313453e-01  -5.009999999999999e-02
  4.780787161462945e-01   1.117909914020805e-01  -5.009999999999999e-02
  4.780268933575952e-01   1.117253976629070e-01  -5.009999999999999e-02
  4.779768329016682e-01   1.116622915837830e-01  -5.009999999999999e-02
  4.779283743921571e-01   1.116016922244623e-01  -5.009999999999999e-02
  4.778815192538114e-01   1.115434915875904e-01  -5.009999999999999e-02
  4.778362872884257e-01   1.114875658375149e-01  -5.009999999999999e-02
  4.777924576443915e-01   1.114339874826236e-01  -5.009999999999999e-02
  4.777501229059277e-01   1.113825761636037e-01  -5.009999999999999e-02
  4.777092687965668e-01   1.113332375859119e-01  -5.009999999999998e-02
  4.776697059801565e-01   1.112860257568402e-01  -5.009999999999998e-02
  4.776315429721056e-01   1.112407481114822e-01  -5.009999999999998e-02
  4.775947139289055e-01   1.111973579016978e-01  -5.009999999999998e-02
  4.775590188280547e-01   1.111559271696144e-01  -5.009999999999998e-02
  4.775245072579694e-01   1.111163179294562e-01  -5.009999999999998e-02
  4.774910743374172e-01   1.110785243985146e-01  -5.009999999999997e-02
  4.774586712855213e-01   1.110424992840093e-01  -5.009999999999997e-02
  4.774273806029264e-01   1.110080771990429e-01  -5.009999999999997e-02
  4.773971146637555e-01   1.109752457727445e-01  -5.009999999999998e-02
  4.773678101457175e-01   1.109439769889293e-01  -5.009999999999998e-02
  4.773395459666481e-01   1.109141102943675e-01  -5.009999999999998e-02
  4.773122590636755e-01   1.108856186608481e-01  -5.009999999999998e-02
  4.772858401832568e-01   1.108585252713809e-01  -5.009999999999998e-02
  4.772603645825962e-01   1.108326761660903e-01  -5.009999999999998e-02
  4.772357874736756e-01   1.108080343262688e-01  -5.009999999999998e-02
  4.772119908811950e-01   1.107846416948324e-01  -5.009999999999998e-02
  4.771890519414954e-01   1.107623453600354e-01  -5.009999999999998e-02
  4.771669398955329e-01   1.107411013577485e-01  -5.009999999999998e-02
  4.771455473634433e-01   1.107209507572607e-01  -5.009999999999998e-02
  4.771249264539590e-01   1.107017695211392e-01  -5.009999999999998e-02
  4.771050560020177e-01   1.106835107089210e-01  -5.009999999999998e-02
  4.770858511576179e-01   1.106662006320561e-01  -5.009999999999998e-02
  4.770673204667202e-01   1.106497667979254e-01  -5.009999999999998e-02
  4.770494711099063e-01   1.106341373601576e-01  -5.009999999999999e-02
  4.770322607467811e-01   1.106192987857957e-01  -5.009999999999999e-02
  4.770156284640033e-01   1.106052637731961e-01  -5.009999999999999e-02
  4.769996016111894e-01   1.105919427167645e-01  -5.009999999999999e-02
  4.769841574326386e-01   1.105793054568489e-01  -5.009999999999999e-02
  4.769692302562619e-01   1.105673788587476e-01  -5.009999999999999e-02
  4.769548437447833e-01   1.105560816369955e-01  -5.009999999999999e-02
  4.769409828282611e-01   1.105453803888391e-01  -5.009999999999999e-02
  4.769276087896235e-01   1.105352746615986e-01  -5.009999999999999e-02
  4.769146974727370e-01   1.105257492498048e-01  -5.009999999999999e-02
  4.769022587637454e-01   1.105167438054766e-01  -5.009999999999999e-02
  4.768902739713088e-01   1.105082367672328e-01  -5.009999999999999e-02
  4.768787053816248e-01   1.105002368289303e-01  -5.009999999999998e-02
  4.768675455072572e-01   1.104927127570584e-01  -5.009999999999998e-02
  4.768567893207592e-01   1.104856297529861e-01  -5.009999999999998e-02
  4.768464193389219e-01   1.104789720322761e-01  -5.009999999999998e-02
  4.768364044369128e-01   1.104727489462987e-01  -5.009999999999998e-02
  4.768267625521999e-01   1.104668933541038e-01  -5.009999999999998e-02
  4.768174710585581e-01   1.104614041342378e-01  -5.009999999999998e-02
  4.768085102534772e-01   1.104562763533847e-01  -5.009999999999998e-02
  4.767998607504845e-01   1.104515083714186e-01  -5.009999999999998e-02
  4.767915137053507e-01   1.104470830119327e-01  -5.009999999999999e-02
  4.767834764893946e-01   1.104429518199960e-01  -5.009999999999999e-02
  4.767757358168588e-01   1.104391054276346e-01  -5.009999999999999e-02
  4.767682777810525e-01   1.104355375019384e-01  -5.009999999999999e-02
  4.767610791540372e-01   1.104322649622053e-01  -5.009999999999999e-02
  4.767541361003203e-01   1.104292670129298e-01  -5.009999999999999e-02
  4.767474516008097e-01   1.104265051532560e-01  -5.009999999999999e-02
  4.767410181316071e-01   1.104239647994565e-01  -5.009999999999998e-02
  4.767348270523246e-01   1.104216354674256e-01  -5.009999999999998e-02
  4.767288678594430e-01   1.104195134187555e-01  -5.009999999999998e-02
  4.767231195599822e-01   1.104176290118309e-01  -5.009999999999998e-02
  4.767175804074443e-01   1.104159623192331e-01  -5.009999999999998e-02
  4.767122516406703e-01   1.104144799932033e-01  -5.009999999999998e-02
  4.767071295486106e-01   1.104131624691904e-01  -5.009999999999998e-02
  4.767022101048407e-01   1.104119905112618e-01  -5.009999999999998e-02
  4.766974865053514e-01   1.104109569475677e-01  -5.009999999999998e-02
  4.766929471257072e-01   1.104100821476590e-01  -5.009999999999999e-02
  4.766885859817230e-01   1.104093599959025e-01  -5.009999999999999e-02
  4.766844014695485e-01   1.104087698192946e-01  -5.009999999999999e-02
  4.766803844370681e-01   1.104083311798986e-01  -5.009999999999998e-02
  4.766765358334010e-01   1.104079964511552e-01  -5.009999999999999e-02
  4.766728494248999e-01   1.104077644171967e-01  -5.009999999999999e-02
  4.766693216721040e-01   1.104076113847782e-01  -5.009999999999999e-02
  4.766659462013830e-01   1.104075579158896e-01  -5.009999999999999e-02
  4.766627186079776e-01   1.104075611710124e-01  -5.009999999999999e-02
  4.766596353072923e-01   1.104076706340470e-01  -5.009999999999999e-02
  4.766566905244712e-01   1.104078367258095e-01  -5.009999999999998e-02
  4.766538833558339e-01   1.104081052392438e-01  -5.009999999999999e-02
  4.766512091021023e-01   1.104084389668880e-01  -5.009999999999999e-02
  4.766486599490500e-01   1.104088173724484e-01  -5.009999999999999e-02
  4.766462383691149e-01   1.104092697098400e-01  -5.009999999999998e-02
  4.766439331112642e-01   1.104097507509417e-01  -5.009999999999999e-02
  4.766417425330538e-01   1.104102688880076e-01  -5.009999999999999e-02
  4.766396611198489e-01   1.104108154420594e-01  -5.009999999999999e-02
  4.766376823146996e-01   1.104113761405673e-01  -5.009999999999999e-02
  4.766358076880238e-01   1.104119698891125e-01  -5.009999999999999e-02
  4.766340192973061e-01   1.104125478236167e-01  -5.009999999999999e-02
  4.766323340604644e-01   1.104131710031089e-01  -5.009999999999999e-02
  4.766307259179892e-01   1.104137740577453e-01  -5.009999999999999e-02
  4.766292025937872e-01   1.104143857144531e-01  -5.009999999999999e-02
  4.766277565597092e-01   1.104149951049211e-01  -5.009999999999999e-02
  4.766263811800402e-01   1.104155937122767e-01  -5.009999999999999e-02
