668
  4.935752091307390e-01   1.266867347332080e-01  -5.010000000000000e-02
  4.935740141208103e-01   1.266876413484904e-01  -5.009999999999999e-02
  4.935727976682990e-01   1.266885642315649e-01  -5.010000000000000e-02
  4.935715593905334e-01   1.266895036727521e-01  -5.010000000000000e-02
  4.935702988980886e-01   1.266904599674961e-01  -5.009999999999999e-02
  4.935690157946687e-01   1.266914334164536e-01  -5.010000000000000e-02
  4.935677096769902e-01   1.266924243255830e-01  -5.010000000000000e-02
  4.935663801346600e-01   1.266934330062359e-01  -5.010000000000000e-02
  4.935650267500545e-01   1.266944597752500e-01  -5.010000000000000e-02
  4.935636490981946e-01   1.266955049550431e-01  -5.010000000000000e-02
  4.935622467466196e-01   1.266965688737092e-01  -5.010000000000000e-02
  4.935608192552589e-01   1.266976518651154e-01  -5.010000000000000e-02
  4.935596188206751e-01   1.266990116225170e-01  -5.010000000000000e-02
  4.935584695368659e-01   1.267004697710172e-01  -5.010000000000000e-02
  4.935572996570359e-01   1.267019540506234e-01  -5.010000000000000e-02
  4.935561088145670e-01   1.267034649264803e-01  -5.010000000000000e-02
  4.935548966364056e-01   1.267050028718982e-01  -5.010000000000000e-02
  4.935536627429520e-01   1.267065683684923e-01  -5.010000000000000e-02
  4.935524067479494e-01   1.267081619063242e-01  -5.010000000000000e-02
  4.935511282583704e-01   1.267097839840454e-01  -5.010000000000001e-02
  4.935498268743022e-01   1.267114351090436e-01  -5.010000000000000e-02
  4.935485021888295e-01   1.267131157975906e-01  -5.010000000000000e-02
  4.935471537879160e-01   1.267148265749932e-01  -5.010000000000000e-02
  4.935460708290904e-01   1.267167582947421e-01  -5.010000000000000e-02
  4.935449979329678e-01   1.267187439401760e-01  -5.010000000000000e-02
  4.935439058371127e-01   1.267207651192095e-01  -5.010000000000000e-02
  4.935427942007535e-01   1.267228224625203e-01  -5.010000000000001e-02
  4.935416626771723e-01   1.267249166117911e-01  -5.010000000000000e-02
  4.935405109136045e-01   1.267270482198949e-01  -5.010000000000000e-02
  4.935393385511379e-01   1.267292179510831e-01  -5.010000000000001e-02
  4.935381452246089e-01   1.267314264811763e-01  -5.010000000000000e-02
  4.935369305624979e-01   1.267336744977585e-01  -5.010000000000000e-02
  4.935356941868233e-01   1.267359627003734e-01  -5.010000000000000e-02
  4.935345106972937e-01   1.267383267698952e-01  -5.010000000000000e-02
  4.935335178174587e-01   1.267408318406983e-01  -5.010000000000000e-02
  4.935325071975275e-01   1.267433816703893e-01  -5.010000000000000e-02
  4.935314785236390e-01   1.267459770508506e-01  -5.010000000000000e-02
  4.935304314764919e-01   1.267486187876905e-01  -5.010000000000000e-02
  4.935293657312543e-01   1.267513077004717e-01  -5.010000000000000e-02
  4.935282809574719e-01   1.267540446229413e-01  -5.010000000000000e-02
  4.935271768189760e-01   1.267568304032659e-01  -5.010000000000001e-02
  4.935260529737877e-01   1.267596659042695e-01  -5.010000000000000e-02
  4.935249090740235e-01   1.267625520036745e-01  -5.010000000000000e-02
  4.935237447657977e-01   1.267654895943471e-01  -5.010000000000000e-02
  4.935228044073644e-01   1.267685648966309e-01  -5.010000000000000e-02
  4.935218572544445e-01   1.267716985215127e-01  -5.010000000000000e-02
  4.935208932134927e-01   1.267748880199038e-01  -5.010000000000000e-02
  4.935199119869902e-01   1.267781343761349e-01  -5.010000000000000e-02
  4.935189132723071e-01   1.267814385914473e-01  -5.010000000000000e-02
  4.935178967616194e-01   1.267848016842670e-01  -5.010000000000000e-02
  4.935168621418243e-01   1.267882246904841e-01  -5.009999999999999e-02
  4.935158090944554e-01   1.267917086637349e-01  -5.010000000000000e-02
  4.935147372955954e-01   1.267952546756890e-01  -5.009999999999999e-02
  4.935136740500163e-01   1.267988712366197e-01  -5.010000000000000e-02
  4.935127949426625e-01   1.268026066927821e-01  -5.009999999999999e-02
  4.935119001922927e-01   1.268064086184147e-01  -5.009999999999999e-02
  4.935109895244688e-01   1.268102781796460e-01  -5.010000000000000e-02
  4.935100626600792e-01   1.268142165624616e-01  -5.010000000000000e-02
  4.935091193152651e-01   1.268182249730204e-01  -5.010000000000000e-02
  4.935081592013441e-01   1.268223046379748e-01  -5.010000000000001e-02
  4.935071820247347e-01   1.268264568047961e-01  -5.010000000000000e-02
  4.935061874868785e-01   1.268306827421032e-01  -5.010000000000000e-02
  4.935051752841615e-01   1.268349837399962e-01  -5.010000000000000e-02
  4.935043169379656e-01   1.268393972506831e-01  -5.010000000000001e-02
  4.935034819252503e-01   1.268438972219311e-01  -5.010000000000000e-02
  4.935026320937666e-01   1.268484770530787e-01  -5.010000000000000e-02
  4.935017671849658e-01   1.268531381374724e-01  -5.010000000000000e-02
  4.935008869359481e-01   1.268578818919060e-01  -5.010000000000000e-02
  4.934999910793957e-01   1.268627097569842e-01  -5.010000000000001e-02
  4.934990793435038e-01   1.268676231974906e-01  -5.009999999999999e-02
  4.934981514519126e-01   1.268726237027592e-01  -5.010000000000000e-02
  4.934972220022173e-01   1.268777152548344e-01  -5.010000000000000e-02
  4.934964595301812e-01   1.268829273942499e-01  -5.010000000000001e-02
  4.934956835606280e-01   1.268882318005785e-01  -5.010000000000000e-02
  4.934948938592821e-01   1.268936300752906e-01  -5.010000000000001e-02
  4.934940901879699e-01   1.268991238465050e-01  -5.010000000000000e-02
  4.934932723045603e-01   1.269047147693901e-01  -5.010000000000000e-02
  4.934924399629062e-01   1.269104045265710e-01  -5.010000000000000e-02
  4.934915929127834e-01   1.269161948285397e-01  -5.010000000000000e-02
  4.934907308998306e-01   1.269220874140709e-01  -5.010000000000000e-02
  4.934900191786801e-01   1.269281056686378e-01  -5.010000000000000e-02
  4.934893145737282e-01   1.269342327227309e-01  -5.010000000000000e-02
  4.934885975365451e-01   1.269404678841435e-01  -5.010000000000000e-02
  4.934878678528163e-01   1.269468130164966e-01  -5.010000000000000e-02
  4.934871253047144e-01   1.269532700139595e-01  -5.010000000000000e-02
  4.934863696708476e-01   1.269598408016939e-01  -5.010000000000000e-02
  4.934856007262089e-01   1.269665273363017e-01  -5.010000000000000e-02
  4.934848639112930e-01   1.269733362550262e-01  -5.010000000000000e-02
  4.934842486728261e-01   1.269802787073136e-01  -5.010000000000000e-02
  4.934836226108714e-01   1.269873432936231e-01  -5.010000000000000e-02
  4.934829855399935e-01   1.269945321064358e-01  -5.010000000000000e-02
  4.934823372717591e-01   1.270018472720656e-01  -5.010000000000000e-02
  4.934816776146944e-01   1.270092909511336e-01  -5.010000000000000e-02
  4.934810063742431e-01   1.270168653390461e-01  -5.010000000000000e-02
  4.934803447273119e-01   1.270245743232648e-01  -5.010000000000000e-02
  4.934798229082534e-01   1.270324302805180e-01  -5.010000000000000e-02
  4.934792919397772e-01   1.270404239817527e-01  -5.010000000000000e-02
  4.934787516662264e-01   1.270485577703755e-01  -5.010000000000000e-02
  4.934782019294667e-01   1.270568340270880e-01  -5.010000000000000e-02
  4.934776425688534e-01   1.270652551703869e-01  -5.010000000000000e-02
  4.934770734211979e-01   1.270738236570682e-01  -5.010000000000001e-02
  4.934765730426793e-01   1.270825464603416e-01  -5.010000000000000e-02
  4.934761526091873e-01   1.270914267603725e-01  -5.010000000000000e-02
  4.934757248317874e-01   1.271004621767466e-01  -5.010000000000000e-02
  4.934752895865353e-01   1.271096553273838e-01  -5.010000000000000e-02
  4.934748467475504e-01   1.271190088711096e-01  -5.010000000000000e-02
  4.934743961869905e-01   1.271285255081761e-01  -5.010000000000000e-02
  4.934739813136242e-01   1.271382096717739e-01  -5.010000000000000e-02
  4.934736822462895e-01   1.271480672634225e-01  -5.010000000000000e-02
  4.934733779740029e-01   1.271580964160719e-01  -5.010000000000000e-02
  4.934730684095978e-01   1.271683000028225e-01  -5.010000000000000e-02
  4.934727534645705e-01   1.271786809408631e-01  -5.010000000000000e-02
  4.934724330490632e-01   1.271892421920014e-01  -5.010000000000000e-02
  4.934721835999411e-01   1.271999885004154e-01  -5.010000000000000e-02
  4.934720188716939e-01   1.272109232330827e-01  -5.010000000000001e-02
  4.934718512881290e-01   1.272220475029815e-01  -5.010000000000000e-02
  4.934716808018424e-01   1.272333644568114e-01  -5.010000000000001e-02
  4.934715073647175e-01   1.272448772885713e-01  -5.009999999999999e-02
  4.934713384331336e-01   1.272565893014274e-01  -5.010000000000000e-02
  4.934713231688216e-01   1.272685050049977e-01  -5.010000000000000e-02
  4.934713076409102e-01   1.272806264807864e-01  -5.010000000000000e-02
  4.934712918450583e-01   1.272929571176864e-01  -5.010000000000000e-02
  4.934712757768606e-01   1.273055003545462e-01  -5.010000000000001e-02
  4.934712594318471e-01   1.273182596806959e-01  -5.010000000000000e-02
  4.934714076557927e-01   1.273312377813970e-01  -5.010000000000000e-02
  4.934715615218450e-01   1.273444390728294e-01  -5.010000000000000e-02
  4.934717180319217e-01   1.273578672144156e-01  -5.010000000000000e-02
  4.934718772291036e-01   1.273715259023547e-01  -5.010000000000000e-02
  4.934720804458406e-01   1.273854181563807e-01  -5.010000000000000e-02
  4.934724150466778e-01   1.273995462364681e-01  -5.009999999999999e-02
  4.934727553766194e-01   1.274139162204466e-01  -5.010000000000000e-02
  4.934731015282812e-01   1.274285320189028e-01  -5.010000000000000e-02
  4.934734535955823e-01   1.274433975974451e-01  -5.010000000000001e-02
  4.934739554828856e-01   1.274585127334280e-01  -5.010000000000000e-02
  4.934744986958887e-01   1.274738847084085e-01  -5.010000000000000e-02
  4.934750511646519e-01   1.274895186051633e-01  -5.010000000000001e-02
  4.934756130372043e-01   1.275054186126572e-01  -5.010000000000000e-02
  4.934763060734025e-01   1.275215840004737e-01  -5.010000000000000e-02
  4.934770706092189e-01   1.275380215205260e-01  -5.010000000000000e-02
  4.934778481169379e-01   1.275547379364837e-01  -5.010000000000000e-02
  4.934786388020838e-01   1.275717376671204e-01  -5.010000000000000e-02
  4.934795196169903e-01   1.275890214073935e-01  -5.010000000000000e-02
  4.934804347632240e-01   1.276065964551403e-01  -5.010000000000000e-02
  4.934813653664130e-01   1.276244683480430e-01  -5.010000000000000e-02
  4.934823116689791e-01   1.276426417417245e-01  -5.010000000000000e-02
  4.934832739164898e-01   1.276611213522218e-01  -5.010000000000000e-02
  4.934842523576761e-01   1.276799119563157e-01  -5.010000000000000e-02
  4.934852472444476e-01   1.276990183918432e-01  -5.010000000000000e-02
  4.934862588319089e-01   1.277184455579925e-01  -5.010000000000000e-02
  4.934872873783736e-01   1.277381984155790e-01  -5.010000000000000e-02
  4.934883331453772e-01   1.277582819873023e-01  -5.010000000000000e-02
  4.934893963976905e-01   1.277787013579826e-01  -5.009999999999999e-02
  4.934904774033296e-01   1.277994616747746e-01  -5.010000000000000e-02
  4.934915764335668e-01   1.278205681473608e-01  -5.010000000000000e-02
  4.934925434088534e-01   1.278420332526788e-01  -5.010000000000000e-02
  4.934934985165945e-01   1.278638565802042e-01  -5.010000000000000e-02
  4.934944694807941e-01   1.278860422131230e-01  -5.010000000000001e-02
  4.934954565405599e-01   1.279085956148293e-01  -5.010000000000000e-02
  4.934964599377633e-01   1.279315223118546e-01  -5.010000000000000e-02
  4.934974799170400e-01   1.279548278939024e-01  -5.010000000000000e-02
  4.934985167257908e-01   1.279785180138511e-01  -5.010000000000001e-02
  4.934995706141803e-01   1.280025983877260e-01  -5.010000000000000e-02
  4.935006418351336e-01   1.280270747946384e-01  -5.010000000000000e-02
  4.935017306443331e-01   1.280519530766897e-01  -5.010000000000000e-02
  4.935029442414481e-01   1.280772335877212e-01  -5.010000000000000e-02
  4.935044864110347e-01   1.281029117308670e-01  -5.010000000000000e-02
  4.935060537702510e-01   1.281290092979975e-01  -5.010000000000000e-02
  4.935076466846821e-01   1.281555323763505e-01  -5.009999999999999e-02
  4.935092655236310e-01   1.281824871150622e-01  -5.010000000000000e-02
  4.935109106600979e-01   1.282098797248372e-01  -5.010000000000000e-02
  4.935125824707588e-01   1.282377164775739e-01  -5.010000000000000e-02
  4.935142813359391e-01   1.282660037059449e-01  -5.010000000000000e-02
  4.935160076395864e-01   1.282947478029298e-01  -5.010000000000000e-02
  4.935180812865826e-01   1.283239323750331e-01  -5.010000000000000e-02
  4.935205394755862e-01   1.283535613024195e-01  -5.009999999999999e-02
  4.935230371254885e-01   1.283836658580422e-01  -5.010000000000000e-02
  4.935255747853359e-01   1.284142526596415e-01  -5.010000000000000e-02
  4.935281530089131e-01   1.284453283820705e-01  -5.010000000000000e-02
  4.935307723546785e-01   1.284768997565116e-01  -5.010000000000000e-02
  4.935334333856936e-01   1.285089735696339e-01  -5.010000000000000e-02
  4.935361451439809e-01   1.285415558504294e-01  -5.010000000000000e-02
  4.935397363041512e-01   1.285745741213571e-01  -5.010000000000000e-02
  4.935433842213434e-01   1.286081142344296e-01  -5.010000000000000e-02
  4.935470896549213e-01   1.286421831714807e-01  -5.010000000000000e-02
  4.935508533697102e-01   1.286767879645562e-01  -5.010000000000000e-02
  4.935546761358627e-01   1.287119356946852e-01  -5.010000000000000e-02
  4.935585587287177e-01   1.287476334905814e-01  -5.010000000000000e-02
  4.935630114660833e-01   1.287838262940164e-01  -5.010000000000000e-02
  4.935679864272338e-01   1.288205272736742e-01  -5.010000000000000e-02
  4.935730386383337e-01   1.288577981369420e-01  -5.010000000000000e-02
  4.935781690864141e-01   1.288956461652860e-01  -5.010000000000000e-02
  4.935833787639193e-01   1.289340786801055e-01  -5.010000000000000e-02
  4.935886686684686e-01   1.289731030409764e-01  -5.010000000000000e-02
  4.935949044453475e-01   1.290125977211004e-01  -5.009999999999999e-02
  4.936014244454602e-01   1.290526689562875e-01  -5.010000000000000e-02
  4.936080439765930e-01   1.290933518986600e-01  -5.010000000000000e-02
  4.936147642531171e-01   1.291346540116160e-01  -5.010000000000000e-02
  4.936215864939593e-01   1.291765827865493e-01  -5.009999999999999e-02
  4.936293259096792e-01   1.292190022531305e-01  -5.010000000000001e-02
  4.936374927363412e-01   1.292620065023304e-01  -5.010000000000000e-02
  4.936457822942799e-01   1.293056570204698e-01  -5.010000000000000e-02
  4.936541960162577e-01   1.293499613520793e-01  -5.010000000000001e-02
  4.936628851221892e-01   1.293948965883953e-01  -5.010000000000000e-02
  4.936727356408295e-01   1.294402903601920e-01  -5.010000000000000e-02
  4.936827321925199e-01   1.294863570905604e-01  -5.010000000000000e-02
  4.936928764156233e-01   1.295331043295052e-01  -5.010000000000000e-02
  4.937031699493688e-01   1.295805396310250e-01  -5.010000000000000e-02
  4.937147708766198e-01   1.296284040947887e-01  -5.010000000000000e-02
  4.937266114338296e-01   1.296769516733988e-01  -5.010000000000000e-02
  4.937386243149420e-01   1.297262057988430e-01  -5.009999999999999e-02
  4.937509449050848e-01   1.297761396093259e-01  -5.010000000000000e-02
  4.937645758845785e-01   1.298265031346190e-01  -5.010000000000000e-02
  4.937784028956637e-01   1.298775909543048e-01  -5.010000000000000e-02
  4.937924279401518e-01   1.299294104646447e-01  -5.010000000000000e-02
  4.938073790688927e-01   1.299817629706200e-01  -5.010000000000000e-02
  4.938231051443891e-01   1.300346992765656e-01  -5.010000000000000e-02
  4.938390535830758e-01   1.300883840900380e-01  -5.010000000000000e-02
  4.938555918918750e-01   1.301427112969169e-01  -5.009999999999999e-02
  4.938733149285224e-01   1.301975042114916e-01  -5.010000000000000e-02
  4.938912851931371e-01   1.302530614612742e-01  -5.010000000000001e-02
  4.939097868107245e-01   1.303092952598796e-01  -5.010000000000000e-02
  4.939295912656181e-01   1.303659537917855e-01  -5.010000000000000e-02
  4.939496680563661e-01   1.304233914488819e-01  -5.010000000000000e-02
  4.939704771477340e-01   1.304814491688903e-01  -5.010000000000000e-02
  4.939924579817446e-01   1.305399752536925e-01  -5.010000000000000e-02
  4.940147365397152e-01   1.305992940571749e-01  -5.010000000000000e-02
  4.940381785282477e-01   1.306590767982229e-01  -5.010000000000000e-02
  4.940624224652788e-01   1.307194712957527e-01  -5.009999999999999e-02
  4.940871120878469e-01   1.307806200828556e-01  -5.010000000000000e-02
  4.941133600950364e-01   1.308420695110835e-01  -5.010000000000000e-02
  4.941399540924416e-01   1.309043289398867e-01  -5.010000000000000e-02
  4.941678149263754e-01   1.309670003355363e-01  -5.010000000000000e-02
  4.941964797935032e-01   1.310302942818717e-01  -5.009999999999999e-02
  4.942260326960796e-01   1.310941674063716e-01  -5.010000000000000e-02
  4.942567999891495e-01   1.311584745202569e-01  -5.009999999999999e-02
  4.942882289937503e-01   1.312234727267089e-01  -5.010000000000000e-02
  4.943211327806798e-01   1.312887692387009e-01  -5.010000000000000e-02
  4.943546075788792e-01   1.313548102971638e-01  -5.010000000000000e-02
  4.943896950658064e-01   1.314210639337902e-01  -5.010000000000000e-02
  4.944253797907067e-01   1.314880568000416e-01  -5.010000000000000e-02
  4.944626749808804e-01   1.315552453994503e-01  -5.010000000000000e-02
  4.945007005883592e-01   1.316231057783635e-01  -5.010000000000000e-02
  4.945402337074893e-01   1.316912023491502e-01  -5.010000000000000e-02
  4.945807280413542e-01   1.317598383353196e-01  -5.010000000000000e-02
  4.946225382581747e-01   1.318288085322414e-01  -5.009999999999999e-02
  4.946656181278101e-01   1.318981256211153e-01  -5.010000000000000e-02
  4.947097275406230e-01   1.319679430099445e-01  -5.010000000000000e-02
  4.947554966422224e-01   1.320378459356426e-01  -5.010000000000000e-02
  4.948022413684051e-01   1.321082719125092e-01  -5.010000000000000e-02
  4.948504799449983e-01   1.321788741110261e-01  -5.010000000000000e-02
  4.949000731099149e-01   1.322497290439311e-01  -5.010000000000000e-02
  4.949507928654533e-01   1.323209959132728e-01  -5.010000000000000e-02
  4.950031917259515e-01   1.323922676670893e-01  -5.010000000000000e-02
  4.950568915909597e-01   1.324638016864161e-01  -5.010000000000000e-02
  4.951118346776890e-01   1.325356397373329e-01  -5.010000000000000e-02
  4.951684050705704e-01   1.326074741524545e-01  -5.010000000000000e-02
  4.952264216066240e-01   1.326794253892873e-01  -5.010000000000000e-02
  4.952857750337936e-01   1.327515725944654e-01  -5.009999999999999e-02
  4.953465352834662e-01   1.328238504616046e-01  -5.010000000000000e-02
  4.954090324610156e-01   1.328959576418159e-01  -5.010000000000001e-02
  4.954729346928234e-01   1.329681585783104e-01  -5.010000000000000e-02
  4.955382737456718e-01   1.330404140615271e-01  -5.010000000000000e-02
  4.956050771963245e-01   1.331126856018408e-01  -5.010000000000000e-02
  4.956735147232842e-01   1.331847951895042e-01  -5.010000000000000e-02
  4.957435375916885e-01   1.332567623703855e-01  -5.010000000000000e-02
  4.958150552691207e-01   1.333286543621265e-01  -5.010000000000000e-02
  4.958880885916975e-01   1.334004315827508e-01  -5.010000000000000e-02
  4.959626511276642e-01   1.334720597728157e-01  -5.010000000000000e-02
  4.960387478974294e-01   1.335435114719593e-01  -5.010000000000000e-02
  4.961164059149666e-01   1.336147339367452e-01  -5.010000000000000e-02
  4.961957176712236e-01   1.336855962723516e-01  -5.010000000000000e-02
  4.962765641616419e-01   1.337562016961481e-01  -5.010000000000000e-02
  4.963589517829269e-01   1.338265166963346e-01  -5.010000000000000e-02
  4.964428854715974e-01   1.338965077751091e-01  -5.010000000000000e-02
  4.965283607870331e-01   1.339661513391685e-01  -5.010000000000000e-02
  4.966153691052052e-01   1.340354279880187e-01  -5.010000000000000e-02
  4.967039101312253e-01   1.341043068035611e-01  -5.010000000000000e-02
  4.967939784701559e-01   1.341727625055157e-01  -5.010000000000000e-02
  4.968855642853288e-01   1.342407743019091e-01  -5.010000000000000e-02
  4.969786596286408e-01   1.343083185130590e-01  -5.010000000000000e-02
  4.970732482016729e-01   1.343753818447966e-01  -5.010000000000000e-02
  4.971693229955633e-01   1.344419377164844e-01  -5.010000000000001e-02
  4.972668689800817e-01   1.345079700027103e-01  -5.010000000000000e-02
  4.973658715948908e-01   1.345734615930041e-01  -5.010000000000001e-02
  4.974663116308629e-01   1.346384017990725e-01  -5.010000000000000e-02
  4.975681763651846e-01   1.347027696606006e-01  -5.010000000000000e-02
  4.976714467208167e-01   1.347665536875923e-01  -5.010000000000000e-02
  4.977761012377585e-01   1.348297459077656e-01  -5.010000000000000e-02
  4.978821234072250e-01   1.348923300263725e-01  -5.010000000000000e-02
  4.979894942575106e-01   1.349542933612057e-01  -5.010000000000000e-02
  4.980981892533833e-01   1.350156327110679e-01  -5.010000000000000e-02
  4.982081885541132e-01   1.350763363257788e-01  -5.010000000000000e-02
  4.983194681073505e-01   1.351364001324999e-01  -5.010000000000001e-02
  4.984320063997982e-01   1.351958149620023e-01  -5.010000000000000e-02
  4.985457804204833e-01   1.352545744552918e-01  -5.010000000000000e-02
  4.986607624131541e-01   1.353126813520232e-01  -5.010000000000000e-02
  4.987769326575114e-01   1.353701224513170e-01  -5.010000000000000e-02
  4.988942660984420e-01   1.354268949880447e-01  -5.010000000000000e-02
  4.990127297064690e-01   1.354830129316953e-01  -5.010000000000000e-02
  4.991323222130203e-01   1.355384223425173e-01  -5.010000000000000e-02
  4.992530033320670e-01   1.355931518257283e-01  -5.009999999999999e-02
  4.993747399336451e-01   1.356472161065439e-01  -5.010000000000000e-02
  4.994975057452056e-01   1.357006152180917e-01  -5.010000000000000e-02
  4.996212750050364e-01   1.357533480340407e-01  -5.010000000000000e-02
  4.997460177239775e-01   1.358054232320239e-01  -5.010000000000000e-02
  4.998717106958618e-01   1.358568335267970e-01  -5.010000000000001e-02
  4.999983238504603e-01   1.359075881015020e-01  -5.010000000000000e-02
  5.001258274426730e-01   1.359576956909539e-01  -5.010000000000000e-02
  5.002541956771955e-01   1.360071550821965e-01  -5.010000000000000e-02
  5.003834027123922e-01   1.360559650646144e-01  -5.010000000000000e-02
  5.005134185312258e-01   1.361041353395024e-01  -5.010000000000000e-02
  5.006442155442186e-01   1.361516692189475e-01  -5.010000000000000e-02
  5.007757641764280e-01   1.361985756863978e-01  -5.010000000000000e-02
  5.009080381998959e-01   1.362448542324183e-01  -5.010000000000001e-02
  5.010410107999282e-01   1.362905059814347e-01  -5.010000000000000e-02
  5.011746489785045e-01   1.363355501974232e-01  -5.010000000000000e-02
  5.013089278753066e-01   1.363799821807512e-01  -5.010000000000000e-02
  5.014438197243428e-01   1.364238059164661e-01  -5.010000000000000e-02
  5.015792963936382e-01   1.364670263813594e-01  -5.010000000000000e-02
  5.017153289795167e-01   1.365096511142592e-01  -5.010000000000001e-02
  5.018518889617721e-01   1.365516865691380e-01  -5.010000000000001e-02
  5.019889486020882e-01   1.365931367628104e-01  -5.010000000000000e-02
  5.021264797389378e-01   1.366340071728865e-01  -5.010000000000000e-02
  5.022644547820054e-01   1.366743014286901e-01  -5.010000000000000e-02
  5.024028463030480e-01   1.367140226476473e-01  -5.010000000000000e-02
  5.025416259837121e-01   1.367531771570537e-01  -5.010000000000000e-02
  5.026807675549797e-01   1.367917640896991e-01  -5.009999999999999e-02
  5.028202401940205e-01   1.368297992839470e-01  -5.010000000000000e-02
  5.029600190589271e-01   1.368672768624235e-01  -5.010000000000000e-02
  5.031000784045672e-01   1.369041942479519e-01  -5.010000000000000e-02
  5.032403874133410e-01   1.369405683864282e-01  -5.010000000000000e-02
  5.033809191984282e-01   1.369764015527933e-01  -5.010000000000000e-02
  5.035216485327250e-01   1.370116897890852e-01  -5.010000000000000e-02
  5.036625491630123e-01   1.370464332802247e-01  -5.010000000000000e-02
  5.038035928380412e-01   1.370806407343665e-01  -5.010000000000000e-02
  5.039447523607274e-01   1.371143170181952e-01  -5.010000000000000e-02
  5.040860021262238e-01   1.371474609183623e-01  -5.010000000000001e-02
  5.042273161175326e-01   1.371800732916749e-01  -5.010000000000001e-02
  5.043686685014800e-01   1.372121547386097e-01  -5.010000000000000e-02
  5.045100325018558e-01   1.372437105821355e-01  -5.010000000000000e-02
  5.046513821842124e-01   1.372747431732581e-01  -5.010000000000000e-02
  5.047926930897044e-01   1.373052487922409e-01  -5.010000000000000e-02
  5.049339490858421e-01   1.373351844680122e-01  -5.010000000000000e-02
  5.050751150453956e-01   1.373645969101155e-01  -5.010000000000001e-02
  5.052161655000668e-01   1.373934895101764e-01  -5.010000000000000e-02
  5.053570770439066e-01   1.374218564690167e-01  -5.010000000000000e-02
  5.054978239162180e-01   1.374497047528471e-01  -5.010000000000000e-02
  5.056383811552195e-01   1.374770384970693e-01  -5.010000000000000e-02
  5.057787254612365e-01   1.375038545833105e-01  -5.010000000000000e-02
  5.059188337055717e-01   1.375301501750051e-01  -5.010000000000000e-02
  5.060586813549510e-01   1.375559311489369e-01  -5.010000000000000e-02
  5.061982546606749e-01   1.375811447832337e-01  -5.010000000000000e-02
  5.063375249929489e-01   1.376058203487341e-01  -5.009999999999999e-02
  5.064764657885557e-01   1.376299794147079e-01  -5.010000000000000e-02
  5.066150538477003e-01   1.376536270432217e-01  -5.010000000000000e-02
  5.067532665416404e-01   1.376767669182809e-01  -5.010000000000001e-02
  5.068910820891668e-01   1.376993996644144e-01  -5.010000000000000e-02
  5.070284796915121e-01   1.377215219427615e-01  -5.010000000000000e-02
  5.071654532580261e-01   1.377430371683805e-01  -5.010000000000000e-02
  5.073019659977636e-01   1.377640438749330e-01  -5.010000000000001e-02
  5.074379964956940e-01   1.377845490383402e-01  -5.010000000000000e-02
  5.075735240126069e-01   1.378045578416316e-01  -5.010000000000000e-02
  5.077085285116340e-01   1.378240734639432e-01  -5.010000000000000e-02
  5.078429992744485e-01   1.378430351217138e-01  -5.009999999999999e-02
  5.079769181373648e-01   1.378614324854582e-01  -5.010000000000000e-02
  5.081102553812187e-01   1.378793448597815e-01  -5.010000000000000e-02
  5.082429929099687e-01   1.378967727488177e-01  -5.010000000000001e-02
  5.083751129804751e-01   1.379137174120402e-01  -5.010000000000000e-02
  5.085066094445904e-01   1.379300883640725e-01  -5.010000000000000e-02
  5.086374585995450e-01   1.379459337705024e-01  -5.010000000000000e-02
  5.087676365563205e-01   1.379613136562274e-01  -5.010000000000000e-02
  5.088971267627063e-01   1.379762338044498e-01  -5.010000000000000e-02
  5.090259204956196e-01   1.379906331976298e-01  -5.010000000000000e-02
  5.091540060780830e-01   1.380044722799678e-01  -5.010000000000001e-02
  5.092813559382091e-01   1.380178655348192e-01  -5.010000000000000e-02
  5.094079551618529e-01   1.380308211457146e-01  -5.010000000000000e-02
  5.095337982366704e-01   1.380432552474884e-01  -5.010000000000000e-02
  5.096588718850001e-01   1.380551561433546e-01  -5.010000000000000e-02
  5.097831517581867e-01   1.380666399814430e-01  -5.009999999999999e-02
  5.099066247411909e-01   1.380777170936619e-01  -5.010000000000000e-02
  5.100292944622339e-01   1.380882032618344e-01  -5.009999999999999e-02
  5.101511339281585e-01   1.380982655868834e-01  -5.010000000000000e-02
  5.102721289558622e-01   1.381079438344300e-01  -5.010000000000000e-02
  5.103922779100725e-01   1.381171216392162e-01  -5.010000000000000e-02
  5.105115678341492e-01   1.381258193493464e-01  -5.010000000000000e-02
  5.106299795983100e-01   1.381341626255338e-01  -5.009999999999999e-02
  5.107475097807660e-01   1.381420685759349e-01  -5.010000000000000e-02
  5.108641529306233e-01   1.381494680155409e-01  -5.010000000000000e-02
  5.109798887729161e-01   1.381565406835270e-01  -5.010000000000000e-02
  5.110947150428591e-01   1.381631947085514e-01  -5.010000000000000e-02
  5.112086264546139e-01   1.381693695529004e-01  -5.010000000000000e-02
  5.113216054237255e-01   1.381752522471317e-01  -5.010000000000000e-02
  5.114336527568709e-01   1.381806970841727e-01  -5.010000000000000e-02
  5.115447596700404e-01   1.381857303360820e-01  -5.010000000000000e-02
  5.116549134836466e-01   1.381905055269964e-01  -5.010000000000000e-02
  5.117641186145294e-01   1.381947793114132e-01  -5.010000000000000e-02
  5.118723607554800e-01   1.381987577537922e-01  -5.010000000000000e-02
  5.119796358493326e-01   1.382024386125485e-01  -5.010000000000000e-02
  5.120859440776447e-01   1.382056594459291e-01  -5.010000000000000e-02
  5.121912732343623e-01   1.382086819774707e-01  -5.010000000000000e-02
  5.122956264847252e-01   1.382112668527915e-01  -5.010000000000000e-02
  5.123989953975560e-01   1.382135845858950e-01  -5.009999999999999e-02
  5.125013776659911e-01   1.382156368691921e-01  -5.010000000000000e-02
  5.126027725621249e-01   1.382172900535521e-01  -5.010000000000000e-02
  5.127031738339443e-01   1.382188074721496e-01  -5.010000000000000e-02
  5.128025841316145e-01   1.382198469174143e-01  -5.010000000000000e-02
  5.129009974724105e-01   1.382207650039425e-01  -5.010000000000000e-02
  5.129984153006717e-01   1.382213151385047e-01  -5.010000000000000e-02
  5.130948351036543e-01   1.382216706893962e-01  -5.010000000000000e-02
  5.131902572323117e-01   1.382217568396083e-01  -5.010000000000000e-02
  5.132846808626652e-01   1.382215936100676e-01  -5.010000000000000e-02
  5.133781068009107e-01   1.382212353736968e-01  -5.010000000000000e-02
  5.134705345474810e-01   1.382205891100388e-01  -5.010000000000000e-02
  5.135619663315574e-01   1.382198008161717e-01  -5.010000000000000e-02
  5.136524013536625e-01   1.382187159015016e-01  -5.009999999999999e-02
  5.137418436117829e-01   1.382175271661907e-01  -5.010000000000000e-02
  5.138302917597284e-01   1.382160452460325e-01  -5.010000000000000e-02
  5.139177514203588e-01   1.382144749397488e-01  -5.010000000000000e-02
  5.140042210780009e-01   1.382126337046977e-01  -5.009999999999999e-02
  5.140897072947264e-01   1.382107004542969e-01  -5.010000000000000e-02
  5.141742093554975e-01   1.382085401926781e-01  -5.010000000000000e-02
  5.142577335177515e-01   1.382062670429632e-01  -5.010000000000000e-02
  5.143402811447013e-01   1.382038254442471e-01  -5.010000000000000e-02
  5.144218565407428e-01   1.382012302177754e-01  -5.010000000000000e-02
  5.145024652137831e-01   1.381985476831735e-01  -5.010000000000000e-02
  5.145821075005962e-01   1.381956616067089e-01  -5.010000000000000e-02
  5.146607947858516e-01   1.381927786401976e-01  -5.010000000000000e-02
  5.147385207823561e-01   1.381896135454175e-01  -5.010000000000000e-02
  5.148153027018104e-01   1.381864868945747e-01  -5.010000000000000e-02
  5.148911345004166e-01   1.381831399284999e-01  -5.010000000000000e-02
  5.149660295826879e-01   1.381797631316968e-01  -5.010000000000000e-02
  5.150399903952619e-01   1.381763005102770e-01  -5.010000000000001e-02
  5.151130199087473e-01   1.381726972016970e-01  -5.010000000000000e-02
  5.151851326160428e-01   1.381691391287409e-01  -5.010000000000000e-02
  5.152563194584893e-01   1.381653363565874e-01  -5.010000000000000e-02
  5.153266008912578e-01   1.381615696598988e-01  -5.010000000000000e-02
  5.153959768453172e-01   1.381577284217957e-01  -5.010000000000000e-02
  5.154644514986070e-01   1.381537750795842e-01  -5.010000000000000e-02
  5.155320403291177e-01   1.381498728798089e-01  -5.010000000000000e-02
  5.155987368171430e-01   1.381458037648605e-01  -5.010000000000000e-02
  5.156645577927524e-01   1.381417386448658e-01  -5.009999999999999e-02
  5.157295112545745e-01   1.381377006251311e-01  -5.010000000000000e-02
  5.157935914349441e-01   1.381334921062745e-01  -5.010000000000000e-02
  5.158568196784552e-01   1.381293395390759e-01  -5.010000000000000e-02
  5.159191983161720e-01   1.381251737652973e-01  -5.010000000000000e-02
  5.159807279488846e-01   1.381208988135264e-01  -5.010000000000000e-02
  5.160414270165635e-01   1.381166815676982e-01  -5.010000000000000e-02
  5.161012968851108e-01   1.381124397661651e-01  -5.010000000000000e-02
  5.161603407718503e-01   1.381081161712068e-01  -5.010000000000000e-02
  5.162185760997802e-01   1.381038517844237e-01  -5.010000000000000e-02
  5.162760054455342e-01   1.380995820155450e-01  -5.010000000000000e-02
  5.163326309644966e-01   1.380952359744249e-01  -5.010000000000000e-02
  5.163884704181344e-01   1.380909502642702e-01  -5.010000000000000e-02
  5.164435293464510e-01   1.380866991163871e-01  -5.010000000000000e-02
  5.164978048186919e-01   1.380823483161570e-01  -5.009999999999999e-02
  5.165513170853244e-01   1.380780586955905e-01  -5.010000000000000e-02
  5.166040737596114e-01   1.380738296443976e-01  -5.009999999999999e-02
  5.166560713493307e-01   1.380695244987341e-01  -5.010000000000000e-02
  5.167073260540941e-01   1.380652470491549e-01  -5.010000000000000e-02
  5.167578483342019e-01   1.380610307239065e-01  -5.010000000000000e-02
  5.168076419009726e-01   1.380568281463466e-01  -5.010000000000000e-02
  5.168567091614560e-01   1.380525764938016e-01  -5.009999999999999e-02
  5.169050672719313e-01   1.380483862887352e-01  -5.010000000000001e-02
  5.169527239342246e-01   1.380442568637882e-01  -5.010000000000000e-02
  5.169996796624201e-01   1.380401059744730e-01  -5.010000000000000e-02
  5.170459447989121e-01   1.380359629827042e-01  -5.010000000000000e-02
  5.170915317466983e-01   1.380318807219834e-01  -5.010000000000000e-02
  5.171364481833972e-01   1.380278585047884e-01  -5.010000000000000e-02
  5.171806939591372e-01   1.380238097241186e-01  -5.010000000000000e-02
  5.172242813338521e-01   1.380197843952573e-01  -5.010000000000000e-02
  5.172672213047406e-01   1.380158188546563e-01  -5.009999999999999e-02
  5.173095214790642e-01   1.380119123997790e-01  -5.010000000000000e-02
  5.173511838491498e-01   1.380080046330396e-01  -5.010000000000000e-02
  5.173922171604889e-01   1.380041075375770e-01  -5.010000000000001e-02
  5.174326334965080e-01   1.380002690386947e-01  -5.010000000000000e-02
  5.174724403544435e-01   1.379964884243505e-01  -5.010000000000000e-02
  5.175116440686737e-01   1.379927532327245e-01  -5.010000000000000e-02
  5.175502455064550e-01   1.379889945180142e-01  -5.010000000000000e-02
  5.175882598887593e-01   1.379852929663057e-01  -5.010000000000000e-02
  5.176256945691660e-01   1.379816478615633e-01  -5.010000000000001e-02
  5.176625568611453e-01   1.379780584916568e-01  -5.010000000000000e-02
  5.176988510495014e-01   1.379744938227055e-01  -5.010000000000000e-02
  5.177345825243759e-01   1.379709344881586e-01  -5.009999999999999e-02
  5.177697634145253e-01   1.379674299992413e-01  -5.010000000000000e-02
  5.178044008553888e-01   1.379639796451679e-01  -5.010000000000000e-02
  5.178385019346764e-01   1.379605827199075e-01  -5.010000000000000e-02
  5.178720720094771e-01   1.379572218098449e-01  -5.010000000000000e-02
  5.179051148109629e-01   1.379538638467135e-01  -5.010000000000000e-02
  5.179376423182195e-01   1.379505582501777e-01  -5.010000000000000e-02
  5.179696614143577e-01   1.379473043207439e-01  -5.010000000000000e-02
  5.180011789289604e-01   1.379441013643579e-01  -5.010000000000000e-02
  5.180322016371187e-01   1.379409486925036e-01  -5.010000000000000e-02
  5.180627324264950e-01   1.379378082522949e-01  -5.010000000000000e-02
  5.180927800224376e-01   1.379346994740232e-01  -5.010000000000000e-02
  5.181223528900620e-01   1.379316398119964e-01  -5.010000000000000e-02
  5.181514575768577e-01   1.379286285887995e-01  -5.010000000000000e-02
  5.181801005719147e-01   1.379256651330595e-01  -5.010000000000000e-02
  5.182082883053067e-01   1.379227487795094e-01  -5.010000000000000e-02
  5.182360247576263e-01   1.379198559372867e-01  -5.010000000000000e-02
  5.182633167631181e-01   1.379169909799546e-01  -5.009999999999999e-02
  5.182901725057070e-01   1.379141718189861e-01  -5.010000000000000e-02
  5.183165981732872e-01   1.379113978048114e-01  -5.010000000000000e-02
  5.183425998924114e-01   1.379086682943006e-01  -5.010000000000001e-02
  5.183681837279609e-01   1.379059826507974e-01  -5.010000000000000e-02
  5.183933556828599e-01   1.379033402441494e-01  -5.010000000000000e-02
  5.184181190547579e-01   1.379007154319260e-01  -5.010000000000000e-02
  5.184424816011166e-01   1.378981253847076e-01  -5.010000000000000e-02
  5.184664499567238e-01   1.378955772449584e-01  -5.010000000000000e-02
  5.184900298738071e-01   1.378930704011437e-01  -5.010000000000000e-02
  5.185132270418018e-01   1.378906042484045e-01  -5.010000000000000e-02
  5.185360470872902e-01   1.378881781885637e-01  -5.010000000000000e-02
  5.185584955739729e-01   1.378857916301297e-01  -5.010000000000000e-02
  5.185805776846529e-01   1.378834410118249e-01  -5.010000000000000e-02
  5.186022970513960e-01   1.378811088533055e-01  -5.009999999999999e-02
  5.186236612132704e-01   1.378788148355878e-01  -5.010000000000000e-02
  5.186446754821874e-01   1.378765583882953e-01  -5.009999999999999e-02
  5.186653451074923e-01   1.378743389477694e-01  -5.010000000000000e-02
  5.186856752761093e-01   1.378721559570541e-01  -5.010000000000000e-02
  5.187056711127079e-01   1.378700088658784e-01  -5.010000000000000e-02
  5.187253376798950e-01   1.378678971306352e-01  -5.009999999999999e-02
  5.187446799784286e-01   1.378658202143585e-01  -5.010000000000000e-02
  5.187637022876399e-01   1.378637714656415e-01  -5.010000000000000e-02
  5.187824091421679e-01   1.378617471773617e-01  -5.010000000000000e-02
  5.188008063891950e-01   1.378597563920331e-01  -5.010000000000000e-02
  5.188188987842122e-01   1.378577985950591e-01  -5.010000000000001e-02
  5.188366910222371e-01   1.378558732783870e-01  -5.010000000000000e-02
  5.188541877381425e-01   1.378539799404723e-01  -5.010000000000000e-02
  5.188713935069999e-01   1.378521180862417e-01  -5.010000000000000e-02
  5.188883128444383e-01   1.378502872270544e-01  -5.009999999999999e-02
  5.189049502070174e-01   1.378484868806612e-01  -5.010000000000000e-02
  5.189213099926140e-01   1.378467165711635e-01  -5.010000000000000e-02
  5.189373964015431e-01   1.378449745448675e-01  -5.010000000000000e-02
  5.189532131393322e-01   1.378432550261015e-01  -5.010000000000000e-02
  5.189687651600268e-01   1.378415642860899e-01  -5.010000000000000e-02
  5.189840566306541e-01   1.378399018718136e-01  -5.010000000000000e-02
  5.189990916616691e-01   1.378382673364042e-01  -5.009999999999999e-02
  5.190138743074073e-01   1.378366602390939e-01  -5.010000000000000e-02
  5.190284085665444e-01   1.378350801451662e-01  -5.010000000000000e-02
  5.190426983825653e-01   1.378335266259046e-01  -5.010000000000000e-02
  5.190567476442404e-01   1.378319992585409e-01  -5.010000000000001e-02
  5.190705601861070e-01   1.378304976262029e-01  -5.010000000000001e-02
  5.190841397889597e-01   1.378290213178609e-01  -5.010000000000000e-02
  5.190974901803447e-01   1.378275699282744e-01  -5.010000000000000e-02
  5.191106150350596e-01   1.378261430579371e-01  -5.010000000000000e-02
  5.191235176082962e-01   1.378247369391112e-01  -5.010000000000000e-02
  5.191362017469012e-01   1.378233537186640e-01  -5.010000000000000e-02
  5.191486710695769e-01   1.378219939241502e-01  -5.010000000000000e-02
  5.191609290450915e-01   1.378206571772965e-01  -5.010000000000000e-02
  5.191729790920294e-01   1.378193431053021e-01  -5.010000000000000e-02
  5.191848245793136e-01   1.378180513407819e-01  -5.010000000000000e-02
  5.191964688267292e-01   1.378167815217096e-01  -5.010000000000000e-02
  5.192079151054502e-01   1.378155332913595e-01  -5.010000000000000e-02
  5.192191666385667e-01   1.378143062982500e-01  -5.010000000000000e-02
  5.192302266016138e-01   1.378131001960850e-01  -5.010000000000000e-02
  5.192410981231004e-01   1.378119146436971e-01  -5.010000000000000e-02
  5.192517842850403e-01   1.378107493049888e-01  -5.010000000000000e-02
  5.192622881234814e-01   1.378096038488756e-01  -5.010000000000000e-02
  5.192726126290364e-01   1.378084779492276e-01  -5.009999999999999e-02
  5.192827607474122e-01   1.378073712848120e-01  -5.010000000000000e-02
  5.192927353816845e-01   1.378062835552418e-01  -5.010000000000000e-02
  5.193025394063073e-01   1.378052146045518e-01  -5.010000000000001e-02
  5.193121756163737e-01   1.378041639509890e-01  -5.010000000000000e-02
  5.193216467832544e-01   1.378031312923858e-01  -5.010000000000000e-02
  5.193309556360493e-01   1.378021163311834e-01  -5.010000000000000e-02
  5.193401048621084e-01   1.378011187743753e-01  -5.010000000000001e-02
  5.193490971075537e-01   1.378001383334500e-01  -5.010000000000001e-02
  5.193579349777968e-01   1.377991747243345e-01  -5.010000000000001e-02
  5.193666210380545e-01   1.377982276673387e-01  -5.010000000000000e-02
  5.193751578138631e-01   1.377972968870986e-01  -5.010000000000000e-02
  5.193835477915885e-01   1.377963821125215e-01  -5.010000000000000e-02
  5.193917934189339e-01   1.377954830767295e-01  -5.010000000000000e-02
  5.193998971054459e-01   1.377945995170056e-01  -5.010000000000000e-02
  5.194078612230153e-01   1.377937311747382e-01  -5.009999999999999e-02
  5.194156881063761e-01   1.377928777953668e-01  -5.010000000000000e-02
  5.194233800536009e-01   1.377920391283285e-01  -5.010000000000001e-02
  5.194309393265929e-01   1.377912149270039e-01  -5.010000000000000e-02
  5.194383681515740e-01   1.377904049486638e-01  -5.010000000000001e-02
  5.194456687195693e-01   1.377896089544169e-01  -5.009999999999999e-02
  5.194528431868883e-01   1.377888267091568e-01  -5.010000000000000e-02
  5.194598936756021e-01   1.377880579815101e-01  -5.010000000000000e-02
  5.194668222740156e-01   1.377873025437853e-01  -5.010000000000000e-02
  5.194736209989275e-01   1.377864778126384e-01  -5.010000000000000e-02
  5.194802912948471e-01   1.377855788280644e-01  -5.009999999999999e-02
  5.194868403496576e-01   1.377846592878195e-01  -5.010000000000000e-02
  5.194932311895610e-01   1.377834754976146e-01  -5.010000000000000e-02
  5.194995113105099e-01   1.377823122161403e-01  -5.010000000000000e-02
  5.195056414061329e-01   1.377809744345866e-01  -5.010000000000000e-02
  5.195116410432300e-01   1.377795455837543e-01  -5.010000000000000e-02
  5.195175352848631e-01   1.377781365039026e-01  -5.010000000000000e-02
  5.195232494217300e-01   1.377764589251594e-01  -5.010000000000000e-02
  5.195288643725482e-01   1.377748104658460e-01  -5.010000000000000e-02
  5.195343562228565e-01   1.377731112610981e-01  -5.010000000000000e-02
  5.195396860780147e-01   1.377712350958677e-01  -5.010000000000000e-02
  5.195449233179921e-01   1.377693915321578e-01  -5.010000000000000e-02
  5.195500265802474e-01   1.377674680830411e-01  -5.010000000000000e-02
  5.195549763539344e-01   1.377654092980369e-01  -5.010000000000000e-02
  5.195598400293269e-01   1.377633863243422e-01  -5.010000000000000e-02
  5.195645729518325e-01   1.377612962148055e-01  -5.010000000000000e-02
  5.195691464427514e-01   1.377590715313313e-01  -5.010000000000000e-02
  5.195736403037374e-01   1.377568855822505e-01  -5.010000000000000e-02
  5.195780295146082e-01   1.377546874284379e-01  -5.009999999999999e-02
  5.195822313863029e-01   1.377523162855234e-01  -5.010000000000000e-02
  5.195863600314202e-01   1.377499864648322e-01  -5.009999999999999e-02
  5.195904167049128e-01   1.377476972581865e-01  -5.010000000000000e-02
  5.195942735232492e-01   1.377452355380993e-01  -5.009999999999999e-02
  5.195980386938788e-01   1.377427766511575e-01  -5.010000000000000e-02
  5.196017381731262e-01   1.377403606647103e-01  -5.009999999999999e-02
  5.196053211692742e-01   1.377379130855066e-01  -5.010000000000000e-02
  5.196087215640546e-01   1.377353376867462e-01  -5.010000000000001e-02
  5.196120625838195e-01   1.377328072575708e-01  -5.010000000000000e-02
  5.196153452501787e-01   1.377303210242309e-01  -5.010000000000000e-02
  5.196184698998667e-01   1.377277548661954e-01  -5.010000000000000e-02
  5.196214567133268e-01   1.377251315542882e-01  -5.010000000000000e-02
  5.196243913206312e-01   1.377225540949367e-01  -5.009999999999999e-02
  5.196272746218840e-01   1.377200216975811e-01  -5.009999999999999e-02
  5.196299970810898e-01   1.377174173730039e-01  -5.009999999999999e-02
  5.196325806290040e-01   1.377147625220193e-01  -5.010000000000001e-02
  5.196351189768556e-01   1.377121541185693e-01  -5.010000000000000e-02
  5.196376129054398e-01   1.377095913603094e-01  -5.009999999999999e-02
  5.196400090295221e-01   1.377070248859397e-01  -5.010000000000000e-02
  5.196422075060911e-01   1.377043636887233e-01  -5.009999999999999e-02
  5.196443674858243e-01   1.377017490908993e-01  -5.010000000000000e-02
  5.196464896349026e-01   1.376991802860735e-01  -5.009999999999999e-02
  5.196485746082555e-01   1.376966564814711e-01  -5.010000000000000e-02
  5.196504872312470e-01   1.376940742429448e-01  -5.010000000000000e-02
  5.196522817848679e-01   1.376914733527307e-01  -5.010000000000000e-02
  5.196540448828331e-01   1.376889180519634e-01  -5.010000000000000e-02
  5.196557770705885e-01   1.376864075501154e-01  -5.010000000000000e-02
  5.196574788843283e-01   1.376839410700667e-01  -5.010000000000000e-02
  5.196590291825153e-01   1.376814417768976e-01  -5.009999999999999e-02
  5.196604501803175e-01   1.376789224853102e-01  -5.010000000000000e-02
  5.196618462472594e-01   1.376764473937254e-01  -5.010000000000000e-02
  5.196632178164516e-01   1.376740157342800e-01  -5.010000000000001e-02
  5.196645653136305e-01   1.376716267521848e-01  -5.010000000000000e-02
  5.196658891572786e-01   1.376692797055105e-01  -5.010000000000000e-02
  5.196669916964986e-01   1.376668738119206e-01  -5.010000000000000e-02
  5.196680569027622e-01   1.376645010852967e-01  -5.010000000000001e-02
  5.196691034015856e-01   1.376621700291391e-01  -5.010000000000000e-02
  5.196701315186210e-01   1.376598799180633e-01  -5.010000000000000e-02
  5.196711415739530e-01   1.376576300390870e-01  -5.010000000000001e-02
  5.196721338821906e-01   1.376554196914252e-01  -5.010000000000000e-02
  5.196729874943770e-01   1.376532005565899e-01  -5.009999999999999e-02
  5.196737377096264e-01   1.376509857035536e-01  -5.010000000000000e-02
  5.196744747374842e-01   1.376488097835230e-01  -5.010000000000000e-02
  5.196751988079283e-01   1.376466721175362e-01  -5.010000000000000e-02
  5.196759101469904e-01   1.376445720382823e-01  -5.010000000000000e-02
  5.196766089768210e-01   1.376425088899085e-01  -5.010000000000000e-02
  5.196772955157540e-01   1.376404820278295e-01  -5.010000000000000e-02
  5.196779187293703e-01   1.376384761213849e-01  -5.010000000000000e-02
  5.196783935583096e-01   1.376364660942170e-01  -5.010000000000000e-02
  5.196788600328001e-01   1.376344914327731e-01  -5.010000000000000e-02
  5.196793182988113e-01   1.376325515191400e-01  -5.010000000000000e-02
  5.196797684997986e-01   1.376306457460489e-01  -5.010000000000000e-02
  5.196802107767444e-01   1.376287735166977e-01  -5.010000000000000e-02
  5.196806452682006e-01   1.376269342445751e-01  -5.010000000000000e-02
  5.196810721103282e-01   1.376251273532888e-01  -5.009999999999999e-02
  5.196814914369383e-01   1.376233522763953e-01  -5.010000000000000e-02
  5.196818018744726e-01   1.376215894333519e-01  -5.010000000000000e-02
  5.196820449966741e-01   1.376198460445648e-01  -5.010000000000000e-02
  5.196822838367475e-01   1.376181333622047e-01  -5.010000000000001e-02
  5.196825184696675e-01   1.376164508486412e-01  -5.010000000000001e-02
  5.196827489691116e-01   1.376147979755446e-01  -5.010000000000000e-02
  5.196829754074821e-01   1.376131742237294e-01  -5.010000000000000e-02
  5.196831978559278e-01   1.376115790829997e-01  -5.010000000000000e-02
  5.196834163843651e-01   1.376100120519970e-01  -5.009999999999999e-02
  5.196836310614987e-01   1.376084726380510e-01  -5.010000000000000e-02
  5.196838419548425e-01   1.376069603570325e-01  -5.010000000000000e-02
  5.196840491307390e-01   1.376054747332080e-01  -5.010000000000000e-02
