780
  4.932171526700000e-01   1.262779862400000e-01  -5.010000000000000e-02
  4.932159576600713e-01   1.262788928552824e-01  -5.009999999999999e-02
  4.932147449185069e-01   1.262798129229819e-01  -5.009999999999999e-02
  4.932135141839122e-01   1.262807466414099e-01  -5.010000000000000e-02
  4.932122651910905e-01   1.262816942117627e-01  -5.010000000000001e-02
  4.932109976709891e-01   1.262826558381619e-01  -5.009999999999999e-02
  4.932097113506448e-01   1.262836317276957e-01  -5.010000000000000e-02
  4.932084059531289e-01   1.262846220904610e-01  -5.010000000000000e-02
  4.932070811974912e-01   1.262856271396056e-01  -5.010000000000000e-02
  4.932057367987032e-01   1.262866470913714e-01  -5.009999999999999e-02
  4.932043724676006e-01   1.262876821651378e-01  -5.010000000000001e-02
  4.932029879108257e-01   1.262887325834660e-01  -5.010000000000000e-02
  4.932017745715270e-01   1.262899938868376e-01  -5.010000000000000e-02
  4.932006666375158e-01   1.262913995729736e-01  -5.010000000000000e-02
  4.931995422842441e-01   1.262928260909702e-01  -5.010000000000000e-02
  4.931984012702732e-01   1.262942737471515e-01  -5.010000000000000e-02
  4.931972433506709e-01   1.262957428522743e-01  -5.010000000000000e-02
  4.931960682769624e-01   1.262972337215896e-01  -5.010000000000000e-02
  4.931948757970812e-01   1.262987466749059e-01  -5.010000000000000e-02
  4.931936656553184e-01   1.263002820366525e-01  -5.009999999999999e-02
  4.931924375922724e-01   1.263018401359439e-01  -5.010000000000000e-02
  4.931911913447974e-01   1.263034213066452e-01  -5.010000000000000e-02
  4.931899266459513e-01   1.263050258874381e-01  -5.010000000000000e-02
  4.931887196748191e-01   1.263067044668069e-01  -5.010000000000000e-02
  4.931877194915231e-01   1.263085555401338e-01  -5.010000000000000e-02
  4.931867045057277e-01   1.263104340089509e-01  -5.010000000000000e-02
  4.931856745003647e-01   1.263123402749940e-01  -5.010000000000000e-02
  4.931846292552427e-01   1.263142747457785e-01  -5.010000000000000e-02
  4.931835685470042e-01   1.263162378346798e-01  -5.010000000000000e-02
  4.931824921490819e-01   1.263182299610141e-01  -5.010000000000000e-02
  4.931813998316542e-01   1.263202515501196e-01  -5.010000000000000e-02
  4.931802913616006e-01   1.263223030334406e-01  -5.010000000000000e-02
  4.931791665024566e-01   1.263243848486100e-01  -5.010000000000000e-02
  4.931780250143675e-01   1.263264974395351e-01  -5.010000000000000e-02
  4.931768666540419e-01   1.263286412564836e-01  -5.010000000000000e-02
  4.931759209047654e-01   1.263309238915810e-01  -5.010000000000000e-02
  4.931749963228322e-01   1.263332566443718e-01  -5.010000000000000e-02
  4.931740580810817e-01   1.263356238613630e-01  -5.010000000000000e-02
  4.931731059799138e-01   1.263380260461523e-01  -5.009999999999999e-02
  4.931721398168786e-01   1.263404637095285e-01  -5.010000000000000e-02
  4.931711593866365e-01   1.263429373695701e-01  -5.010000000000000e-02
  4.931701644809198e-01   1.263454475517442e-01  -5.010000000000000e-02
  4.931691548884928e-01   1.263479947890059e-01  -5.010000000000000e-02
  4.931681303951115e-01   1.263505796219001e-01  -5.010000000000000e-02
  4.931670907834834e-01   1.263532025986638e-01  -5.010000000000000e-02
  4.931660358332259e-01   1.263558642753297e-01  -5.010000000000000e-02
  4.931651107953243e-01   1.263586159302072e-01  -5.010000000000000e-02
  4.931642577993562e-01   1.263614380398516e-01  -5.010000000000000e-02
  4.931633922250029e-01   1.263643017646779e-01  -5.010000000000001e-02
  4.931625138891781e-01   1.263672077104206e-01  -5.009999999999999e-02
  4.931616226062027e-01   1.263701564913937e-01  -5.010000000000000e-02
  4.931607181877694e-01   1.263731487306057e-01  -5.010000000000000e-02
  4.931598004429080e-01   1.263761850598750e-01  -5.010000000000000e-02
  4.931588691779502e-01   1.263792661199471e-01  -5.010000000000001e-02
  4.931579241964935e-01   1.263823925606130e-01  -5.010000000000000e-02
  4.931569652993655e-01   1.263855650408288e-01  -5.010000000000000e-02
  4.931559922845868e-01   1.263887842288367e-01  -5.010000000000000e-02
  4.931551543932823e-01   1.263920909311720e-01  -5.010000000000001e-02
  4.931543611371094e-01   1.263954615930674e-01  -5.010000000000000e-02
  4.931535562095000e-01   1.263988818486091e-01  -5.010000000000000e-02
  4.931527394413458e-01   1.264023524163633e-01  -5.010000000000000e-02
  4.931519106611664e-01   1.264058740249758e-01  -5.010000000000000e-02
  4.931510696950781e-01   1.264094474133031e-01  -5.010000000000000e-02
  4.931502163667632e-01   1.264130733305455e-01  -5.010000000000000e-02
  4.931493504974380e-01   1.264167525363808e-01  -5.010000000000000e-02
  4.931484719058212e-01   1.264204858011008e-01  -5.010000000000000e-02
  4.931475804081011e-01   1.264242739057478e-01  -5.010000000000000e-02
  4.931467281090546e-01   1.264281286404253e-01  -5.010000000000000e-02
  4.931459971020124e-01   1.264320681141748e-01  -5.010000000000000e-02
  4.931452553648296e-01   1.264360654137783e-01  -5.010000000000000e-02
  4.931445027427936e-01   1.264401213729988e-01  -5.010000000000000e-02
  4.931437390790445e-01   1.264442368371725e-01  -5.010000000000000e-02
  4.931429642145470e-01   1.264484126633558e-01  -5.010000000000000e-02
  4.931421779880636e-01   1.264526497204744e-01  -5.010000000000000e-02
  4.931413802361266e-01   1.264569488894732e-01  -5.010000000000000e-02
  4.931405707930099e-01   1.264613110634681e-01  -5.010000000000000e-02
  4.931397494907004e-01   1.264657371478986e-01  -5.010000000000000e-02
  4.931389794922163e-01   1.264702385652413e-01  -5.010000000000000e-02
  4.931383086679954e-01   1.264748242145466e-01  -5.010000000000000e-02
  4.931376280240006e-01   1.264794769902881e-01  -5.010000000000001e-02
  4.931369374194480e-01   1.264841978548427e-01  -5.010000000000000e-02
  4.931362367116234e-01   1.264889877837816e-01  -5.010000000000000e-02
  4.931355257558590e-01   1.264938477660338e-01  -5.010000000000000e-02
  4.931348044055080e-01   1.264987788040500e-01  -5.010000000000000e-02
  4.931340725119222e-01   1.265037819139684e-01  -5.010000000000000e-02
  4.931333299244263e-01   1.265088581257818e-01  -5.009999999999999e-02
  4.931325777924808e-01   1.265140086535879e-01  -5.010000000000000e-02
  4.931319744387277e-01   1.265192552546401e-01  -5.010000000000000e-02
  4.931313622779157e-01   1.265245784394945e-01  -5.010000000000000e-02
  4.931307411845246e-01   1.265299792996406e-01  -5.009999999999999e-02
  4.931301110313356e-01   1.265354589413397e-01  -5.010000000000000e-02
  4.931294716894107e-01   1.265410184858010e-01  -5.010000000000000e-02
  4.931288230280724e-01   1.265466590693593e-01  -5.009999999999999e-02
  4.931281649148837e-01   1.265523818436544e-01  -5.010000000000000e-02
  4.931274972156259e-01   1.265581879758117e-01  -5.010000000000000e-02
  4.931268522750425e-01   1.265640819549005e-01  -5.010000000000000e-02
  4.931263212373883e-01   1.265700742713370e-01  -5.010000000000000e-02
  4.931257824733867e-01   1.265761537731505e-01  -5.010000000000000e-02
  4.931252358736656e-01   1.265823216945157e-01  -5.010000000000001e-02
  4.931246813273946e-01   1.265885792860594e-01  -5.010000000000000e-02
  4.931241187222688e-01   1.265949278150488e-01  -5.010000000000000e-02
  4.931235479444919e-01   1.266013685655814e-01  -5.010000000000000e-02
  4.931229688787589e-01   1.266079028387769e-01  -5.010000000000001e-02
  4.931223814082394e-01   1.266145319529689e-01  -5.010000000000000e-02
  4.931219267660645e-01   1.266212682003469e-01  -5.010000000000000e-02
  4.931214727956614e-01   1.266281026998218e-01  -5.010000000000000e-02
  4.931210122446623e-01   1.266350362698088e-01  -5.010000000000001e-02
  4.931205450206380e-01   1.266420703018232e-01  -5.010000000000000e-02
  4.931200710299488e-01   1.266492062056051e-01  -5.010000000000000e-02
  4.931195901777314e-01   1.266564454093177e-01  -5.009999999999999e-02
  4.931191023678853e-01   1.266637893597478e-01  -5.010000000000001e-02
  4.931186376291322e-01   1.266712412360413e-01  -5.010000000000000e-02
  4.931182794186739e-01   1.266788072753891e-01  -5.009999999999999e-02
  4.931179160325597e-01   1.266864826337565e-01  -5.010000000000000e-02
  4.931175473985917e-01   1.266942688360929e-01  -5.010000000000000e-02
  4.931171734436410e-01   1.267021674270063e-01  -5.010000000000000e-02
  4.931167940936386e-01   1.267101799709684e-01  -5.010000000000001e-02
  4.931164092735652e-01   1.267183080525207e-01  -5.010000000000000e-02
  4.931160189074413e-01   1.267265532764805e-01  -5.010000000000000e-02
  4.931157591612287e-01   1.267349225596658e-01  -5.010000000000000e-02
  4.931155015848822e-01   1.267434125622429e-01  -5.010000000000000e-02
  4.931152403023158e-01   1.267520247259461e-01  -5.010000000000000e-02
  4.931149752622840e-01   1.267607607398850e-01  -5.010000000000000e-02
  4.931147064128941e-01   1.267696223144983e-01  -5.010000000000000e-02
  4.931144337016000e-01   1.267786111817631e-01  -5.009999999999999e-02
  4.931141800221172e-01   1.267877296163074e-01  -5.010000000000000e-02
  4.931140406445818e-01   1.267969815577050e-01  -5.010000000000001e-02
  4.931138992684776e-01   1.268063661649699e-01  -5.010000000000000e-02
  4.931137558663741e-01   1.268158852589520e-01  -5.010000000000000e-02
  4.931136104105003e-01   1.268255406830918e-01  -5.010000000000000e-02
  4.931134628727421e-01   1.268353343036293e-01  -5.009999999999999e-02
  4.931133132246385e-01   1.268452680098121e-01  -5.010000000000000e-02
  4.931132723598247e-01   1.268553446206130e-01  -5.010000000000000e-02
  4.931132592667397e-01   1.268655654100920e-01  -5.010000000000000e-02
  4.931132459867404e-01   1.268759321095148e-01  -5.010000000000000e-02
  4.931132325172858e-01   1.268864467024558e-01  -5.010000000000000e-02
  4.931132188558043e-01   1.268971111965326e-01  -5.010000000000000e-02
  4.931132049996927e-01   1.269079276236105e-01  -5.010000000000000e-02
  4.931133093305387e-01   1.269188974259516e-01  -5.010000000000000e-02
  4.931134390052544e-01   1.269300231660844e-01  -5.010000000000000e-02
  4.931135705234488e-01   1.269413070717131e-01  -5.010000000000000e-02
  4.931137039099566e-01   1.269527512735704e-01  -5.010000000000001e-02
  4.931138391899063e-01   1.269643579276379e-01  -5.010000000000000e-02
  4.931140111709098e-01   1.269761286007851e-01  -5.009999999999999e-02
  4.931142938462045e-01   1.269880641931650e-01  -5.009999999999999e-02
  4.931145805248849e-01   1.270001688232306e-01  -5.010000000000000e-02
  4.931148712604382e-01   1.270124447494226e-01  -5.010000000000000e-02
  4.931151661069727e-01   1.270248942563867e-01  -5.010000000000001e-02
  4.931154663232169e-01   1.270375196196294e-01  -5.010000000000000e-02
  4.931159186208445e-01   1.270503188489864e-01  -5.009999999999999e-02
  4.931163772980809e-01   1.270632986100799e-01  -5.010000000000000e-02
  4.931168424394004e-01   1.270764612933835e-01  -5.010000000000000e-02
  4.931173141302347e-01   1.270898093164678e-01  -5.010000000000000e-02
  4.931178081695887e-01   1.271033444811567e-01  -5.010000000000000e-02
  4.931184462998223e-01   1.271170642811793e-01  -5.010000000000000e-02
  4.931190933913952e-01   1.271309767499963e-01  -5.010000000000000e-02
  4.931197495618181e-01   1.271450844140896e-01  -5.010000000000001e-02
  4.931204149298998e-01   1.271593898278458e-01  -5.010000000000000e-02
  4.931211309770765e-01   1.271738935349748e-01  -5.009999999999999e-02
  4.931218966604605e-01   1.271885982035151e-01  -5.010000000000000e-02
  4.931226730457184e-01   1.272035083976185e-01  -5.010000000000000e-02
  4.931234602717102e-01   1.272186267840395e-01  -5.010000000000000e-02
  4.931242584787856e-01   1.272339560581453e-01  -5.009999999999999e-02
  4.931250678087912e-01   1.272494989440439e-01  -5.010000000000001e-02
  4.931258884050763e-01   1.272652581947072e-01  -5.010000000000000e-02
  4.931267204124992e-01   1.272812365920879e-01  -5.010000000000000e-02
  4.931275639774332e-01   1.272974369472309e-01  -5.010000000000000e-02
  4.931284192477720e-01   1.273138621003777e-01  -5.010000000000000e-02
  4.931292863729345e-01   1.273305149210657e-01  -5.009999999999999e-02
  4.931301655038699e-01   1.273473983082192e-01  -5.009999999999999e-02
  4.931310567930620e-01   1.273645151902343e-01  -5.010000000000000e-02
  4.931319603945335e-01   1.273818685250567e-01  -5.010000000000000e-02
  4.931328764638491e-01   1.273994613002512e-01  -5.010000000000000e-02
  4.931337872537449e-01   1.274172973909928e-01  -5.010000000000000e-02
  4.931345788796049e-01   1.274353853089071e-01  -5.010000000000000e-02
  4.931353813890606e-01   1.274537219069035e-01  -5.010000000000001e-02
  4.931361949181266e-01   1.274723102927951e-01  -5.010000000000000e-02
  4.931370196041246e-01   1.274911536042523e-01  -5.010000000000000e-02
  4.931378555856837e-01   1.275102550088203e-01  -5.010000000000000e-02
  4.931387030027407e-01   1.275296177039285e-01  -5.010000000000000e-02
  4.931395619965405e-01   1.275492449168886e-01  -5.010000000000000e-02
  4.931404327096350e-01   1.275691399048830e-01  -5.010000000000000e-02
  4.931413152858827e-01   1.275893059549421e-01  -5.010000000000001e-02
  4.931422098704467e-01   1.276097463839107e-01  -5.010000000000000e-02
  4.931431166097932e-01   1.276304645384034e-01  -5.010000000000000e-02
  4.931440356516885e-01   1.276514637947472e-01  -5.010000000000000e-02
  4.931451432254854e-01   1.276727384189148e-01  -5.010000000000000e-02
  4.931464376798568e-01   1.276942919399611e-01  -5.010000000000000e-02
  4.931477496207818e-01   1.277161366236848e-01  -5.010000000000000e-02
  4.931490792579465e-01   1.277382759615006e-01  -5.010000000000000e-02
  4.931504268027919e-01   1.277607134740368e-01  -5.010000000000000e-02
  4.931517924685049e-01   1.277834527110003e-01  -5.010000000000000e-02
  4.931531764700102e-01   1.278064972510265e-01  -5.010000000000000e-02
  4.931545790239598e-01   1.278298507015144e-01  -5.010000000000000e-02
  4.931560003487222e-01   1.278535166984465e-01  -5.009999999999999e-02
  4.931574406643712e-01   1.278774989061928e-01  -5.010000000000000e-02
  4.931589144207719e-01   1.279017999999550e-01  -5.010000000000000e-02
  4.931609541888539e-01   1.279263856360878e-01  -5.010000000000000e-02
  4.931630210734079e-01   1.279512981111955e-01  -5.009999999999999e-02
  4.931651153871719e-01   1.279765411947606e-01  -5.010000000000001e-02
  4.931672374451337e-01   1.280021186833777e-01  -5.010000000000000e-02
  4.931693875645055e-01   1.280280344004544e-01  -5.010000000000000e-02
  4.931715660646978e-01   1.280542921958933e-01  -5.010000000000000e-02
  4.931737732672911e-01   1.280808959457544e-01  -5.010000000000001e-02
  4.931760094960066e-01   1.281078495518985e-01  -5.010000000000000e-02
  4.931783435171839e-01   1.281351503816871e-01  -5.010000000000000e-02
  4.931813450910410e-01   1.281627478081795e-01  -5.010000000000000e-02
  4.931843859095295e-01   1.281907060623186e-01  -5.010000000000000e-02
  4.931874664067533e-01   1.282190291353935e-01  -5.010000000000000e-02
  4.931905870193878e-01   1.282477210423375e-01  -5.010000000000000e-02
  4.931937481866274e-01   1.282767858212436e-01  -5.010000000000000e-02
  4.931969503501302e-01   1.283062275328565e-01  -5.010000000000000e-02
  4.932001939539601e-01   1.283360502600422e-01  -5.010000000000000e-02
  4.932037549009410e-01   1.283662244638761e-01  -5.010000000000000e-02
  4.932078891058572e-01   1.283967230679732e-01  -5.010000000000001e-02
  4.932120764648406e-01   1.284276137970105e-01  -5.009999999999999e-02
  4.932163175407304e-01   1.284589008031297e-01  -5.010000000000000e-02
  4.932206128989457e-01   1.284905882575062e-01  -5.009999999999999e-02
  4.932249631073933e-01   1.285226803496682e-01  -5.010000000000001e-02
  4.932293687363722e-01   1.285551812867896e-01  -5.010000000000000e-02
  4.932342738974729e-01   1.285880291589932e-01  -5.010000000000000e-02
  4.932396758038676e-01   1.286212287077449e-01  -5.009999999999999e-02
  4.932451460320168e-01   1.286548481548162e-01  -5.010000000000000e-02
  4.932506852739671e-01   1.286888917534537e-01  -5.010000000000000e-02
  4.932562942239838e-01   1.287233637705383e-01  -5.010000000000000e-02
  4.932619735784081e-01   1.287582684857098e-01  -5.010000000000000e-02
  4.932680962509380e-01   1.287935445773609e-01  -5.010000000000000e-02
  4.932748601842719e-01   1.288291615785165e-01  -5.010000000000001e-02
  4.932817083486210e-01   1.288652221168896e-01  -5.010000000000000e-02
  4.932886415608284e-01   1.289017304937490e-01  -5.010000000000000e-02
  4.932956606392346e-01   1.289386910182497e-01  -5.010000000000000e-02
  4.933027664034770e-01   1.289761080063753e-01  -5.010000000000000e-02
  4.933108310190094e-01   1.290138085320877e-01  -5.009999999999999e-02
  4.933191075652313e-01   1.290519490264295e-01  -5.010000000000000e-02
  4.933274854432687e-01   1.290905564843363e-01  -5.010000000000000e-02
  4.933359655882251e-01   1.291296352150118e-01  -5.010000000000000e-02
  4.933445489354308e-01   1.291691895287017e-01  -5.010000000000000e-02
  4.933541204474322e-01   1.292090200474477e-01  -5.010000000000000e-02
  4.933639447431918e-01   1.292493007337557e-01  -5.010000000000000e-02
  4.933738874848773e-01   1.292900670613047e-01  -5.010000000000000e-02
  4.933839497154657e-01   1.293313233064142e-01  -5.010000000000000e-02
  4.933944073220470e-01   1.293730030411857e-01  -5.010000000000000e-02
  4.934057684831762e-01   1.294149800778437e-01  -5.010000000000000e-02
  4.934172648275759e-01   1.294574565874899e-01  -5.010000000000000e-02
  4.934288974969203e-01   1.295004367883645e-01  -5.010000000000000e-02
  4.934406797813204e-01   1.295439214385552e-01  -5.010000000000000e-02
  4.934536607506931e-01   1.295876173095523e-01  -5.010000000000000e-02
  4.934667940309215e-01   1.296318258815131e-01  -5.010000000000000e-02
  4.934800808503049e-01   1.296765512890749e-01  -5.009999999999999e-02
  4.934935934284693e-01   1.297217756249726e-01  -5.010000000000000e-02
  4.935082883093956e-01   1.297672066293374e-01  -5.010000000000000e-02
  4.935231530661699e-01   1.298131628254629e-01  -5.010000000000000e-02
  4.935381890002771e-01   1.298596482370479e-01  -5.010000000000000e-02
  4.935538198874243e-01   1.299065247208379e-01  -5.010000000000000e-02
  4.935703120368362e-01   1.299537070835271e-01  -5.010000000000000e-02
  4.935869918487663e-01   1.300014263296009e-01  -5.010000000000000e-02
  4.936038606809429e-01   1.300496863433817e-01  -5.010000000000000e-02
  4.936219646005897e-01   1.300981122636192e-01  -5.010000000000000e-02
  4.936403463375506e-01   1.301470554063437e-01  -5.010000000000000e-02
  4.936589337521024e-01   1.301965461854374e-01  -5.010000000000000e-02
  4.936785003425772e-01   1.302462883975426e-01  -5.010000000000000e-02
  4.936986349134434e-01   1.302964459808129e-01  -5.010000000000000e-02
  4.937189917973784e-01   1.303471573720755e-01  -5.010000000000000e-02
  4.937402741822437e-01   1.303981354425055e-01  -5.010000000000001e-02
  4.937622126935033e-01   1.304494958739219e-01  -5.010000000000000e-02
  4.937843900834962e-01   1.305014155463298e-01  -5.010000000000000e-02
  4.938076239832089e-01   1.305535387621799e-01  -5.010000000000000e-02
  4.938314219011109e-01   1.306060861586796e-01  -5.010000000000000e-02
  4.938554751880879e-01   1.306591974271996e-01  -5.010000000000000e-02
  4.938808709338113e-01   1.307123702878324e-01  -5.010000000000001e-02
  4.939065731812731e-01   1.307660908849250e-01  -5.010000000000000e-02
  4.939329278903067e-01   1.308201921518613e-01  -5.010000000000000e-02
  4.939602948800846e-01   1.308745010671253e-01  -5.010000000000000e-02
  4.939879480271761e-01   1.309293778524190e-01  -5.010000000000000e-02
  4.940168240905963e-01   1.309843420647573e-01  -5.010000000000000e-02
  4.940461833347298e-01   1.310397793976300e-01  -5.010000000000000e-02
  4.940763255150571e-01   1.310955260605160e-01  -5.010000000000001e-02
  4.941073985296024e-01   1.311515051912559e-01  -5.010000000000000e-02
  4.941389356462072e-01   1.312079693534011e-01  -5.010000000000000e-02
  4.941717357459693e-01   1.312644681666595e-01  -5.010000000000000e-02
  4.942048654058623e-01   1.313215346536880e-01  -5.010000000000000e-02
  4.942393325554242e-01   1.313785738113630e-01  -5.010000000000000e-02
  4.942742237975361e-01   1.314361304571378e-01  -5.009999999999999e-02
  4.943103104390281e-01   1.314937279471155e-01  -5.010000000000000e-02
  4.943469703200984e-01   1.315517540464873e-01  -5.010000000000000e-02
  4.943847752627736e-01   1.316098371824524e-01  -5.010000000000000e-02
  4.944232215039845e-01   1.316683045613617e-01  -5.010000000000000e-02
  4.944628252516959e-01   1.317268055109913e-01  -5.010000000000000e-02
  4.945030609092862e-01   1.317856946011195e-01  -5.010000000000000e-02
  4.945445414432866e-01   1.318445407759143e-01  -5.010000000000000e-02
  4.945865821861933e-01   1.319038226442141e-01  -5.010000000000000e-02
  4.946300073592737e-01   1.319629425358098e-01  -5.010000000000000e-02
  4.946740278023746e-01   1.320224676922782e-01  -5.010000000000000e-02
  4.947192869897384e-01   1.320819175976079e-01  -5.010000000000001e-02
  4.947653614973144e-01   1.321415999659100e-01  -5.010000000000000e-02
  4.948124344356126e-01   1.322013742898712e-01  -5.010000000000000e-02
  4.948606071866209e-01   1.322611453888214e-01  -5.010000000000000e-02
  4.949095328475348e-01   1.323211911181800e-01  -5.010000000000000e-02
  4.949598153153442e-01   1.323810050515878e-01  -5.010000000000001e-02
  4.950109168930113e-01   1.324410224995420e-01  -5.010000000000000e-02
  4.950630163542701e-01   1.325010912254311e-01  -5.010000000000000e-02
  4.951163164617430e-01   1.325610181572516e-01  -5.010000000000000e-02
  4.951704772271651e-01   1.326210963723559e-01  -5.010000000000000e-02
  4.952257593639988e-01   1.326810844906393e-01  -5.010000000000001e-02
  4.952821625563594e-01   1.327409644870072e-01  -5.010000000000000e-02
  4.953394814044239e-01   1.328009218656495e-01  -5.010000000000000e-02
  4.953979224739202e-01   1.328607506456509e-01  -5.010000000000001e-02
  4.954575065692520e-01   1.329204112724959e-01  -5.010000000000000e-02
  4.955180457572305e-01   1.329800803901839e-01  -5.010000000000000e-02
  4.955796130963220e-01   1.330396770073103e-01  -5.010000000000000e-02
  4.956424265141413e-01   1.330989558650901e-01  -5.010000000000001e-02
  4.957062224894211e-01   1.331581782623463e-01  -5.010000000000000e-02
  4.957710172940105e-01   1.332173188448649e-01  -5.010000000000000e-02
  4.958369491997577e-01   1.332762117835118e-01  -5.010000000000001e-02
  4.959040153166260e-01   1.333348388919019e-01  -5.010000000000001e-02
  4.959720887157809e-01   1.333933298116256e-01  -5.010000000000000e-02
  4.960411803113922e-01   1.334516603684745e-01  -5.010000000000000e-02
  4.961113752676929e-01   1.335097139114546e-01  -5.010000000000000e-02
  4.961827166520547e-01   1.335674155366133e-01  -5.010000000000000e-02
  4.962550691789834e-01   1.336249134605305e-01  -5.010000000000000e-02
  4.963284402912747e-01   1.336821838183881e-01  -5.010000000000000e-02
  4.964028362157387e-01   1.337392031898124e-01  -5.010000000000000e-02
  4.964783493631473e-01   1.337958300102126e-01  -5.009999999999999e-02
  4.965549329644848e-01   1.338521022392685e-01  -5.010000000000000e-02
  4.966325196680120e-01   1.339080919716323e-01  -5.010000000000000e-02
  4.967111092068011e-01   1.339637815595861e-01  -5.010000000000001e-02
  4.967907016394049e-01   1.340191521932483e-01  -5.010000000000000e-02
  4.968713060036942e-01   1.340741705076550e-01  -5.010000000000000e-02
  4.969530007702511e-01   1.341286953980375e-01  -5.010000000000000e-02
  4.970356689191700e-01   1.341828766475935e-01  -5.009999999999999e-02
  4.971193066016992e-01   1.342366991627830e-01  -5.010000000000000e-02
  4.972039086648670e-01   1.342901492017195e-01  -5.010000000000001e-02
  4.972894669820047e-01   1.343432171954725e-01  -5.010000000000000e-02
  4.973759697018734e-01   1.343958991334005e-01  -5.010000000000000e-02
  4.974634642304259e-01   1.344480906569972e-01  -5.010000000000000e-02
  4.975519103173873e-01   1.344998304862849e-01  -5.009999999999999e-02
  4.976412692361570e-01   1.345511587760916e-01  -5.009999999999999e-02
  4.977315273592349e-01   1.346020742118826e-01  -5.010000000000000e-02
  4.978226751775515e-01   1.346525678653689e-01  -5.009999999999999e-02
  4.979147024496246e-01   1.347026319849959e-01  -5.010000000000000e-02
  4.980075935099170e-01   1.347522683748732e-01  -5.010000000000000e-02
  4.981013543225867e-01   1.348014376506702e-01  -5.010000000000000e-02
  4.981960012738735e-01   1.348500767840799e-01  -5.010000000000000e-02
  4.982914697388537e-01   1.348982803544147e-01  -5.010000000000000e-02
  4.983877503331146e-01   1.349460379651465e-01  -5.010000000000000e-02
  4.984848297373269e-01   1.349933468589576e-01  -5.010000000000000e-02
  4.985826911163743e-01   1.350402114774259e-01  -5.010000000000000e-02
  4.986813194277563e-01   1.350866324813103e-01  -5.010000000000000e-02
  4.987807049804898e-01   1.351325992354521e-01  -5.009999999999999e-02
  4.988808417466047e-01   1.351780920644829e-01  -5.010000000000000e-02
  4.989817388453307e-01   1.352230552935478e-01  -5.010000000000000e-02
  4.990833433937875e-01   1.352675722457448e-01  -5.010000000000000e-02
  4.991856421759604e-01   1.353116395021577e-01  -5.010000000000000e-02
  4.992886179200331e-01   1.353552630733050e-01  -5.010000000000000e-02
  4.993922559328923e-01   1.353984428148579e-01  -5.010000000000001e-02
  4.994965428640062e-01   1.354411754099288e-01  -5.010000000000000e-02
  4.996014619423123e-01   1.354834656734239e-01  -5.010000000000001e-02
  4.997070107438335e-01   1.355252819777974e-01  -5.010000000000000e-02
  4.998131823941919e-01   1.355666016303667e-01  -5.010000000000001e-02
  4.999199382808841e-01   1.356074841853384e-01  -5.010000000000000e-02
  5.000272620943490e-01   1.356479336857097e-01  -5.010000000000000e-02
  5.001351369304750e-01   1.356879558225634e-01  -5.010000000000000e-02
  5.002435469990334e-01   1.357275533157734e-01  -5.010000000000000e-02
  5.003524769944741e-01   1.357667276272315e-01  -5.010000000000000e-02
  5.004619113776225e-01   1.358054806366197e-01  -5.010000000000000e-02
  5.005718689799987e-01   1.358437144769336e-01  -5.010000000000000e-02
  5.006822977831873e-01   1.358815333885027e-01  -5.010000000000000e-02
  5.007931785521272e-01   1.359189504754345e-01  -5.010000000000000e-02
  5.009044972717499e-01   1.359559633800024e-01  -5.010000000000000e-02
  5.010162396270361e-01   1.359925706429462e-01  -5.010000000000000e-02
  5.011283888049760e-01   1.360287782025961e-01  -5.010000000000000e-02
  5.012409449502231e-01   1.360645383593802e-01  -5.010000000000000e-02
  5.013538933312214e-01   1.360998478471939e-01  -5.010000000000000e-02
  5.014671989534443e-01   1.361347696961584e-01  -5.010000000000000e-02
  5.015808462044555e-01   1.361693064336706e-01  -5.010000000000000e-02
  5.016948192961914e-01   1.362034611732120e-01  -5.010000000000000e-02
  5.018091023942075e-01   1.362372371910883e-01  -5.010000000000000e-02
  5.019236944506164e-01   1.362705865765859e-01  -5.010000000000000e-02
  5.020385827845496e-01   1.363034989323662e-01  -5.010000000000000e-02
  5.021537327985625e-01   1.363360417238994e-01  -5.010000000000000e-02
  5.022691296229126e-01   1.363682150672446e-01  -5.010000000000000e-02
  5.023847572378034e-01   1.364000233160187e-01  -5.010000000000000e-02
  5.025005980374491e-01   1.364314766358689e-01  -5.010000000000000e-02
  5.026166695189892e-01   1.364624532883092e-01  -5.010000000000000e-02
  5.027329273355181e-01   1.364930608512290e-01  -5.010000000000000e-02
  5.028493520241801e-01   1.365233171765808e-01  -5.010000000000000e-02
  5.029659279485144e-01   1.365532257925683e-01  -5.010000000000001e-02
  5.030826409725417e-01   1.365827846205691e-01  -5.010000000000000e-02
  5.031995036957073e-01   1.366118832243268e-01  -5.010000000000001e-02
  5.033164769715491e-01   1.366406167381310e-01  -5.010000000000000e-02
  5.034335405823741e-01   1.366690078083536e-01  -5.010000000000000e-02
  5.035506792723082e-01   1.366970593924402e-01  -5.010000000000001e-02
  5.036678836966277e-01   1.367247496023758e-01  -5.010000000000000e-02
  5.037851590309056e-01   1.367519919983289e-01  -5.010000000000000e-02
  5.039024651391115e-01   1.367788945970745e-01  -5.010000000000000e-02
  5.040197869750613e-01   1.368054605687525e-01  -5.010000000000000e-02
  5.041371095546304e-01   1.368316931303305e-01  -5.010000000000000e-02
  5.042544403766175e-01   1.368574927434126e-01  -5.010000000000000e-02
  5.043717501696021e-01   1.368829246279845e-01  -5.010000000000000e-02
  5.044890165680078e-01   1.369080264177675e-01  -5.010000000000000e-02
  5.046062251726916e-01   1.369328002507422e-01  -5.010000000000000e-02
  5.047233792889581e-01   1.369571628277918e-01  -5.010000000000000e-02
  5.048404589918888e-01   1.369811397032747e-01  -5.010000000000000e-02
  5.049574384121734e-01   1.370047888964336e-01  -5.010000000000001e-02
  5.050743036402743e-01   1.370281121720595e-01  -5.010000000000000e-02
  5.051910586397086e-01   1.370510196581784e-01  -5.010000000000000e-02
  5.053076813460967e-01   1.370735513625312e-01  -5.010000000000000e-02
  5.054241477909336e-01   1.370957614321563e-01  -5.010000000000000e-02
  5.055404447426107e-01   1.371176506068806e-01  -5.010000000000000e-02
  5.056565851159302e-01   1.371390769535447e-01  -5.009999999999999e-02
  5.057725308059020e-01   1.371601723126818e-01  -5.010000000000000e-02
  5.058882657564127e-01   1.371809546591097e-01  -5.010000000000001e-02
  5.060037869809796e-01   1.372013693696307e-01  -5.010000000000000e-02
  5.061190929455146e-01   1.372213490453769e-01  -5.010000000000000e-02
  5.062341489331038e-01   1.372410194879754e-01  -5.010000000000000e-02
  5.063489421989982e-01   1.372603844793068e-01  -5.010000000000000e-02
  5.064634869423370e-01   1.372792837312818e-01  -5.010000000000000e-02
  5.065777480679330e-01   1.372978518955146e-01  -5.010000000000000e-02
  5.066917092703025e-01   1.373161172342309e-01  -5.010000000000000e-02
  5.068053759195320e-01   1.373339712488974e-01  -5.010000000000000e-02
  5.069187312584491e-01   1.373514414858574e-01  -5.010000000000000e-02
  5.070317501924375e-01   1.373686162263147e-01  -5.010000000000000e-02
  5.071444335817984e-01   1.373854154801059e-01  -5.010000000000000e-02
  5.072567749575135e-01   1.374018025827062e-01  -5.010000000000000e-02
  5.073687450556530e-01   1.374179016383721e-01  -5.010000000000000e-02
  5.074803439284263e-01   1.374336381418977e-01  -5.010000000000000e-02
  5.075915692880607e-01   1.374489470494683e-01  -5.010000000000000e-02
  5.077023897659774e-01   1.374639786571665e-01  -5.010000000000000e-02
  5.078128066639336e-01   1.374786487906309e-01  -5.009999999999999e-02
  5.079228169450937e-01   1.374928980719302e-01  -5.010000000000000e-02
  5.080323909384925e-01   1.375068780122485e-01  -5.010000000000000e-02
  5.081415345747979e-01   1.375204660980317e-01  -5.010000000000000e-02
  5.082502357642711e-01   1.375336762301105e-01  -5.010000000000000e-02
  5.083584703566444e-01   1.375466314675150e-01  -5.010000000000000e-02
  5.084662513229163e-01   1.375591445315284e-01  -5.010000000000001e-02
  5.085735543286205e-01   1.375713406933864e-01  -5.009999999999999e-02
  5.086803640437710e-01   1.375832822300521e-01  -5.010000000000000e-02
  5.087866979353641e-01   1.375947289007617e-01  -5.010000000000000e-02
  5.088925188929069e-01   1.376059410816749e-01  -5.009999999999999e-02
  5.089978309725011e-01   1.376168072478099e-01  -5.009999999999999e-02
  5.091026299644792e-01   1.376272828390528e-01  -5.010000000000000e-02
  5.092068908810402e-01   1.376375416970398e-01  -5.010000000000000e-02
  5.093106302752232e-01   1.376473341173446e-01  -5.010000000000001e-02
  5.094138194685400e-01   1.376568771668727e-01  -5.010000000000000e-02
  5.095164574283413e-01   1.376661100025309e-01  -5.010000000000000e-02
  5.096185437853965e-01   1.376749503122126e-01  -5.010000000000000e-02
  5.097200541423183e-01   1.376836039154971e-01  -5.010000000000000e-02
  5.098210062734271e-01   1.376917786725065e-01  -5.010000000000000e-02
  5.099213704975903e-01   1.376997528129238e-01  -5.009999999999999e-02
  5.100211531006793e-01   1.377073748955148e-01  -5.009999999999999e-02
  5.101203441507223e-01   1.377146869202888e-01  -5.010000000000000e-02
  5.102189321813370e-01   1.377217730589967e-01  -5.010000000000000e-02
  5.103169247002279e-01   1.377284412706737e-01  -5.010000000000000e-02
  5.104142973962810e-01   1.377349702450324e-01  -5.010000000000000e-02
  5.105110666718875e-01   1.377410308007416e-01  -5.010000000000000e-02
  5.106072067070744e-01   1.377469446565412e-01  -5.010000000000000e-02
  5.107027272524762e-01   1.377524799412785e-01  -5.010000000000000e-02
  5.107976136518154e-01   1.377577990202167e-01  -5.010000000000000e-02
  5.108918665266666e-01   1.377628217488114e-01  -5.010000000000001e-02
  5.109854799242308e-01   1.377675694688031e-01  -5.010000000000000e-02
  5.110784481042523e-01   1.377720871719559e-01  -5.010000000000000e-02
  5.111707711149862e-01   1.377762831464039e-01  -5.009999999999999e-02
  5.112624391496417e-01   1.377803032162686e-01  -5.010000000000000e-02
  5.113534559116083e-01   1.377839720528684e-01  -5.010000000000000e-02
  5.114438096470134e-01   1.377875080807386e-01  -5.010000000000000e-02
  5.115335062722706e-01   1.377906681252338e-01  -5.010000000000000e-02
  5.116225335258126e-01   1.377937228580146e-01  -5.010000000000000e-02
  5.117108973344539e-01   1.377964076940569e-01  -5.010000000000000e-02
  5.117985867090552e-01   1.377990050868698e-01  -5.010000000000001e-02
  5.118856072641309e-01   1.378012312194601e-01  -5.010000000000000e-02
  5.119719496729371e-01   1.378033699584153e-01  -5.009999999999999e-02
  5.120576177859445e-01   1.378051704252233e-01  -5.010000000000000e-02
  5.121426049317189e-01   1.378068740180662e-01  -5.010000000000000e-02
  5.122269133234817e-01   1.378082706616420e-01  -5.010000000000000e-02
  5.123105388116055e-01   1.378095431617158e-01  -5.010000000000000e-02
  5.123934817166865e-01   1.378105646819622e-01  -5.010000000000000e-02
  5.124757402886552e-01   1.378114247868519e-01  -5.010000000000000e-02
  5.125573135563353e-01   1.378120976748675e-01  -5.010000000000000e-02
  5.126382014683153e-01   1.378125544622629e-01  -5.010000000000000e-02
  5.127184025196273e-01   1.378129056056243e-01  -5.010000000000001e-02
  5.127979173015225e-01   1.378129773941646e-01  -5.010000000000000e-02
  5.128767450549321e-01   1.378130363763384e-01  -5.010000000000000e-02
  5.129548855912970e-01   1.378127367509593e-01  -5.010000000000000e-02
  5.130323399024579e-01   1.378124397568712e-01  -5.010000000000000e-02
  5.131091068749757e-01   1.378118696822765e-01  -5.010000000000000e-02
  5.131851884171237e-01   1.378112137329950e-01  -5.010000000000000e-02
  5.132605843618876e-01   1.378104161037559e-01  -5.010000000000000e-02
  5.133352951331515e-01   1.378094231577618e-01  -5.010000000000000e-02
  5.134093239094626e-01   1.378084263038606e-01  -5.010000000000000e-02
  5.134826670225074e-01   1.378071094550363e-01  -5.010000000000000e-02
  5.135553310565646e-01   1.378058047988274e-01  -5.010000000000000e-02
  5.136273134552499e-01   1.378043115260221e-01  -5.010000000000000e-02
  5.136986172620326e-01   1.378026990074394e-01  -5.010000000000000e-02
  5.137692461246187e-01   1.378010682894807e-01  -5.010000000000000e-02
  5.138391955617785e-01   1.377991645823515e-01  -5.010000000000000e-02
  5.139084748073231e-01   1.377972791148052e-01  -5.010000000000000e-02
  5.139770808919718e-01   1.377952405948066e-01  -5.010000000000000e-02
  5.140450169007995e-01   1.377930792895963e-01  -5.010000000000000e-02
  5.141122893751977e-01   1.377909390939631e-01  -5.010000000000000e-02
  5.141788915091140e-01   1.377885496041649e-01  -5.009999999999999e-02
  5.142448342718665e-01   1.377861599709285e-01  -5.010000000000000e-02
  5.143101185816229e-01   1.377837296141897e-01  -5.010000000000000e-02
  5.143747409438184e-01   1.377810981149428e-01  -5.010000000000000e-02
  5.144387128846751e-01   1.377784931016244e-01  -5.010000000000000e-02
  5.145020319653950e-01   1.377757912105670e-01  -5.010000000000000e-02
  5.145646999760558e-01   1.377729656961054e-01  -5.010000000000000e-02
  5.146267264800156e-01   1.377701691052755e-01  -5.010000000000000e-02
  5.146881073029305e-01   1.377672474203342e-01  -5.010000000000001e-02
  5.147488479694480e-01   1.377642504489130e-01  -5.010000000000000e-02
  5.148089567522388e-01   1.377612846549151e-01  -5.010000000000000e-02
  5.148684285684554e-01   1.377581868240381e-01  -5.009999999999999e-02
  5.149272707279458e-01   1.377550332092273e-01  -5.010000000000000e-02
  5.149854912671901e-01   1.377519129098290e-01  -5.010000000000000e-02
  5.150430856732861e-01   1.377486817138046e-01  -5.009999999999999e-02
  5.151000604541710e-01   1.377453923096902e-01  -5.010000000000000e-02
  5.151564244460357e-01   1.377421381691062e-01  -5.010000000000000e-02
  5.152121751528858e-01   1.377388157601853e-01  -5.009999999999999e-02
  5.152673154335175e-01   1.377354102825965e-01  -5.010000000000000e-02
  5.153218562571128e-01   1.377320418276249e-01  -5.010000000000000e-02
  5.153757986923234e-01   1.377286668427964e-01  -5.010000000000000e-02
  5.154291388782881e-01   1.377251636819571e-01  -5.010000000000000e-02
  5.154818913757830e-01   1.377216991180442e-01  -5.010000000000000e-02
  5.155340601446171e-01   1.377182728909940e-01  -5.010000000000000e-02
  5.155856382756013e-01   1.377147233114215e-01  -5.010000000000000e-02
  5.156366385773330e-01   1.377111799158153e-01  -5.010000000000000e-02
  5.156870674056219e-01   1.377076762250033e-01  -5.010000000000000e-02
  5.157369247125520e-01   1.377041537523312e-01  -5.010000000000000e-02
  5.157862098217769e-01   1.377005447614342e-01  -5.010000000000000e-02
  5.158349360131959e-01   1.376969766983003e-01  -5.010000000000000e-02
  5.158831074788869e-01   1.376934492559571e-01  -5.009999999999999e-02
  5.159307202772189e-01   1.376898533183045e-01  -5.009999999999999e-02
  5.159777826001968e-01   1.376862412579717e-01  -5.010000000000000e-02
  5.160243030621385e-01   1.376826707857847e-01  -5.010000000000000e-02
  5.160702859452808e-01   1.376791415730796e-01  -5.010000000000000e-02
  5.161157255265385e-01   1.376755255278048e-01  -5.010000000000000e-02
  5.161606342247100e-01   1.376719255817100e-01  -5.010000000000000e-02
  5.162050184335543e-01   1.376683676794370e-01  -5.010000000000001e-02
  5.162488824973965e-01   1.376648514727385e-01  -5.010000000000000e-02
  5.162922211929469e-01   1.376612595170615e-01  -5.010000000000000e-02
  5.163350465821897e-01   1.376576855340673e-01  -5.010000000000000e-02
  5.163773650591260e-01   1.376541538553229e-01  -5.010000000000000e-02
  5.164191810045080e-01   1.376506641152336e-01  -5.010000000000000e-02
  5.164604918872700e-01   1.376471346151878e-01  -5.010000000000001e-02
  5.165013049216632e-01   1.376435981870311e-01  -5.010000000000000e-02
  5.165416287271397e-01   1.376401041503050e-01  -5.010000000000000e-02
  5.165814676975837e-01   1.376366521242818e-01  -5.010000000000000e-02
  5.166208243127485e-01   1.376332199987496e-01  -5.010000000000000e-02
  5.166596969401325e-01   1.376297389979898e-01  -5.010000000000000e-02
  5.166980980298839e-01   1.376263002229031e-01  -5.010000000000000e-02
  5.167360319681144e-01   1.376229032807180e-01  -5.010000000000001e-02
  5.167735031362550e-01   1.376195477790823e-01  -5.010000000000000e-02
  5.168105111606833e-01   1.376161811078820e-01  -5.010000000000000e-02
  5.168470606698071e-01   1.376128057315280e-01  -5.010000000000000e-02
  5.168831606274738e-01   1.376094718716102e-01  -5.010000000000000e-02
  5.169188153842438e-01   1.376061791263506e-01  -5.009999999999999e-02
  5.169540292806389e-01   1.376029270948987e-01  -5.010000000000000e-02
  5.169888021083560e-01   1.375996669287425e-01  -5.010000000000000e-02
  5.170231388967135e-01   1.375964058284867e-01  -5.010000000000000e-02
  5.170570478806337e-01   1.375931853585060e-01  -5.010000000000000e-02
  5.170905333499929e-01   1.375900051113740e-01  -5.010000000000001e-02
  5.171235995800626e-01   1.375868646810514e-01  -5.010000000000000e-02
  5.171562490920179e-01   1.375837455844189e-01  -5.010000000000001e-02
  5.171884822389948e-01   1.375806069654797e-01  -5.010000000000000e-02
  5.172203089696763e-01   1.375775079202713e-01  -5.010000000000000e-02
  5.172517334920046e-01   1.375744480390563e-01  -5.010000000000000e-02
  5.172827599954890e-01   1.375714269138921e-01  -5.010000000000000e-02
  5.173133926505210e-01   1.375684441386977e-01  -5.010000000000000e-02
  5.173436320005068e-01   1.375654626851991e-01  -5.010000000000000e-02
  5.173734828638550e-01   1.375624891384999e-01  -5.010000000000000e-02
  5.174029523521625e-01   1.375595535818743e-01  -5.010000000000000e-02
  5.174320445521471e-01   1.375566556082303e-01  -5.010000000000000e-02
  5.174607635283848e-01   1.375537948126815e-01  -5.010000000000000e-02
  5.174891133227780e-01   1.375509707926002e-01  -5.010000000000000e-02
  5.175170956553296e-01   1.375481603018830e-01  -5.010000000000000e-02
  5.175447135850240e-01   1.375453536394480e-01  -5.010000000000000e-02
  5.175719743891294e-01   1.375425832697759e-01  -5.010000000000000e-02
  5.175988820132123e-01   1.375398487918999e-01  -5.010000000000000e-02
  5.176254403778569e-01   1.375371498073920e-01  -5.009999999999999e-02
  5.176516533782672e-01   1.375344859204035e-01  -5.010000000000000e-02
  5.176775248838912e-01   1.375318567377032e-01  -5.010000000000000e-02
  5.177030552082067e-01   1.375292274455754e-01  -5.010000000000000e-02
  5.177282505302976e-01   1.375266206922760e-01  -5.010000000000000e-02
  5.177531158694626e-01   1.375240480796030e-01  -5.010000000000000e-02
  5.177776549880523e-01   1.375215092182970e-01  -5.010000000000000e-02
  5.178018716210761e-01   1.375190037219271e-01  -5.010000000000001e-02
  5.178257694759398e-01   1.375165312069185e-01  -5.010000000000000e-02
  5.178493522322014e-01   1.375140912925775e-01  -5.010000000000000e-02
  5.178726219851524e-01   1.375116686690502e-01  -5.010000000000000e-02
  5.178955818899632e-01   1.375092584706626e-01  -5.009999999999999e-02
  5.179182376129918e-01   1.375068802035242e-01  -5.010000000000000e-02
  5.179405927197303e-01   1.375045334933501e-01  -5.010000000000000e-02
  5.179626507468483e-01   1.375022179688811e-01  -5.010000000000000e-02
  5.179844152020448e-01   1.374999332618994e-01  -5.010000000000000e-02
  5.180058895639109e-01   1.374976790072424e-01  -5.010000000000000e-02
  5.180270772818112e-01   1.374954548428157e-01  -5.010000000000000e-02
  5.180479808222861e-01   1.374932513840632e-01  -5.010000000000000e-02
  5.180686025990487e-01   1.374910590280281e-01  -5.010000000000000e-02
  5.180889479422245e-01   1.374888960603841e-01  -5.010000000000000e-02
  5.181090201828600e-01   1.374867621269989e-01  -5.010000000000000e-02
  5.181288226223706e-01   1.374846568768902e-01  -5.010000000000000e-02
  5.181483585324962e-01   1.374825799622306e-01  -5.010000000000000e-02
  5.181676311552669e-01   1.374805310383512e-01  -5.010000000000000e-02
  5.181866437029816e-01   1.374785097637440e-01  -5.009999999999999e-02
  5.182053993581957e-01   1.374765158000630e-01  -5.010000000000000e-02
  5.182239008005907e-01   1.374745443839343e-01  -5.010000000000000e-02
  5.182421500476975e-01   1.374725848361438e-01  -5.010000000000000e-02
  5.182601517993709e-01   1.374706518636485e-01  -5.010000000000000e-02
  5.182779091189320e-01   1.374687451375185e-01  -5.010000000000001e-02
  5.182954250400517e-01   1.374668643320076e-01  -5.010000000000000e-02
  5.183127025667950e-01   1.374650091245485e-01  -5.010000000000000e-02
  5.183297446736754e-01   1.374631791957472e-01  -5.010000000000000e-02
  5.183465543057172e-01   1.374613742293760e-01  -5.010000000000001e-02
  5.183631343785234e-01   1.374595939123666e-01  -5.010000000000000e-02
  5.183794877783547e-01   1.374578379348011e-01  -5.010000000000000e-02
  5.183956173622127e-01   1.374561059899035e-01  -5.010000000000000e-02
  5.184115247755636e-01   1.374543868052543e-01  -5.010000000000000e-02
  5.184272137873781e-01   1.374526890808886e-01  -5.009999999999999e-02
  5.184426873987638e-01   1.374510146652284e-01  -5.010000000000000e-02
  5.184579483504226e-01   1.374493632616995e-01  -5.010000000000000e-02
  5.184729993543212e-01   1.374477345768372e-01  -5.010000000000000e-02
  5.184878430938138e-01   1.374461283202729e-01  -5.010000000000000e-02
  5.185024822237689e-01   1.374445442047204e-01  -5.010000000000000e-02
  5.185169193707032e-01   1.374429819459618e-01  -5.010000000000000e-02
  5.185311571329191e-01   1.374414412628319e-01  -5.009999999999999e-02
  5.185451980806473e-01   1.374399218772034e-01  -5.010000000000001e-02
  5.185590447561946e-01   1.374384235139707e-01  -5.010000000000000e-02
  5.185726996740948e-01   1.374369459010333e-01  -5.010000000000000e-02
  5.185861648131664e-01   1.374354840847470e-01  -5.010000000000000e-02
  5.185994429315074e-01   1.374340405523342e-01  -5.010000000000000e-02
  5.186125366807081e-01   1.374326170636371e-01  -5.010000000000001e-02
  5.186254484656778e-01   1.374312133572056e-01  -5.010000000000000e-02
  5.186381806643714e-01   1.374298291745203e-01  -5.009999999999999e-02
  5.186507356279621e-01   1.374284642599729e-01  -5.010000000000000e-02
  5.186631156810182e-01   1.374271183608476e-01  -5.010000000000000e-02
  5.186753231216831e-01   1.374257912273016e-01  -5.010000000000000e-02
  5.186873602218566e-01   1.374244826123449e-01  -5.010000000000000e-02
  5.186992292273801e-01   1.374231922718206e-01  -5.010000000000001e-02
  5.187109323582232e-01   1.374219199643844e-01  -5.009999999999999e-02
  5.187224718086734e-01   1.374206654514840e-01  -5.010000000000000e-02
  5.187338497475269e-01   1.374194284973384e-01  -5.010000000000001e-02
  5.187450683182820e-01   1.374182088689170e-01  -5.010000000000000e-02
  5.187561296094296e-01   1.374170060612686e-01  -5.010000000000000e-02
  5.187670353798818e-01   1.374158167739902e-01  -5.010000000000000e-02
  5.187777880684374e-01   1.374146441804751e-01  -5.010000000000000e-02
  5.187883897192954e-01   1.374134880578012e-01  -5.010000000000000e-02
  5.187988423523477e-01   1.374123481856967e-01  -5.010000000000001e-02
  5.188091479633818e-01   1.374112243465188e-01  -5.010000000000000e-02
  5.188193085242832e-01   1.374101163252308e-01  -5.009999999999999e-02
  5.188293259832397e-01   1.374090239093807e-01  -5.010000000000000e-02
  5.188392022649464e-01   1.374079468890780e-01  -5.010000000000000e-02
  5.188489392708108e-01   1.374068850569722e-01  -5.010000000000000e-02
  5.188585388791591e-01   1.374058382082294e-01  -5.010000000000000e-02
  5.188680029454431e-01   1.374048061405104e-01  -5.010000000000000e-02
  5.188773333024467e-01   1.374037886539479e-01  -5.009999999999999e-02
  5.188865317604940e-01   1.374027855511240e-01  -5.009999999999999e-02
  5.188956001076566e-01   1.374017966370473e-01  -5.010000000000000e-02
  5.189045401099613e-01   1.374008217191304e-01  -5.010000000000000e-02
  5.189133535115986e-01   1.373998606071674e-01  -5.010000000000000e-02
  5.189220420351297e-01   1.373989131133109e-01  -5.010000000000000e-02
  5.189306073816954e-01   1.373979790520493e-01  -5.010000000000000e-02
  5.189390512420942e-01   1.373970583398826e-01  -5.010000000000000e-02
  5.189473752708791e-01   1.373961507558387e-01  -5.010000000000000e-02
  5.189555810994242e-01   1.373952560593826e-01  -5.010000000000000e-02
  5.189636703452643e-01   1.373943740741515e-01  -5.010000000000000e-02
  5.189716446055491e-01   1.373935046260052e-01  -5.010000000000001e-02
  5.189795054572493e-01   1.373926475430038e-01  -5.010000000000000e-02
  5.189872544573615e-01   1.373918026553852e-01  -5.010000000000000e-02
  5.189948931431136e-01   1.373909697955424e-01  -5.010000000000000e-02
  5.190024230321688e-01   1.373901487980020e-01  -5.010000000000000e-02
  5.190098456228292e-01   1.373893394994013e-01  -5.010000000000000e-02
  5.190171623942386e-01   1.373885417384666e-01  -5.010000000000000e-02
  5.190243748065846e-01   1.373877553559909e-01  -5.010000000000000e-02
  5.190314843012999e-01   1.373869801948123e-01  -5.010000000000000e-02
  5.190384923012620e-01   1.373862160997918e-01  -5.010000000000000e-02
  5.190454002109938e-01   1.373854629177917e-01  -5.010000000000000e-02
  5.190522094168607e-01   1.373847204976540e-01  -5.010000000000000e-02
  5.190589212872695e-01   1.373839886901789e-01  -5.010000000000000e-02
  5.190655371728635e-01   1.373832673481033e-01  -5.010000000000000e-02
  5.190720584067190e-01   1.373825563260794e-01  -5.010000000000000e-02
  5.190784863045390e-01   1.373818554806537e-01  -5.010000000000000e-02
  5.190848221648465e-01   1.373811646702459e-01  -5.010000000000000e-02
  5.190910672691769e-01   1.373804837551279e-01  -5.010000000000000e-02
  5.190972228822683e-01   1.373798125974029e-01  -5.010000000000000e-02
  5.191032902522519e-01   1.373791510609849e-01  -5.010000000000000e-02
  5.191092706108396e-01   1.373784990115781e-01  -5.010000000000000e-02
  5.191151563990745e-01   1.373777843261006e-01  -5.009999999999999e-02
  5.191209484306587e-01   1.373770037090021e-01  -5.010000000000000e-02
  5.191266573068207e-01   1.373762342991189e-01  -5.010000000000000e-02
  5.191322510322252e-01   1.373752685675573e-01  -5.010000000000001e-02
  5.191377536143141e-01   1.373742493114224e-01  -5.010000000000000e-02
  5.191431771123143e-01   1.373732447042181e-01  -5.010000000000000e-02
  5.191484718987919e-01   1.373720147079190e-01  -5.010000000000000e-02
  5.191536843837548e-01   1.373707733222556e-01  -5.010000000000000e-02
  5.191588218775370e-01   1.373695497962076e-01  -5.010000000000000e-02
  5.191638239246273e-01   1.373681123590239e-01  -5.010000000000000e-02
  5.191687464105063e-01   1.373666671962869e-01  -5.010000000000000e-02
  5.191735980082781e-01   1.373652428451588e-01  -5.010000000000000e-02
  5.191783193485912e-01   1.373636518521505e-01  -5.010000000000000e-02
  5.191829523943348e-01   1.373620209711834e-01  -5.010000000000000e-02
  5.191875186578994e-01   1.373604135982477e-01  -5.010000000000000e-02
  5.191919760142532e-01   1.373587171380013e-01  -5.010000000000000e-02
  5.191963177229215e-01   1.373569112686295e-01  -5.010000000000000e-02
  5.192005967929745e-01   1.373551314528613e-01  -5.009999999999999e-02
  5.192048135515560e-01   1.373533760825834e-01  -5.010000000000000e-02
  5.192088616738682e-01   1.373514069541935e-01  -5.010000000000000e-02
  5.192128513433278e-01   1.373494662590284e-01  -5.010000000000000e-02
  5.192167833880552e-01   1.373475535942654e-01  -5.010000000000000e-02
  5.192206114590547e-01   1.373455786791245e-01  -5.010000000000000e-02
  5.192243102773825e-01   1.373434914124236e-01  -5.010000000000000e-02
  5.192279556288997e-01   1.373414343173839e-01  -5.010000000000001e-02
  5.192315482727606e-01   1.373394069656097e-01  -5.010000000000000e-02
  5.192350083907031e-01   1.373372763815815e-01  -5.009999999999999e-02
  5.192383631012230e-01   1.373350855502217e-01  -5.010000000000000e-02
  5.192416692696491e-01   1.373329264198209e-01  -5.010000000000001e-02
  5.192449275866438e-01   1.373307985393346e-01  -5.010000000000000e-02
  5.192480474355216e-01   1.373285717687470e-01  -5.010000000000001e-02
  5.192510605014357e-01   1.373262897260076e-01  -5.010000000000000e-02
  5.192540299269419e-01   1.373240407357399e-01  -5.010000000000000e-02
  5.192569563341746e-01   1.373218243267504e-01  -5.009999999999999e-02
  5.192597783953409e-01   1.373195641305942e-01  -5.010000000000000e-02
  5.192624572361353e-01   1.373172113104241e-01  -5.009999999999999e-02
  5.192650972422441e-01   1.373148925986757e-01  -5.010000000000000e-02
  5.192676989683099e-01   1.373126075082077e-01  -5.010000000000000e-02
  5.192702629612959e-01   1.373103555586234e-01  -5.010000000000000e-02
  5.192726263158820e-01   1.373079642598249e-01  -5.010000000000000e-02
  5.192749377166190e-01   1.373055890669792e-01  -5.010000000000000e-02
  5.192772155739320e-01   1.373032483433191e-01  -5.010000000000000e-02
  5.192794603679219e-01   1.373009415954932e-01  -5.009999999999999e-02
  5.192816474153905e-01   1.372986457727699e-01  -5.010000000000001e-02
  5.192836383170644e-01   1.372962358394245e-01  -5.010000000000000e-02
  5.192856003035766e-01   1.372938609071107e-01  -5.010000000000000e-02
  5.192875337894490e-01   1.372915204740606e-01  -5.010000000000000e-02
  5.192894391834187e-01   1.372892140455092e-01  -5.009999999999999e-02
  5.192913164315849e-01   1.372869407882435e-01  -5.010000000000000e-02
  5.192929664172694e-01   1.372845494238561e-01  -5.010000000000001e-02
  5.192945924169511e-01   1.372821928229661e-01  -5.010000000000001e-02
  5.192961947751328e-01   1.372798704862770e-01  -5.010000000000000e-02
  5.192977738314912e-01   1.372775819214874e-01  -5.010000000000001e-02
  5.192993299209403e-01   1.372753266431980e-01  -5.010000000000000e-02
  5.193007728760204e-01   1.372730475908747e-01  -5.010000000000000e-02
  5.193020801201629e-01   1.372707299735177e-01  -5.010000000000000e-02
  5.193033683413072e-01   1.372684460820952e-01  -5.010000000000000e-02
  5.193046378132402e-01   1.372661954312101e-01  -5.010000000000000e-02
  5.193058888058962e-01   1.372639775422948e-01  -5.009999999999999e-02
  5.193071215854092e-01   1.372617919435195e-01  -5.010000000000000e-02
  5.193082709143997e-01   1.372596050818636e-01  -5.010000000000000e-02
  5.193092689061102e-01   1.372573820743742e-01  -5.010000000000000e-02
  5.193102523614526e-01   1.372551914463674e-01  -5.010000000000001e-02
  5.193112214900357e-01   1.372530327309431e-01  -5.010000000000000e-02
  5.193121764985079e-01   1.372509054677968e-01  -5.010000000000000e-02
  5.193131175905964e-01   1.372488092031294e-01  -5.010000000000001e-02
  5.193140449671475e-01   1.372467434895599e-01  -5.010000000000000e-02
  5.193148578200103e-01   1.372446682112480e-01  -5.010000000000000e-02
  5.193155632294939e-01   1.372425856378299e-01  -5.009999999999999e-02
  5.193162583540498e-01   1.372405334285017e-01  -5.010000000000001e-02
  5.193169433422795e-01   1.372385111445485e-01  -5.010000000000000e-02
  5.193176183406770e-01   1.372365183534781e-01  -5.010000000000000e-02
  5.193182834936572e-01   1.372345546289357e-01  -5.010000000000000e-02
  5.193189389435841e-01   1.372326195506206e-01  -5.010000000000000e-02
  5.193195848307999e-01   1.372307127042031e-01  -5.010000000000000e-02
  5.193200828264053e-01   1.372287939716934e-01  -5.010000000000000e-02
  5.193205322710773e-01   1.372268914002058e-01  -5.010000000000000e-02
  5.193209751561556e-01   1.372250165965328e-01  -5.010000000000000e-02
  5.193214115766096e-01   1.372231691586521e-01  -5.010000000000000e-02
  5.193218416260568e-01   1.372213486902673e-01  -5.010000000000000e-02
  5.193222653967800e-01   1.372195548007290e-01  -5.010000000000000e-02
  5.193226829797468e-01   1.372177871049577e-01  -5.010000000000001e-02
  5.193230944646270e-01   1.372160452233660e-01  -5.010000000000000e-02
  5.193234999398112e-01   1.372143287817838e-01  -5.010000000000001e-02
  5.193237769981248e-01   1.372126144537382e-01  -5.010000000000000e-02
  5.193240135288116e-01   1.372109183316042e-01  -5.010000000000000e-02
  5.193242466038828e-01   1.372092469891147e-01  -5.010000000000000e-02
  5.193244762734699e-01   1.372076000667840e-01  -5.010000000000000e-02
  5.193247025869876e-01   1.372059772102675e-01  -5.010000000000000e-02
  5.193249255931436e-01   1.372043780702909e-01  -5.010000000000000e-02
  5.193251453399482e-01   1.372028023025793e-01  -5.010000000000001e-02
  5.193253618747244e-01   1.372012495677877e-01  -5.010000000000000e-02
  5.193255752441174e-01   1.371997195314327e-01  -5.010000000000000e-02
  5.193257854941034e-01   1.371982118638245e-01  -5.010000000000000e-02
  5.193259926699999e-01   1.371967262400000e-01  -5.010000000000000e-02
