438
  4.935752091307390e-01   1.266867347332080e-01  -5.010000000000000e-02
  4.935766332863992e-01   1.266862637972725e-01  -5.010000000000000e-02
  4.935780991204219e-01   1.266857790792491e-01  -5.010000000000000e-02
  4.935796078478279e-01   1.266852801773579e-01  -5.010000000000000e-02
  4.935811607187784e-01   1.266847666781989e-01  -5.010000000000000e-02
  4.935827590195751e-01   1.266842381564216e-01  -5.010000000000001e-02
  4.935844040736865e-01   1.266836941743847e-01  -5.010000000000000e-02
  4.935860972428040e-01   1.266831342818080e-01  -5.010000000000000e-02
  4.935878399279253e-01   1.266825580154133e-01  -5.010000000000000e-02
  4.935896335704684e-01   1.266819648985564e-01  -5.010000000000000e-02
  4.935914796534152e-01   1.266813544408490e-01  -5.010000000000000e-02
  4.935934102750587e-01   1.266808825026531e-01  -5.010000000000000e-02
  4.935954654104911e-01   1.266807449912998e-01  -5.010000000000000e-02
  4.935975806058649e-01   1.266806034612701e-01  -5.010000000000000e-02
  4.935997576070603e-01   1.266804577957456e-01  -5.010000000000000e-02
  4.936019982101538e-01   1.266803078745487e-01  -5.010000000000000e-02
  4.936043042628282e-01   1.266801535740489e-01  -5.010000000000000e-02
  4.936066776658208e-01   1.266799947670659e-01  -5.010000000000001e-02
  4.936091203744095e-01   1.266798313227699e-01  -5.010000000000000e-02
  4.936116343999390e-01   1.266796631065796e-01  -5.010000000000000e-02
  4.936142218113863e-01   1.266794899800574e-01  -5.010000000000000e-02
  4.936168774972290e-01   1.266797022838226e-01  -5.010000000000001e-02
  4.936196094450134e-01   1.266799871264405e-01  -5.010000000000000e-02
  4.936224210944691e-01   1.266802802790388e-01  -5.010000000000000e-02
  4.936253147542686e-01   1.266805819823280e-01  -5.010000000000000e-02
  4.936282927989767e-01   1.266808924838886e-01  -5.010000000000000e-02
  4.936313576708718e-01   1.266812120383614e-01  -5.010000000000001e-02
  4.936345118818159e-01   1.266815409076420e-01  -5.010000000000000e-02
  4.936377580151709e-01   1.266818793610809e-01  -5.010000000000000e-02
  4.936410856001792e-01   1.266823080834999e-01  -5.010000000000000e-02
  4.936444591115309e-01   1.266830616916290e-01  -5.010000000000000e-02
  4.936479308655626e-01   1.266838372461737e-01  -5.010000000000000e-02
  4.936515036975794e-01   1.266846353805123e-01  -5.010000000000000e-02
  4.936551805231898e-01   1.266854567459623e-01  -5.010000000000000e-02
  4.936589643404891e-01   1.266863020122674e-01  -5.010000000000000e-02
  4.936628582322971e-01   1.266871718680984e-01  -5.010000000000000e-02
  4.936668653684511e-01   1.266880670215647e-01  -5.010000000000000e-02
  4.936709649507108e-01   1.266890781053826e-01  -5.010000000000000e-02
  4.936751147760341e-01   1.266903761072298e-01  -5.010000000000000e-02
  4.936793851794303e-01   1.266917118240528e-01  -5.010000000000000e-02
  4.936837796246828e-01   1.266930863392700e-01  -5.010000000000000e-02
  4.936883016727219e-01   1.266945007666858e-01  -5.010000000000000e-02
  4.936929549842097e-01   1.266959562512994e-01  -5.010000000000000e-02
  4.936977433221846e-01   1.266974539701315e-01  -5.010000000000000e-02
  4.937026705547684e-01   1.266989951330714e-01  -5.010000000000000e-02
  4.937076374966019e-01   1.267008785224063e-01  -5.010000000000000e-02
  4.937127449782782e-01   1.267028263868150e-01  -5.010000000000000e-02
  4.937180004425275e-01   1.267048306880364e-01  -5.010000000000000e-02
  4.937234081154529e-01   1.267068930377996e-01  -5.010000000000000e-02
  4.937289723402094e-01   1.267090150924738e-01  -5.010000000000000e-02
  4.937346975800295e-01   1.267111985542234e-01  -5.010000000000000e-02
  4.937405561682672e-01   1.267135240706145e-01  -5.010000000000000e-02
  4.937465009110537e-01   1.267161204145258e-01  -5.010000000000000e-02
  4.937526174461948e-01   1.267187917880978e-01  -5.010000000000000e-02
  4.937589106532550e-01   1.267215403224618e-01  -5.010000000000000e-02
  4.937653855453809e-01   1.267243682070905e-01  -5.010000000000000e-02
  4.937720472726601e-01   1.267272776912654e-01  -5.010000000000000e-02
  4.937788837065333e-01   1.267303090175216e-01  -5.010000000000000e-02
  4.937858149341327e-01   1.267336504127848e-01  -5.010000000000000e-02
  4.937929458410173e-01   1.267370880691228e-01  -5.010000000000001e-02
  4.938002820622574e-01   1.267406247030812e-01  -5.010000000000000e-02
  4.938078293850238e-01   1.267442631045303e-01  -5.010000000000000e-02
  4.938155937522844e-01   1.267480061384466e-01  -5.010000000000000e-02
  4.938235181618584e-01   1.267519826685400e-01  -5.010000000000000e-02
  4.938316096026806e-01   1.267561942727038e-01  -5.009999999999999e-02
  4.938399332878314e-01   1.267605267603050e-01  -5.010000000000000e-02
  4.938484957208461e-01   1.267649835164414e-01  -5.010000000000001e-02
  4.938573035778184e-01   1.267695680160273e-01  -5.010000000000000e-02
  4.938663226295325e-01   1.267743603496240e-01  -5.010000000000000e-02
  4.938755150702298e-01   1.267794477003734e-01  -5.010000000000000e-02
  4.938849704067649e-01   1.267846805449455e-01  -5.010000000000000e-02
  4.938946959452315e-01   1.267900629267345e-01  -5.010000000000001e-02
  4.939046991822851e-01   1.267955989945969e-01  -5.009999999999999e-02
  4.939149181863619e-01   1.268014156497509e-01  -5.010000000000000e-02
  4.939253705833927e-01   1.268075001096061e-01  -5.010000000000000e-02
  4.939361206664273e-01   1.268137578558888e-01  -5.010000000000000e-02
  4.939471766355622e-01   1.268201936619688e-01  -5.009999999999999e-02
  4.939585298176046e-01   1.268268411337920e-01  -5.009999999999999e-02
  4.939700905193944e-01   1.268338705288283e-01  -5.010000000000000e-02
  4.939819792238818e-01   1.268410993633602e-01  -5.010000000000000e-02
  4.939942048932986e-01   1.268485330868034e-01  -5.010000000000000e-02
  4.940067716118485e-01   1.268561855222577e-01  -5.010000000000000e-02
  4.940195664290528e-01   1.268642599214643e-01  -5.010000000000000e-02
  4.940327227189375e-01   1.268725624344984e-01  -5.010000000000000e-02
  4.940462502681515e-01   1.268810992374004e-01  -5.010000000000000e-02
  4.940601265892550e-01   1.268899273378868e-01  -5.010000000000000e-02
  4.940742906272346e-01   1.268991643947375e-01  -5.010000000000000e-02
  4.940888529092129e-01   1.269086611658352e-01  -5.010000000000000e-02
  4.941038241061963e-01   1.269184246102610e-01  -5.010000000000000e-02
  4.941191135905687e-01   1.269286152250106e-01  -5.010000000000000e-02
  4.941347900606995e-01   1.269391534470157e-01  -5.010000000000000e-02
  4.941509049361595e-01   1.269499863790318e-01  -5.010000000000001e-02
  4.941674087331959e-01   1.269612114883700e-01  -5.010000000000000e-02
  4.941842906542429e-01   1.269728700427565e-01  -5.010000000000000e-02
  4.942016425907058e-01   1.269848531869970e-01  -5.010000000000000e-02
  4.942194207569094e-01   1.269972496430894e-01  -5.010000000000000e-02
  4.942375957335314e-01   1.270101281884541e-01  -5.010000000000000e-02
  4.942562742697532e-01   1.270233635494168e-01  -5.010000000000001e-02
  4.942753882344469e-01   1.270370782019246e-01  -5.010000000000000e-02
  4.942949535346662e-01   1.270512780417904e-01  -5.010000000000000e-02
  4.943150580454490e-01   1.270658692226309e-01  -5.010000000000000e-02
  4.943355706662541e-01   1.270810591337538e-01  -5.010000000000000e-02
  4.943566221311354e-01   1.270966992122892e-01  -5.010000000000000e-02
  4.943782169833332e-01   1.271128125786783e-01  -5.010000000000000e-02
  4.944003461044749e-01   1.271294418119307e-01  -5.009999999999999e-02
  4.944230790622003e-01   1.271465248065111e-01  -5.010000000000000e-02
  4.944464309907906e-01   1.271640729352838e-01  -5.010000000000000e-02
  4.944704173269163e-01   1.271820977983478e-01  -5.010000000000000e-02
  4.944950538111455e-01   1.272006112241698e-01  -5.010000000000001e-02
  4.945203564891458e-01   1.272196252704884e-01  -5.010000000000000e-02
  4.945463417125611e-01   1.272391522249717e-01  -5.010000000000000e-02
  4.945732875609049e-01   1.272588405762425e-01  -5.010000000000000e-02
  4.946015535777069e-01   1.272782260316938e-01  -5.010000000000000e-02
  4.946305761990403e-01   1.272981303831587e-01  -5.010000000000000e-02
  4.946603735569700e-01   1.273185660660057e-01  -5.010000000000000e-02
  4.946909640977696e-01   1.273395457310946e-01  -5.010000000000000e-02
  4.947223665802545e-01   1.273610822436332e-01  -5.010000000000000e-02
  4.947546000735884e-01   1.273831886816729e-01  -5.010000000000001e-02
  4.947878849294956e-01   1.274055820982366e-01  -5.010000000000000e-02
  4.948220721360997e-01   1.274285246433645e-01  -5.009999999999999e-02
  4.948571555070769e-01   1.274520685915790e-01  -5.010000000000000e-02
  4.948931554586685e-01   1.274762276439274e-01  -5.010000000000000e-02
  4.949300926994462e-01   1.275010156976357e-01  -5.010000000000000e-02
  4.949680452170514e-01   1.275263615671904e-01  -5.010000000000000e-02
  4.950070188189324e-01   1.275523026713369e-01  -5.009999999999999e-02
  4.950469960619676e-01   1.275789118061104e-01  -5.010000000000000e-02
  4.950879988105560e-01   1.276062035246093e-01  -5.010000000000000e-02
  4.951300534385531e-01   1.276341861481923e-01  -5.010000000000000e-02
  4.951732088132562e-01   1.276628346893288e-01  -5.010000000000000e-02
  4.952174576583946e-01   1.276922091269026e-01  -5.010000000000000e-02
  4.952628228088583e-01   1.277223246197737e-01  -5.010000000000000e-02
  4.953093310662607e-01   1.277531907988133e-01  -5.010000000000000e-02
  4.953570117865367e-01   1.277848138641791e-01  -5.010000000000001e-02
  4.954058788415168e-01   1.278172237368680e-01  -5.009999999999999e-02
  4.954559558112029e-01   1.278504360557368e-01  -5.010000000000000e-02
  4.955072792139883e-01   1.278844472528909e-01  -5.010000000000000e-02
  4.955598615027352e-01   1.279192903306854e-01  -5.010000000000000e-02
  4.956137255713943e-01   1.279549827659015e-01  -5.010000000000000e-02
  4.956689128668226e-01   1.279915142004472e-01  -5.010000000000000e-02
  4.957254313719642e-01   1.280289249317888e-01  -5.010000000000000e-02
  4.957833144739147e-01   1.280672169500113e-01  -5.009999999999999e-02
  4.958426004880386e-01   1.281063848126534e-01  -5.010000000000000e-02
  4.959032900834974e-01   1.281464799645009e-01  -5.010000000000001e-02
  4.959654513118468e-01   1.281874517022998e-01  -5.010000000000000e-02
  4.960290698559879e-01   1.282293739900079e-01  -5.010000000000000e-02
  4.960942147635341e-01   1.282721939810407e-01  -5.010000000000000e-02
  4.961608795013520e-01   1.283159734307659e-01  -5.010000000000000e-02
  4.962291348218770e-01   1.283606558459376e-01  -5.010000000000000e-02
  4.962989626380602e-01   1.284063199333743e-01  -5.010000000000001e-02
  4.963704624774274e-01   1.284528636923278e-01  -5.010000000000000e-02
  4.964435972034473e-01   1.285003939164642e-01  -5.010000000000000e-02
  4.965184419450600e-01   1.285488443211398e-01  -5.010000000000000e-02
  4.965950276203525e-01   1.285982151537602e-01  -5.010000000000000e-02
  4.966733611595063e-01   1.286485433415671e-01  -5.010000000000000e-02
  4.967535007270774e-01   1.286997849434012e-01  -5.010000000000000e-02
  4.968354954821020e-01   1.287519079474296e-01  -5.009999999999999e-02
  4.969193526613308e-01   1.288049449028205e-01  -5.010000000000000e-02
  4.970051118915990e-01   1.288588760439686e-01  -5.010000000000001e-02
  4.970928099142145e-01   1.289136842039885e-01  -5.010000000000001e-02
  4.971824812010675e-01   1.289693537149315e-01  -5.010000000000000e-02
  4.972741663956957e-01   1.290258567595455e-01  -5.010000000000000e-02
  4.973678925430396e-01   1.290831851181986e-01  -5.010000000000000e-02
  4.974636923732442e-01   1.291413189158794e-01  -5.010000000000000e-02
  4.975615944271371e-01   1.292002426778547e-01  -5.010000000000000e-02
  4.976616127179924e-01   1.292599624098214e-01  -5.009999999999999e-02
  4.977637723880014e-01   1.293204631397021e-01  -5.010000000000000e-02
  4.978681214133603e-01   1.293816878387673e-01  -5.010000000000001e-02
  4.979746542595517e-01   1.294436673059320e-01  -5.010000000000000e-02
  4.980833750433170e-01   1.295064135500301e-01  -5.010000000000000e-02
  4.981943237957757e-01   1.295698731352990e-01  -5.010000000000000e-02
  4.983074804324116e-01   1.296340938882709e-01  -5.010000000000001e-02
  4.984228640045115e-01   1.296990522657539e-01  -5.010000000000000e-02
  4.985404719252761e-01   1.297647591610428e-01  -5.010000000000000e-02
  4.986602985080506e-01   1.298312279676823e-01  -5.010000000000000e-02
  4.987823530624813e-01   1.298984412308217e-01  -5.010000000000001e-02
  4.989066251430445e-01   1.299664133188312e-01  -5.010000000000001e-02
  4.990331127359813e-01   1.300351393746337e-01  -5.010000000000000e-02
  4.991618053613578e-01   1.301046260031845e-01  -5.010000000000000e-02
  4.992927024652036e-01   1.301748570596863e-01  -5.010000000000000e-02
  4.994257974390585e-01   1.302458230349273e-01  -5.010000000000000e-02
  4.995610868849016e-01   1.303175034800010e-01  -5.010000000000000e-02
  4.996985552676125e-01   1.303898960082406e-01  -5.010000000000000e-02
  4.998381957191224e-01   1.304629768003989e-01  -5.010000000000000e-02
  4.999799895904487e-01   1.305367393644709e-01  -5.010000000000000e-02
  5.001239304603440e-01   1.306111484303000e-01  -5.010000000000001e-02
  5.002699946414101e-01   1.306861965800924e-01  -5.010000000000000e-02
  5.004181742071687e-01   1.307618402118393e-01  -5.010000000000000e-02
  5.005684443952458e-01   1.308380628089366e-01  -5.010000000000000e-02
  5.007207800718185e-01   1.309148429865625e-01  -5.010000000000000e-02
  5.008751525374953e-01   1.309921608650344e-01  -5.010000000000000e-02
  5.010315384341915e-01   1.310699800197133e-01  -5.010000000000000e-02
  5.011899098824414e-01   1.311482670837780e-01  -5.010000000000000e-02
  5.013502407593764e-01   1.312269789605237e-01  -5.010000000000000e-02
  5.015124876022160e-01   1.313061020182699e-01  -5.010000000000000e-02
  5.016766105268261e-01   1.313856095943179e-01  -5.010000000000000e-02
  5.018425938820499e-01   1.314654187572847e-01  -5.010000000000000e-02
  5.020103789105628e-01   1.315455296642810e-01  -5.010000000000000e-02
  5.021799177994166e-01   1.316259145560624e-01  -5.010000000000000e-02
  5.023511956570591e-01   1.317064698060779e-01  -5.010000000000000e-02
  5.025241409726317e-01   1.317872055901019e-01  -5.010000000000000e-02
  5.026987060461533e-01   1.318680764640200e-01  -5.010000000000000e-02
  5.028748676851480e-01   1.319489775418092e-01  -5.010000000000000e-02
  5.030525447566193e-01   1.320299239261050e-01  -5.010000000000000e-02
  5.032316948751878e-01   1.321108413686390e-01  -5.010000000000000e-02
  5.034122681434476e-01   1.321916658675193e-01  -5.010000000000000e-02
  5.035941843168983e-01   1.322723965560329e-01  -5.010000000000000e-02
  5.037774243690594e-01   1.323528892689157e-01  -5.010000000000000e-02
  5.039618814533063e-01   1.324331940552986e-01  -5.010000000000000e-02
  5.041475210536910e-01   1.325131916651396e-01  -5.010000000000000e-02
  5.043342620572062e-01   1.325928652233009e-01  -5.010000000000001e-02
  5.045220457492020e-01   1.326721421562818e-01  -5.010000000000000e-02
  5.047107925713588e-01   1.327509946409826e-01  -5.009999999999999e-02
  5.049004386964550e-01   1.328293545133978e-01  -5.009999999999999e-02
  5.050909042718665e-01   1.329071882854562e-01  -5.010000000000000e-02
  5.052821179348608e-01   1.329844397397448e-01  -5.010000000000000e-02
  5.054739951889966e-01   1.330610819309486e-01  -5.010000000000000e-02
  5.056664718040751e-01   1.331370358417147e-01  -5.010000000000000e-02
  5.058594382839251e-01   1.332123348081372e-01  -5.010000000000000e-02
  5.060528549414415e-01   1.332868329679957e-01  -5.010000000000000e-02
  5.062465867303390e-01   1.333606298680884e-01  -5.010000000000000e-02
  5.064406069253868e-01   1.334335417193366e-01  -5.010000000000000e-02
  5.066347796961547e-01   1.335056731380125e-01  -5.010000000000000e-02
  5.068290434874162e-01   1.335769318090321e-01  -5.010000000000000e-02
  5.070233148479499e-01   1.336472849297269e-01  -5.010000000000000e-02
  5.072174754041176e-01   1.337167984560351e-01  -5.010000000000000e-02
  5.074114880664228e-01   1.337853136804552e-01  -5.009999999999999e-02
  5.076052277175442e-01   1.338529217679154e-01  -5.010000000000000e-02
  5.077986002665893e-01   1.339196313073226e-01  -5.010000000000000e-02
  5.079915666297967e-01   1.339852935913097e-01  -5.009999999999999e-02
  5.081839919463383e-01   1.340500437570738e-01  -5.010000000000000e-02
  5.083757964282155e-01   1.341138615915888e-01  -5.010000000000000e-02
  5.085669241932532e-01   1.341766585687169e-01  -5.010000000000000e-02
  5.087572701818488e-01   1.342385001619196e-01  -5.010000000000000e-02
  5.089467446757074e-01   1.342994127366564e-01  -5.010000000000000e-02
  5.091352742155997e-01   1.343593788360431e-01  -5.010000000000000e-02
  5.093227995577616e-01   1.344183419575966e-01  -5.010000000000000e-02
  5.095092175059628e-01   1.344763920774266e-01  -5.010000000000000e-02
  5.096944535328125e-01   1.345335367211074e-01  -5.010000000000000e-02
  5.098784361904574e-01   1.345897812346587e-01  -5.010000000000000e-02
  5.100611040468259e-01   1.346451059797492e-01  -5.009999999999999e-02
  5.102423867824977e-01   1.346995286365706e-01  -5.010000000000000e-02
  5.104222107256669e-01   1.347530871958176e-01  -5.010000000000000e-02
  5.106005120856016e-01   1.348057959272228e-01  -5.010000000000000e-02
  5.107772278244167e-01   1.348576758322210e-01  -5.010000000000000e-02
  5.109523006509917e-01   1.349087375866234e-01  -5.009999999999999e-02
  5.111256784053867e-01   1.349589836699002e-01  -5.010000000000000e-02
  5.112973011544698e-01   1.350084529062496e-01  -5.010000000000000e-02
  5.114671265751951e-01   1.350571326976502e-01  -5.010000000000000e-02
  5.116351018350565e-01   1.351050566181248e-01  -5.010000000000000e-02
  5.118011838341551e-01   1.351522340018247e-01  -5.010000000000000e-02
  5.119653253356147e-01   1.351986984539662e-01  -5.010000000000000e-02
  5.121274938082369e-01   1.352444413751824e-01  -5.009999999999999e-02
  5.122876493322309e-01   1.352894898285952e-01  -5.010000000000000e-02
  5.124457610063672e-01   1.353338484238930e-01  -5.010000000000000e-02
  5.126017961290543e-01   1.353775376001396e-01  -5.010000000000000e-02
  5.127557248901823e-01   1.354205768429670e-01  -5.010000000000000e-02
  5.129075304784793e-01   1.354629483195635e-01  -5.010000000000000e-02
  5.130571824902156e-01   1.355046918985831e-01  -5.010000000000000e-02
  5.132046635428117e-01   1.355458097010875e-01  -5.010000000000000e-02
  5.133499585355817e-01   1.355863043578405e-01  -5.010000000000000e-02
  5.134930519754213e-01   1.356261884222952e-01  -5.010000000000000e-02
  5.136339319160475e-01   1.356654700367634e-01  -5.010000000000000e-02
  5.137725894584315e-01   1.357041545152618e-01  -5.010000000000000e-02
  5.139090173311108e-01   1.357422492225071e-01  -5.010000000000000e-02
  5.140432082880522e-01   1.357797690560708e-01  -5.010000000000001e-02
  5.141751637885710e-01   1.358167051693581e-01  -5.010000000000000e-02
  5.143048813672149e-01   1.358530699148211e-01  -5.010000000000000e-02
  5.144323633552936e-01   1.358888654606411e-01  -5.010000000000000e-02
  5.145576138011287e-01   1.359240944908879e-01  -5.010000000000000e-02
  5.146806338825087e-01   1.359587762321987e-01  -5.010000000000000e-02
  5.148014365141587e-01   1.359928943926725e-01  -5.010000000000000e-02
  5.149200319786619e-01   1.360264479962869e-01  -5.010000000000000e-02
  5.150364223000170e-01   1.360594707532567e-01  -5.010000000000000e-02
  5.151506253654454e-01   1.360919456404978e-01  -5.010000000000000e-02
  5.152626591972971e-01   1.361238604665103e-01  -5.010000000000000e-02
  5.153725292452085e-01   1.361552519087707e-01  -5.010000000000000e-02
  5.154802568047059e-01   1.361861055132246e-01  -5.010000000000000e-02
  5.155858660410499e-01   1.362164013994154e-01  -5.010000000000000e-02
  5.156893582227867e-01   1.362462033260535e-01  -5.010000000000001e-02
  5.157907708550436e-01   1.362754527446329e-01  -5.010000000000000e-02
  5.158901174923884e-01   1.363041780682271e-01  -5.010000000000000e-02
  5.159874168685814e-01   1.363323927470470e-01  -5.010000000000000e-02
  5.160827031957845e-01   1.363600601482342e-01  -5.010000000000000e-02
  5.161759811169838e-01   1.363872481218861e-01  -5.010000000000000e-02
  5.162672973387708e-01   1.364138826624343e-01  -5.010000000000000e-02
  5.163566528791505e-01   1.364400488528323e-01  -5.010000000000000e-02
  5.164440956017068e-01   1.364656735940874e-01  -5.010000000000000e-02
  5.165296310225231e-01   1.364908304787530e-01  -5.010000000000000e-02
  5.166133052502023e-01   1.365154564950480e-01  -5.010000000000000e-02
  5.166951266496156e-01   1.365396186481457e-01  -5.010000000000000e-02
  5.167751421509083e-01   1.365632544631895e-01  -5.010000000000000e-02
  5.168533555207275e-01   1.365864488678866e-01  -5.010000000000000e-02
  5.169298189213020e-01   1.366091243140608e-01  -5.010000000000000e-02
  5.170045385796186e-01   1.366313590920635e-01  -5.010000000000000e-02
  5.170775599811823e-01   1.366531001196150e-01  -5.010000000000001e-02
  5.171489023365724e-01   1.366743831930856e-01  -5.010000000000000e-02
  5.172185954755535e-01   1.366952090082575e-01  -5.010000000000001e-02
  5.172866749603727e-01   1.367155593458003e-01  -5.010000000000000e-02
  5.173531511067911e-01   1.367355006318128e-01  -5.010000000000000e-02
  5.174180714072907e-01   1.367549752005119e-01  -5.010000000000000e-02
  5.174814558167939e-01   1.367740172369444e-01  -5.010000000000000e-02
  5.175433314923483e-01   1.367926368126338e-01  -5.010000000000000e-02
  5.176037347392514e-01   1.368108133063450e-01  -5.010000000000000e-02
  5.176626826491942e-01   1.368285895984418e-01  -5.010000000000000e-02
  5.177202086058078e-01   1.368459540832683e-01  -5.010000000000000e-02
  5.177763446719922e-01   1.368628990230286e-01  -5.010000000000000e-02
  5.178311099772829e-01   1.368794589248263e-01  -5.010000000000001e-02
  5.178845361079494e-01   1.368956264136397e-01  -5.010000000000000e-02
  5.179366533129164e-01   1.369113978033657e-01  -5.010000000000000e-02
  5.179874834414021e-01   1.369267963622168e-01  -5.010000000000000e-02
  5.180370521017276e-01   1.369418320926136e-01  -5.010000000000000e-02
  5.180853907667048e-01   1.369564947268177e-01  -5.010000000000000e-02
  5.181325251435344e-01   1.369707920626299e-01  -5.010000000000000e-02
  5.181784750829830e-01   1.369847501804989e-01  -5.010000000000001e-02
  5.182232710762809e-01   1.369983590567339e-01  -5.010000000000000e-02
  5.182669383187435e-01   1.370116250221573e-01  -5.010000000000000e-02
  5.183095010449683e-01   1.370245564446123e-01  -5.010000000000000e-02
  5.183509800486997e-01   1.370371718548088e-01  -5.009999999999999e-02
  5.183914029718242e-01   1.370494660690060e-01  -5.010000000000000e-02
  5.184307933378554e-01   1.370614462416373e-01  -5.010000000000000e-02
  5.184691743273151e-01   1.370731194228188e-01  -5.010000000000000e-02
  5.185065672491682e-01   1.370844975633672e-01  -5.010000000000000e-02
  5.185429956975308e-01   1.370955838354384e-01  -5.010000000000000e-02
  5.185784822529787e-01   1.371063834611772e-01  -5.010000000000000e-02
  5.186130486766749e-01   1.371169030631599e-01  -5.009999999999999e-02
  5.186467163672182e-01   1.371271491536234e-01  -5.010000000000000e-02
  5.186795069152528e-01   1.371371263049296e-01  -5.010000000000000e-02
  5.187114404623376e-01   1.371468425378874e-01  -5.010000000000000e-02
  5.187425372648371e-01   1.371563041794809e-01  -5.010000000000000e-02
  5.187728172577357e-01   1.371655172952108e-01  -5.010000000000000e-02
  5.188023000092253e-01   1.371744878389762e-01  -5.010000000000000e-02
  5.188310056364617e-01   1.371832186440197e-01  -5.010000000000000e-02
  5.188589536108962e-01   1.371917133551577e-01  -5.010000000000000e-02
  5.188861607907602e-01   1.371999829037923e-01  -5.010000000000000e-02
  5.189126452890122e-01   1.372080327953080e-01  -5.010000000000000e-02
  5.189384248588485e-01   1.372158684257411e-01  -5.010000000000000e-02
  5.189635168961617e-01   1.372234950825257e-01  -5.010000000000000e-02
  5.189879384422879e-01   1.372309179453299e-01  -5.010000000000000e-02
  5.190117087644871e-01   1.372381336003793e-01  -5.010000000000000e-02
  5.190348420961719e-01   1.372451539557869e-01  -5.010000000000000e-02
  5.190573538828331e-01   1.372519856886896e-01  -5.010000000000000e-02
  5.190792597821490e-01   1.372586335507795e-01  -5.010000000000000e-02
  5.191005751145295e-01   1.372651021913964e-01  -5.009999999999999e-02
  5.191213148671647e-01   1.372713961587569e-01  -5.010000000000000e-02
  5.191414936982268e-01   1.372775199012293e-01  -5.010000000000000e-02
  5.191611259412068e-01   1.372834777686495e-01  -5.010000000000000e-02
  5.191802297271992e-01   1.372892604245755e-01  -5.010000000000000e-02
  5.191988151534650e-01   1.372948839072753e-01  -5.010000000000000e-02
  5.192168949630452e-01   1.373003544030786e-01  -5.010000000000000e-02
  5.192344822395651e-01   1.373056758707615e-01  -5.010000000000000e-02
  5.192515897651291e-01   1.373108521778673e-01  -5.010000000000000e-02
  5.192682300251890e-01   1.373158871021800e-01  -5.010000000000000e-02
  5.192844152134603e-01   1.373207843332112e-01  -5.010000000000000e-02
  5.193001572368743e-01   1.373255474736989e-01  -5.010000000000001e-02
  5.193154677205591e-01   1.373301800411147e-01  -5.010000000000000e-02
  5.193303580128394e-01   1.373346854691762e-01  -5.010000000000000e-02
  5.193448422745086e-01   1.373390568960974e-01  -5.010000000000000e-02
  5.193589297382333e-01   1.373433028150244e-01  -5.010000000000000e-02
  5.193726293184036e-01   1.373474318270221e-01  -5.009999999999999e-02
  5.193859513095921e-01   1.373514470348437e-01  -5.010000000000000e-02
  5.193989057545059e-01   1.373553514653305e-01  -5.010000000000001e-02
  5.194115024489490e-01   1.373591480709083e-01  -5.010000000000000e-02
  5.194237509467599e-01   1.373628397310751e-01  -5.010000000000000e-02
  5.194356605647148e-01   1.373664292538789e-01  -5.010000000000000e-02
  5.194472403873960e-01   1.373699193773856e-01  -5.010000000000001e-02
  5.194584992720190e-01   1.373733127711328e-01  -5.010000000000000e-02
  5.194694458532154e-01   1.373766120375725e-01  -5.009999999999999e-02
  5.194800885477683e-01   1.373798197134978e-01  -5.010000000000000e-02
  5.194904355592972e-01   1.373829382714545e-01  -5.010000000000000e-02
  5.195004948828887e-01   1.373859701211376e-01  -5.010000000000000e-02
  5.195102503997831e-01   1.373889935442079e-01  -5.009999999999999e-02
  5.195196840800632e-01   1.373920921983145e-01  -5.010000000000001e-02
  5.195287384512277e-01   1.373954312948438e-01  -5.010000000000000e-02
  5.195374895631647e-01   1.373988171476194e-01  -5.010000000000000e-02
  5.195458252589569e-01   1.374025219013048e-01  -5.010000000000000e-02
  5.195538784817350e-01   1.374062279096359e-01  -5.010000000000000e-02
  5.195615675240625e-01   1.374101233338673e-01  -5.010000000000000e-02
  5.195689594761932e-01   1.374140617090872e-01  -5.010000000000000e-02
  5.195760152941332e-01   1.374181290614244e-01  -5.010000000000001e-02
  5.195827812085206e-01   1.374222331116254e-01  -5.010000000000001e-02
  5.195892238029257e-01   1.374264402265123e-01  -5.010000000000000e-02
  5.195954091519901e-01   1.374306398461952e-01  -5.010000000000000e-02
  5.196012545314310e-01   1.374349613329414e-01  -5.010000000000000e-02
  5.196069107686087e-01   1.374391936184830e-01  -5.010000000000000e-02
  5.196121735513276e-01   1.374436051957868e-01  -5.010000000000000e-02
  5.196172885896748e-01   1.374478929249760e-01  -5.010000000000000e-02
  5.196220505073756e-01   1.374522941231267e-01  -5.010000000000000e-02
  5.196266072441959e-01   1.374566513530809e-01  -5.010000000000000e-02
  5.196309653637898e-01   1.374609549436000e-01  -5.010000000000000e-02
  5.196349766900619e-01   1.374653564177530e-01  -5.010000000000000e-02
  5.196388751559624e-01   1.374696340545581e-01  -5.010000000000000e-02
  5.196424915940292e-01   1.374739371243540e-01  -5.010000000000000e-02
  5.196458678719184e-01   1.374782361117283e-01  -5.010000000000000e-02
  5.196491490448181e-01   1.374824140026875e-01  -5.010000000000000e-02
  5.196521253824062e-01   1.374866280261705e-01  -5.010000000000000e-02
  5.196549091141312e-01   1.374908020146642e-01  -5.010000000000000e-02
  5.196576143473209e-01   1.374948583007304e-01  -5.010000000000000e-02
  5.196600735065918e-01   1.374989035806462e-01  -5.010000000000000e-02
  5.196623055858005e-01   1.375029307711763e-01  -5.010000000000000e-02
  5.196644746601856e-01   1.375068442863366e-01  -5.009999999999999e-02
  5.196665627965761e-01   1.375106571269527e-01  -5.010000000000000e-02
  5.196682841081107e-01   1.375145158912722e-01  -5.010000000000000e-02
  5.196699567881167e-01   1.375182656354612e-01  -5.010000000000000e-02
  5.196715821970677e-01   1.375219094093732e-01  -5.010000000000000e-02
  5.196730940721683e-01   1.375254767890920e-01  -5.010000000000000e-02
  5.196743169251412e-01   1.375290402590832e-01  -5.010000000000000e-02
  5.196755051915200e-01   1.375325029415775e-01  -5.010000000000000e-02
  5.196766598409890e-01   1.375358676622957e-01  -5.010000000000000e-02
  5.196777818165250e-01   1.375391371691314e-01  -5.010000000000000e-02
  5.196786173958048e-01   1.375423884358067e-01  -5.010000000000000e-02
  5.196793844620639e-01   1.375455607444051e-01  -5.010000000000000e-02
  5.196801298069171e-01   1.375486432211257e-01  -5.010000000000000e-02
  5.196808540408171e-01   1.375516383905788e-01  -5.010000000000000e-02
  5.196815577573204e-01   1.375545487075006e-01  -5.010000000000000e-02
  5.196820324028764e-01   1.375574168266589e-01  -5.010000000000000e-02
  5.196824358212169e-01   1.375602147839048e-01  -5.010000000000000e-02
  5.196828278038801e-01   1.375629334276117e-01  -5.010000000000000e-02
  5.196832086729173e-01   1.375655749914062e-01  -5.010000000000000e-02
  5.196835787414289e-01   1.375681416468344e-01  -5.010000000000000e-02
  5.196839383138064e-01   1.375706355050410e-01  -5.010000000000000e-02
  5.196841221233849e-01   1.375730744665493e-01  -5.010000000000000e-02
  5.196842354690276e-01   1.375754504745856e-01  -5.010000000000000e-02
  5.196843455982486e-01   1.375777590583800e-01  -5.010000000000000e-02
  5.196844526018205e-01   1.375800021207562e-01  -5.010000000000000e-02
  5.196845565679824e-01   1.375821815114250e-01  -5.010000000000000e-02
  5.196846575825088e-01   1.375842990284341e-01  -5.010000000000000e-02
  5.196847557287769e-01   1.375863564195801e-01  -5.010000000000000e-02
  5.196848277297934e-01   1.375883554096952e-01  -5.010000000000000e-02
  5.196847393885357e-01   1.375902977991209e-01  -5.010000000000000e-02
  5.196846535567271e-01   1.375921850124312e-01  -5.010000000000000e-02
  5.196845701634019e-01   1.375940186099724e-01  -5.010000000000001e-02
  5.196844891395835e-01   1.375958001083583e-01  -5.010000000000000e-02
  5.196844104182296e-01   1.375975309816738e-01  -5.010000000000000e-02
  5.196843339341783e-01   1.375992126626470e-01  -5.009999999999999e-02
  5.196842596240977e-01   1.376008465437893e-01  -5.010000000000000e-02
  5.196841874264335e-01   1.376024339785060e-01  -5.010000000000000e-02
  5.196841172813616e-01   1.376039762821769e-01  -5.009999999999999e-02
  5.196840491307390e-01   1.376054747332080e-01  -5.010000000000000e-02
