668
  4.931445971700000e-01   1.264370003340000e-01  -5.010000000000000e-02
  4.931434021600712e-01   1.264379069492824e-01  -5.009999999999999e-02
  4.931421857075600e-01   1.264388298323569e-01  -5.010000000000000e-02
  4.931409474297944e-01   1.264397692735441e-01  -5.010000000000000e-02
  4.931396869373496e-01   1.264407255682882e-01  -5.009999999999999e-02
  4.931384038339297e-01   1.264416990172456e-01  -5.010000000000000e-02
  4.931370977162511e-01   1.264426899263750e-01  -5.010000000000000e-02
  4.931357681739210e-01   1.264436986070279e-01  -5.010000000000000e-02
  4.931344147893156e-01   1.264447253760420e-01  -5.010000000000000e-02
  4.931330371374556e-01   1.264457705558351e-01  -5.010000000000000e-02
  4.931316347858806e-01   1.264468344745012e-01  -5.010000000000000e-02
  4.931302072945198e-01   1.264479174659074e-01  -5.010000000000000e-02
  4.931290068599361e-01   1.264492772233090e-01  -5.010000000000000e-02
  4.931278575761269e-01   1.264507353718092e-01  -5.010000000000000e-02
  4.931266876962969e-01   1.264522196514154e-01  -5.010000000000000e-02
  4.931254968538280e-01   1.264537305272723e-01  -5.010000000000000e-02
  4.931242846756666e-01   1.264552684726902e-01  -5.010000000000000e-02
  4.931230507822130e-01   1.264568339692843e-01  -5.010000000000000e-02
  4.931217947872104e-01   1.264584275071162e-01  -5.010000000000000e-02
  4.931205162976313e-01   1.264600495848374e-01  -5.010000000000001e-02
  4.931192149135631e-01   1.264617007098356e-01  -5.010000000000000e-02
  4.931178902280905e-01   1.264633813983826e-01  -5.010000000000000e-02
  4.931165418271769e-01   1.264650921757852e-01  -5.010000000000000e-02
  4.931154588683513e-01   1.264670238955341e-01  -5.010000000000000e-02
  4.931143859722288e-01   1.264690095409680e-01  -5.010000000000000e-02
  4.931132938763737e-01   1.264710307200015e-01  -5.010000000000000e-02
  4.931121822400145e-01   1.264730880633123e-01  -5.010000000000001e-02
  4.931110507164332e-01   1.264751822125831e-01  -5.010000000000000e-02
  4.931098989528655e-01   1.264773138206869e-01  -5.010000000000000e-02
  4.931087265903989e-01   1.264794835518751e-01  -5.010000000000001e-02
  4.931075332638699e-01   1.264816920819683e-01  -5.010000000000000e-02
  4.931063186017589e-01   1.264839400985505e-01  -5.010000000000000e-02
  4.931050822260842e-01   1.264862283011654e-01  -5.010000000000000e-02
  4.931038987365547e-01   1.264885923706872e-01  -5.010000000000000e-02
  4.931029058567197e-01   1.264910974414903e-01  -5.010000000000000e-02
  4.931018952367884e-01   1.264936472711813e-01  -5.010000000000000e-02
  4.931008665629000e-01   1.264962426516426e-01  -5.010000000000000e-02
  4.930998195157529e-01   1.264988843884825e-01  -5.010000000000000e-02
  4.930987537705152e-01   1.265015733012637e-01  -5.010000000000000e-02
  4.930976689967329e-01   1.265043102237333e-01  -5.010000000000000e-02
  4.930965648582369e-01   1.265070960040579e-01  -5.010000000000001e-02
  4.930954410130486e-01   1.265099315050615e-01  -5.010000000000000e-02
  4.930942971132844e-01   1.265128176044665e-01  -5.010000000000000e-02
  4.930931328050587e-01   1.265157551951391e-01  -5.010000000000000e-02
  4.930921924466253e-01   1.265188304974229e-01  -5.010000000000000e-02
  4.930912452937055e-01   1.265219641223047e-01  -5.010000000000000e-02
  4.930902812527537e-01   1.265251536206958e-01  -5.010000000000000e-02
  4.930893000262512e-01   1.265283999769269e-01  -5.010000000000000e-02
  4.930883013115681e-01   1.265317041922393e-01  -5.010000000000000e-02
  4.930872848008804e-01   1.265350672850590e-01  -5.010000000000000e-02
  4.930862501810853e-01   1.265384902912761e-01  -5.009999999999999e-02
  4.930851971337164e-01   1.265419742645268e-01  -5.010000000000000e-02
  4.930841253348564e-01   1.265455202764810e-01  -5.009999999999999e-02
  4.930830620892774e-01   1.265491368374117e-01  -5.010000000000000e-02
  4.930821829819235e-01   1.265528722935741e-01  -5.009999999999999e-02
  4.930812882315537e-01   1.265566742192067e-01  -5.009999999999999e-02
  4.930803775637298e-01   1.265605437804380e-01  -5.010000000000000e-02
  4.930794506993402e-01   1.265644821632536e-01  -5.010000000000000e-02
  4.930785073545261e-01   1.265684905738124e-01  -5.010000000000000e-02
  4.930775472406050e-01   1.265725702387668e-01  -5.010000000000001e-02
  4.930765700639957e-01   1.265767224055881e-01  -5.010000000000000e-02
  4.930755755261395e-01   1.265809483428952e-01  -5.010000000000000e-02
  4.930745633234225e-01   1.265852493407882e-01  -5.010000000000000e-02
  4.930737049772266e-01   1.265896628514751e-01  -5.010000000000001e-02
  4.930728699645113e-01   1.265941628227231e-01  -5.010000000000000e-02
  4.930720201330276e-01   1.265987426538707e-01  -5.010000000000000e-02
  4.930711552242267e-01   1.266034037382644e-01  -5.010000000000000e-02
  4.930702749752091e-01   1.266081474926980e-01  -5.010000000000000e-02
  4.930693791186567e-01   1.266129753577762e-01  -5.010000000000001e-02
  4.930684673827649e-01   1.266178887982826e-01  -5.009999999999999e-02
  4.930675394911735e-01   1.266228893035512e-01  -5.010000000000000e-02
  4.930666100414783e-01   1.266279808556264e-01  -5.010000000000000e-02
  4.930658475694422e-01   1.266331929950419e-01  -5.010000000000001e-02
  4.930650715998889e-01   1.266384974013705e-01  -5.010000000000000e-02
  4.930642818985431e-01   1.266438956760826e-01  -5.010000000000001e-02
  4.930634782272308e-01   1.266493894472970e-01  -5.010000000000000e-02
  4.930626603438214e-01   1.266549803701821e-01  -5.010000000000000e-02
  4.930618280021671e-01   1.266606701273630e-01  -5.010000000000000e-02
  4.930609809520444e-01   1.266664604293317e-01  -5.010000000000000e-02
  4.930601189390916e-01   1.266723530148629e-01  -5.010000000000000e-02
  4.930594072179411e-01   1.266783712694298e-01  -5.010000000000000e-02
  4.930587026129892e-01   1.266844983235229e-01  -5.010000000000000e-02
  4.930579855758061e-01   1.266907334849355e-01  -5.010000000000000e-02
  4.930572558920773e-01   1.266970786172886e-01  -5.010000000000000e-02
  4.930565133439754e-01   1.267035356147515e-01  -5.010000000000000e-02
  4.930557577101086e-01   1.267101064024859e-01  -5.010000000000000e-02
  4.930549887654699e-01   1.267167929370937e-01  -5.010000000000000e-02
  4.930542519505540e-01   1.267236018558182e-01  -5.010000000000000e-02
  4.930536367120871e-01   1.267305443081056e-01  -5.010000000000000e-02
  4.930530106501324e-01   1.267376088944151e-01  -5.010000000000000e-02
  4.930523735792545e-01   1.267447977072278e-01  -5.010000000000000e-02
  4.930517253110202e-01   1.267521128728576e-01  -5.010000000000000e-02
  4.930510656539554e-01   1.267595565519256e-01  -5.010000000000000e-02
  4.930503944135042e-01   1.267671309398381e-01  -5.010000000000000e-02
  4.930497327665728e-01   1.267748399240568e-01  -5.010000000000000e-02
  4.930492109475144e-01   1.267826958813100e-01  -5.010000000000000e-02
  4.930486799790382e-01   1.267906895825447e-01  -5.010000000000000e-02
  4.930481397054874e-01   1.267988233711675e-01  -5.010000000000000e-02
  4.930475899687277e-01   1.268070996278800e-01  -5.010000000000000e-02
  4.930470306081143e-01   1.268155207711789e-01  -5.010000000000000e-02
  4.930464614604589e-01   1.268240892578602e-01  -5.010000000000001e-02
  4.930459610819403e-01   1.268328120611336e-01  -5.010000000000000e-02
  4.930455406484483e-01   1.268416923611645e-01  -5.010000000000000e-02
  4.930451128710484e-01   1.268507277775386e-01  -5.010000000000000e-02
  4.930446776257963e-01   1.268599209281758e-01  -5.010000000000000e-02
  4.930442347868115e-01   1.268692744719016e-01  -5.010000000000000e-02
  4.930437842262515e-01   1.268787911089681e-01  -5.010000000000000e-02
  4.930433693528852e-01   1.268884752725659e-01  -5.010000000000000e-02
  4.930430702855506e-01   1.268983328642145e-01  -5.010000000000000e-02
  4.930427660132638e-01   1.269083620168639e-01  -5.010000000000000e-02
  4.930424564488588e-01   1.269185656036145e-01  -5.010000000000000e-02
  4.930421415038314e-01   1.269289465416551e-01  -5.010000000000000e-02
  4.930418210883242e-01   1.269395077927935e-01  -5.010000000000000e-02
  4.930415716392020e-01   1.269502541012074e-01  -5.010000000000000e-02
  4.930414069109549e-01   1.269611888338747e-01  -5.010000000000001e-02
  4.930412393273900e-01   1.269723131037735e-01  -5.010000000000000e-02
  4.930410688411034e-01   1.269836300576034e-01  -5.010000000000001e-02
  4.930408954039784e-01   1.269951428893633e-01  -5.009999999999999e-02
  4.930407264723946e-01   1.270068549022194e-01  -5.010000000000000e-02
  4.930407112080825e-01   1.270187706057896e-01  -5.010000000000000e-02
  4.930406956801712e-01   1.270308920815784e-01  -5.010000000000000e-02
  4.930406798843193e-01   1.270432227184784e-01  -5.010000000000000e-02
  4.930406638161216e-01   1.270557659553383e-01  -5.010000000000001e-02
  4.930406474711081e-01   1.270685252814879e-01  -5.010000000000000e-02
  4.930407956950537e-01   1.270815033821890e-01  -5.010000000000000e-02
  4.930409495611059e-01   1.270947046736214e-01  -5.010000000000000e-02
  4.930411060711827e-01   1.271081328152076e-01  -5.010000000000000e-02
  4.930412652683646e-01   1.271217915031467e-01  -5.010000000000000e-02
  4.930414684851016e-01   1.271356837571727e-01  -5.010000000000000e-02
  4.930418030859388e-01   1.271498118372601e-01  -5.009999999999999e-02
  4.930421434158804e-01   1.271641818212386e-01  -5.010000000000000e-02
  4.930424895675422e-01   1.271787976196948e-01  -5.010000000000000e-02
  4.930428416348432e-01   1.271936631982371e-01  -5.010000000000001e-02
  4.930433435221466e-01   1.272087783342200e-01  -5.010000000000000e-02
  4.930438867351497e-01   1.272241503092005e-01  -5.010000000000000e-02
  4.930444392039128e-01   1.272397842059553e-01  -5.010000000000001e-02
  4.930450010764653e-01   1.272556842134492e-01  -5.010000000000000e-02
  4.930456941126635e-01   1.272718496012657e-01  -5.010000000000000e-02
  4.930464586484799e-01   1.272882871213180e-01  -5.010000000000000e-02
  4.930472361561988e-01   1.273050035372757e-01  -5.010000000000000e-02
  4.930480268413447e-01   1.273220032679124e-01  -5.010000000000000e-02
  4.930489076562513e-01   1.273392870081855e-01  -5.010000000000000e-02
  4.930498228024850e-01   1.273568620559323e-01  -5.010000000000000e-02
  4.930507534056740e-01   1.273747339488350e-01  -5.010000000000000e-02
  4.930516997082400e-01   1.273929073425165e-01  -5.010000000000000e-02
  4.930526619557508e-01   1.274113869530138e-01  -5.010000000000000e-02
  4.930536403969370e-01   1.274301775571077e-01  -5.010000000000000e-02
  4.930546352837086e-01   1.274492839926352e-01  -5.010000000000000e-02
  4.930556468711699e-01   1.274687111587845e-01  -5.010000000000000e-02
  4.930566754176345e-01   1.274884640163710e-01  -5.010000000000000e-02
  4.930577211846382e-01   1.275085475880943e-01  -5.010000000000000e-02
  4.930587844369515e-01   1.275289669587745e-01  -5.009999999999999e-02
  4.930598654425906e-01   1.275497272755666e-01  -5.010000000000000e-02
  4.930609644728278e-01   1.275708337481528e-01  -5.010000000000000e-02
  4.930619314481143e-01   1.275922988534708e-01  -5.010000000000000e-02
  4.930628865558555e-01   1.276141221809962e-01  -5.010000000000000e-02
  4.930638575200551e-01   1.276363078139150e-01  -5.010000000000001e-02
  4.930648445798209e-01   1.276588612156212e-01  -5.010000000000000e-02
  4.930658479770242e-01   1.276817879126466e-01  -5.010000000000000e-02
  4.930668679563010e-01   1.277050934946944e-01  -5.010000000000000e-02
  4.930679047650519e-01   1.277287836146430e-01  -5.010000000000001e-02
  4.930689586534413e-01   1.277528639885180e-01  -5.010000000000000e-02
  4.930700298743945e-01   1.277773403954304e-01  -5.010000000000000e-02
  4.930711186835940e-01   1.278022186774817e-01  -5.010000000000000e-02
  4.930723322807090e-01   1.278274991885132e-01  -5.010000000000000e-02
  4.930738744502957e-01   1.278531773316590e-01  -5.010000000000000e-02
  4.930754418095119e-01   1.278792748987895e-01  -5.010000000000000e-02
  4.930770347239430e-01   1.279057979771425e-01  -5.009999999999999e-02
  4.930786535628918e-01   1.279327527158542e-01  -5.010000000000000e-02
  4.930802986993589e-01   1.279601453256292e-01  -5.010000000000000e-02
  4.930819705100198e-01   1.279879820783659e-01  -5.010000000000000e-02
  4.930836693752000e-01   1.280162693067369e-01  -5.010000000000000e-02
  4.930853956788473e-01   1.280450134037218e-01  -5.010000000000000e-02
  4.930874693258436e-01   1.280741979758251e-01  -5.010000000000000e-02
  4.930899275148472e-01   1.281038269032115e-01  -5.009999999999999e-02
  4.930924251647495e-01   1.281339314588341e-01  -5.010000000000000e-02
  4.930949628245968e-01   1.281645182604335e-01  -5.010000000000000e-02
  4.930975410481741e-01   1.281955939828625e-01  -5.010000000000000e-02
  4.931001603939395e-01   1.282271653573036e-01  -5.010000000000000e-02
  4.931028214249547e-01   1.282592391704259e-01  -5.010000000000000e-02
  4.931055331832419e-01   1.282918214512214e-01  -5.010000000000000e-02
  4.931091243434121e-01   1.283248397221491e-01  -5.010000000000000e-02
  4.931127722606044e-01   1.283583798352216e-01  -5.010000000000000e-02
  4.931164776941823e-01   1.283924487722727e-01  -5.010000000000000e-02
  4.931202414089713e-01   1.284270535653483e-01  -5.010000000000000e-02
  4.931240641751237e-01   1.284622012954773e-01  -5.010000000000000e-02
  4.931279467679787e-01   1.284978990913734e-01  -5.010000000000000e-02
  4.931323995053443e-01   1.285340918948084e-01  -5.010000000000000e-02
  4.931373744664948e-01   1.285707928744662e-01  -5.010000000000000e-02
  4.931424266775946e-01   1.286080637377340e-01  -5.010000000000000e-02
  4.931475571256750e-01   1.286459117660780e-01  -5.010000000000000e-02
  4.931527668031803e-01   1.286843442808975e-01  -5.010000000000000e-02
  4.931580567077296e-01   1.287233686417684e-01  -5.010000000000000e-02
  4.931642924846085e-01   1.287628633218924e-01  -5.009999999999999e-02
  4.931708124847212e-01   1.288029345570795e-01  -5.010000000000000e-02
  4.931774320158539e-01   1.288436174994520e-01  -5.010000000000000e-02
  4.931841522923782e-01   1.288849196124079e-01  -5.010000000000000e-02
  4.931909745332203e-01   1.289268483873413e-01  -5.009999999999999e-02
  4.931987139489402e-01   1.289692678539225e-01  -5.010000000000001e-02
  4.932068807756022e-01   1.290122721031224e-01  -5.010000000000000e-02
  4.932151703335409e-01   1.290559226212618e-01  -5.010000000000000e-02
  4.932235840555187e-01   1.291002269528713e-01  -5.010000000000001e-02
  4.932322731614502e-01   1.291451621891873e-01  -5.010000000000000e-02
  4.932421236800905e-01   1.291905559609840e-01  -5.010000000000000e-02
  4.932521202317809e-01   1.292366226913524e-01  -5.010000000000000e-02
  4.932622644548843e-01   1.292833699302972e-01  -5.010000000000000e-02
  4.932725579886299e-01   1.293308052318170e-01  -5.010000000000000e-02
  4.932841589158807e-01   1.293786696955807e-01  -5.010000000000000e-02
  4.932959994730906e-01   1.294272172741908e-01  -5.010000000000000e-02
  4.933080123542030e-01   1.294764713996350e-01  -5.009999999999999e-02
  4.933203329443458e-01   1.295264052101179e-01  -5.010000000000000e-02
  4.933339639238395e-01   1.295767687354110e-01  -5.010000000000000e-02
  4.933477909349247e-01   1.296278565550968e-01  -5.010000000000000e-02
  4.933618159794128e-01   1.296796760654367e-01  -5.010000000000000e-02
  4.933767671081537e-01   1.297320285714120e-01  -5.010000000000000e-02
  4.933924931836501e-01   1.297849648773576e-01  -5.010000000000000e-02
  4.934084416223369e-01   1.298386496908300e-01  -5.010000000000000e-02
  4.934249799311360e-01   1.298929768977089e-01  -5.009999999999999e-02
  4.934427029677834e-01   1.299477698122836e-01  -5.010000000000000e-02
  4.934606732323981e-01   1.300033270620662e-01  -5.010000000000001e-02
  4.934791748499855e-01   1.300595608606716e-01  -5.010000000000000e-02
  4.934989793048791e-01   1.301162193925775e-01  -5.010000000000000e-02
  4.935190560956271e-01   1.301736570496739e-01  -5.010000000000000e-02
  4.935398651869949e-01   1.302317147696823e-01  -5.010000000000000e-02
  4.935618460210056e-01   1.302902408544845e-01  -5.010000000000000e-02
  4.935841245789762e-01   1.303495596579669e-01  -5.010000000000000e-02
  4.936075665675087e-01   1.304093423990149e-01  -5.010000000000000e-02
  4.936318105045398e-01   1.304697368965447e-01  -5.009999999999999e-02
  4.936565001271078e-01   1.305308856836476e-01  -5.010000000000000e-02
  4.936827481342974e-01   1.305923351118754e-01  -5.010000000000000e-02
  4.937093421317026e-01   1.306545945406787e-01  -5.010000000000000e-02
  4.937372029656364e-01   1.307172659363283e-01  -5.010000000000000e-02
  4.937658678327642e-01   1.307805598826637e-01  -5.009999999999999e-02
  4.937954207353406e-01   1.308444330071636e-01  -5.010000000000000e-02
  4.938261880284105e-01   1.309087401210489e-01  -5.009999999999999e-02
  4.938576170330113e-01   1.309737383275009e-01  -5.010000000000000e-02
  4.938905208199408e-01   1.310390348394929e-01  -5.010000000000000e-02
  4.939239956181402e-01   1.311050758979558e-01  -5.010000000000000e-02
  4.939590831050674e-01   1.311713295345822e-01  -5.010000000000000e-02
  4.939947678299677e-01   1.312383224008337e-01  -5.010000000000000e-02
  4.940320630201414e-01   1.313055110002423e-01  -5.010000000000000e-02
  4.940700886276201e-01   1.313733713791555e-01  -5.010000000000000e-02
  4.941096217467503e-01   1.314414679499422e-01  -5.010000000000000e-02
  4.941501160806152e-01   1.315101039361116e-01  -5.010000000000000e-02
  4.941919262974356e-01   1.315790741330334e-01  -5.009999999999999e-02
  4.942350061670710e-01   1.316483912219073e-01  -5.010000000000000e-02
  4.942791155798840e-01   1.317182086107365e-01  -5.010000000000000e-02
  4.943248846814834e-01   1.317881115364346e-01  -5.010000000000000e-02
  4.943716294076661e-01   1.318585375133012e-01  -5.010000000000000e-02
  4.944198679842592e-01   1.319291397118181e-01  -5.010000000000000e-02
  4.944694611491759e-01   1.319999946447231e-01  -5.010000000000000e-02
  4.945201809047143e-01   1.320712615140648e-01  -5.010000000000000e-02
  4.945725797652124e-01   1.321425332678813e-01  -5.010000000000000e-02
  4.946262796302207e-01   1.322140672872081e-01  -5.010000000000000e-02
  4.946812227169500e-01   1.322859053381249e-01  -5.010000000000000e-02
  4.947377931098314e-01   1.323577397532465e-01  -5.010000000000000e-02
  4.947958096458850e-01   1.324296909900793e-01  -5.010000000000000e-02
  4.948551630730546e-01   1.325018381952574e-01  -5.009999999999999e-02
  4.949159233227271e-01   1.325741160623966e-01  -5.010000000000000e-02
  4.949784205002766e-01   1.326462232426079e-01  -5.010000000000001e-02
  4.950423227320844e-01   1.327184241791024e-01  -5.010000000000000e-02
  4.951076617849328e-01   1.327906796623191e-01  -5.010000000000000e-02
  4.951744652355855e-01   1.328629512026328e-01  -5.010000000000000e-02
  4.952429027625451e-01   1.329350607902962e-01  -5.010000000000000e-02
  4.953129256309495e-01   1.330070279711774e-01  -5.010000000000000e-02
  4.953844433083817e-01   1.330789199629185e-01  -5.010000000000000e-02
  4.954574766309586e-01   1.331506971835428e-01  -5.010000000000000e-02
  4.955320391669252e-01   1.332223253736077e-01  -5.010000000000000e-02
  4.956081359366903e-01   1.332937770727513e-01  -5.010000000000000e-02
  4.956857939542276e-01   1.333649995375372e-01  -5.010000000000000e-02
  4.957651057104845e-01   1.334358618731436e-01  -5.010000000000000e-02
  4.958459522009029e-01   1.335064672969401e-01  -5.010000000000000e-02
  4.959283398221879e-01   1.335767822971266e-01  -5.010000000000000e-02
  4.960122735108584e-01   1.336467733759011e-01  -5.010000000000000e-02
  4.960977488262941e-01   1.337164169399605e-01  -5.010000000000000e-02
  4.961847571444661e-01   1.337856935888107e-01  -5.010000000000000e-02
  4.962732981704863e-01   1.338545724043531e-01  -5.010000000000000e-02
  4.963633665094169e-01   1.339230281063077e-01  -5.010000000000000e-02
  4.964549523245898e-01   1.339910399027011e-01  -5.010000000000000e-02
  4.965480476679018e-01   1.340585841138510e-01  -5.010000000000000e-02
  4.966426362409339e-01   1.341256474455886e-01  -5.010000000000000e-02
  4.967387110348243e-01   1.341922033172764e-01  -5.010000000000001e-02
  4.968362570193426e-01   1.342582356035023e-01  -5.010000000000000e-02
  4.969352596341518e-01   1.343237271937961e-01  -5.010000000000001e-02
  4.970356996701239e-01   1.343886673998645e-01  -5.010000000000000e-02
  4.971375644044456e-01   1.344530352613926e-01  -5.010000000000000e-02
  4.972408347600776e-01   1.345168192883843e-01  -5.010000000000000e-02
  4.973454892770195e-01   1.345800115085576e-01  -5.010000000000000e-02
  4.974515114464860e-01   1.346425956271645e-01  -5.010000000000000e-02
  4.975588822967716e-01   1.347045589619977e-01  -5.010000000000000e-02
  4.976675772926444e-01   1.347658983118599e-01  -5.010000000000000e-02
  4.977775765933742e-01   1.348266019265708e-01  -5.010000000000000e-02
  4.978888561466115e-01   1.348866657332919e-01  -5.010000000000001e-02
  4.980013944390592e-01   1.349460805627943e-01  -5.010000000000000e-02
  4.981151684597442e-01   1.350048400560838e-01  -5.010000000000000e-02
  4.982301504524151e-01   1.350629469528152e-01  -5.010000000000000e-02
  4.983463206967724e-01   1.351203880521090e-01  -5.010000000000000e-02
  4.984636541377030e-01   1.351771605888367e-01  -5.010000000000000e-02
  4.985821177457300e-01   1.352332785324873e-01  -5.010000000000000e-02
  4.987017102522814e-01   1.352886879433093e-01  -5.010000000000000e-02
  4.988223913713280e-01   1.353434174265203e-01  -5.009999999999999e-02
  4.989441279729061e-01   1.353974817073359e-01  -5.010000000000000e-02
  4.990668937844666e-01   1.354508808188837e-01  -5.010000000000000e-02
  4.991906630442974e-01   1.355036136348327e-01  -5.010000000000000e-02
  4.993154057632385e-01   1.355556888328159e-01  -5.010000000000000e-02
  4.994410987351228e-01   1.356070991275890e-01  -5.010000000000001e-02
  4.995677118897213e-01   1.356578537022940e-01  -5.010000000000000e-02
  4.996952154819339e-01   1.357079612917459e-01  -5.010000000000000e-02
  4.998235837164565e-01   1.357574206829884e-01  -5.010000000000000e-02
  4.999527907516532e-01   1.358062306654064e-01  -5.010000000000000e-02
  5.000828065704868e-01   1.358544009402944e-01  -5.010000000000000e-02
  5.002136035834796e-01   1.359019348197395e-01  -5.010000000000000e-02
  5.003451522156890e-01   1.359488412871898e-01  -5.010000000000000e-02
  5.004774262391569e-01   1.359951198332103e-01  -5.010000000000001e-02
  5.006103988391892e-01   1.360407715822267e-01  -5.010000000000000e-02
  5.007440370177656e-01   1.360858157982152e-01  -5.010000000000000e-02
  5.008783159145676e-01   1.361302477815432e-01  -5.010000000000000e-02
  5.010132077636038e-01   1.361740715172581e-01  -5.010000000000000e-02
  5.011486844328992e-01   1.362172919821514e-01  -5.010000000000000e-02
  5.012847170187778e-01   1.362599167150512e-01  -5.010000000000001e-02
  5.014212770010331e-01   1.363019521699300e-01  -5.010000000000001e-02
  5.015583366413492e-01   1.363434023636024e-01  -5.010000000000000e-02
  5.016958677781988e-01   1.363842727736785e-01  -5.010000000000000e-02
  5.018338428212664e-01   1.364245670294821e-01  -5.010000000000000e-02
  5.019722343423090e-01   1.364642882484393e-01  -5.010000000000000e-02
  5.021110140229730e-01   1.365034427578457e-01  -5.010000000000000e-02
  5.022501555942407e-01   1.365420296904911e-01  -5.009999999999999e-02
  5.023896282332815e-01   1.365800648847390e-01  -5.010000000000000e-02
  5.025294070981881e-01   1.366175424632155e-01  -5.010000000000000e-02
  5.026694664438280e-01   1.366544598487439e-01  -5.010000000000000e-02
  5.028097754526020e-01   1.366908339872202e-01  -5.010000000000000e-02
  5.029503072376891e-01   1.367266671535853e-01  -5.010000000000000e-02
  5.030910365719860e-01   1.367619553898772e-01  -5.010000000000000e-02
  5.032319372022733e-01   1.367966988810167e-01  -5.010000000000000e-02
  5.033729808773022e-01   1.368309063351585e-01  -5.010000000000000e-02
  5.035141403999884e-01   1.368645826189872e-01  -5.010000000000000e-02
  5.036553901654848e-01   1.368977265191543e-01  -5.010000000000001e-02
  5.037967041567936e-01   1.369303388924669e-01  -5.010000000000001e-02
  5.039380565407410e-01   1.369624203394017e-01  -5.010000000000000e-02
  5.040794205411168e-01   1.369939761829275e-01  -5.010000000000000e-02
  5.042207702234733e-01   1.370250087740501e-01  -5.010000000000000e-02
  5.043620811289654e-01   1.370555143930329e-01  -5.010000000000000e-02
  5.045033371251030e-01   1.370854500688042e-01  -5.010000000000000e-02
  5.046445030846566e-01   1.371148625109075e-01  -5.010000000000001e-02
  5.047855535393278e-01   1.371437551109684e-01  -5.010000000000000e-02
  5.049264650831676e-01   1.371721220698087e-01  -5.010000000000000e-02
  5.050672119554790e-01   1.371999703536391e-01  -5.010000000000000e-02
  5.052077691944805e-01   1.372273040978613e-01  -5.010000000000000e-02
  5.053481135004975e-01   1.372541201841025e-01  -5.010000000000000e-02
  5.054882217448327e-01   1.372804157757971e-01  -5.010000000000000e-02
  5.056280693942119e-01   1.373061967497288e-01  -5.010000000000000e-02
  5.057676426999359e-01   1.373314103840257e-01  -5.010000000000000e-02
  5.059069130322099e-01   1.373560859495261e-01  -5.009999999999999e-02
  5.060458538278166e-01   1.373802450154999e-01  -5.010000000000000e-02
  5.061844418869613e-01   1.374038926440137e-01  -5.010000000000000e-02
  5.063226545809014e-01   1.374270325190728e-01  -5.010000000000001e-02
  5.064604701284278e-01   1.374496652652064e-01  -5.010000000000000e-02
  5.065978677307732e-01   1.374717875435535e-01  -5.010000000000000e-02
  5.067348412972871e-01   1.374933027691725e-01  -5.010000000000000e-02
  5.068713540370244e-01   1.375143094757250e-01  -5.010000000000001e-02
  5.070073845349550e-01   1.375348146391322e-01  -5.010000000000000e-02
  5.071429120518678e-01   1.375548234424236e-01  -5.010000000000000e-02
  5.072779165508949e-01   1.375743390647352e-01  -5.010000000000000e-02
  5.074123873137095e-01   1.375933007225058e-01  -5.009999999999999e-02
  5.075463061766258e-01   1.376116980862502e-01  -5.010000000000000e-02
  5.076796434204796e-01   1.376296104605735e-01  -5.010000000000000e-02
  5.078123809492297e-01   1.376470383496097e-01  -5.010000000000001e-02
  5.079445010197361e-01   1.376639830128322e-01  -5.010000000000000e-02
  5.080759974838514e-01   1.376803539648645e-01  -5.010000000000000e-02
  5.082068466388060e-01   1.376961993712944e-01  -5.010000000000000e-02
  5.083370245955814e-01   1.377115792570194e-01  -5.010000000000000e-02
  5.084665148019674e-01   1.377264994052418e-01  -5.010000000000000e-02
  5.085953085348806e-01   1.377408987984218e-01  -5.010000000000000e-02
  5.087233941173439e-01   1.377547378807598e-01  -5.010000000000001e-02
  5.088507439774701e-01   1.377681311356112e-01  -5.010000000000000e-02
  5.089773432011139e-01   1.377810867465066e-01  -5.010000000000000e-02
  5.091031862759314e-01   1.377935208482804e-01  -5.010000000000000e-02
  5.092282599242612e-01   1.378054217441466e-01  -5.010000000000000e-02
  5.093525397974477e-01   1.378169055822350e-01  -5.009999999999999e-02
  5.094760127804519e-01   1.378279826944539e-01  -5.010000000000000e-02
  5.095986825014949e-01   1.378384688626264e-01  -5.009999999999999e-02
  5.097205219674195e-01   1.378485311876754e-01  -5.010000000000000e-02
  5.098415169951232e-01   1.378582094352220e-01  -5.010000000000000e-02
  5.099616659493333e-01   1.378673872400082e-01  -5.010000000000000e-02
  5.100809558734103e-01   1.378760849501384e-01  -5.010000000000000e-02
  5.101993676375710e-01   1.378844282263258e-01  -5.009999999999999e-02
  5.103168978200270e-01   1.378923341767269e-01  -5.010000000000000e-02
  5.104335409698843e-01   1.378997336163329e-01  -5.010000000000000e-02
  5.105492768121771e-01   1.379068062843189e-01  -5.010000000000000e-02
  5.106641030821201e-01   1.379134603093434e-01  -5.010000000000000e-02
  5.107780144938749e-01   1.379196351536924e-01  -5.010000000000000e-02
  5.108909934629865e-01   1.379255178479237e-01  -5.010000000000000e-02
  5.110030407961318e-01   1.379309626849647e-01  -5.010000000000000e-02
  5.111141477093013e-01   1.379359959368740e-01  -5.010000000000000e-02
  5.112243015229074e-01   1.379407711277884e-01  -5.010000000000000e-02
  5.113335066537904e-01   1.379450449122052e-01  -5.010000000000000e-02
  5.114417487947410e-01   1.379490233545842e-01  -5.010000000000000e-02
  5.115490238885936e-01   1.379527042133405e-01  -5.010000000000000e-02
  5.116553321169057e-01   1.379559250467211e-01  -5.010000000000000e-02
  5.117606612736233e-01   1.379589475782627e-01  -5.010000000000000e-02
  5.118650145239861e-01   1.379615324535835e-01  -5.010000000000000e-02
  5.119683834368169e-01   1.379638501866870e-01  -5.009999999999999e-02
  5.120707657052521e-01   1.379659024699841e-01  -5.010000000000000e-02
  5.121721606013859e-01   1.379675556543441e-01  -5.010000000000000e-02
  5.122725618732051e-01   1.379690730729416e-01  -5.010000000000000e-02
  5.123719721708755e-01   1.379701125182063e-01  -5.010000000000000e-02
  5.124703855116715e-01   1.379710306047345e-01  -5.010000000000000e-02
  5.125678033399326e-01   1.379715807392967e-01  -5.010000000000000e-02
  5.126642231429153e-01   1.379719362901882e-01  -5.010000000000000e-02
  5.127596452715727e-01   1.379720224404002e-01  -5.010000000000000e-02
  5.128540689019262e-01   1.379718592108596e-01  -5.010000000000000e-02
  5.129474948401717e-01   1.379715009744888e-01  -5.010000000000000e-02
  5.130399225867419e-01   1.379708547108307e-01  -5.010000000000000e-02
  5.131313543708184e-01   1.379700664169637e-01  -5.010000000000000e-02
  5.132217893929235e-01   1.379689815022936e-01  -5.009999999999999e-02
  5.133112316510440e-01   1.379677927669827e-01  -5.010000000000000e-02
  5.133996797989895e-01   1.379663108468245e-01  -5.010000000000000e-02
  5.134871394596199e-01   1.379647405405408e-01  -5.010000000000000e-02
  5.135736091172618e-01   1.379628993054897e-01  -5.009999999999999e-02
  5.136590953339874e-01   1.379609660550889e-01  -5.010000000000000e-02
  5.137435973947586e-01   1.379588057934701e-01  -5.010000000000000e-02
  5.138271215570125e-01   1.379565326437552e-01  -5.010000000000000e-02
  5.139096691839623e-01   1.379540910450391e-01  -5.010000000000000e-02
  5.139912445800038e-01   1.379514958185674e-01  -5.010000000000000e-02
  5.140718532530441e-01   1.379488132839655e-01  -5.010000000000000e-02
  5.141514955398572e-01   1.379459272075009e-01  -5.010000000000000e-02
  5.142301828251126e-01   1.379430442409896e-01  -5.010000000000000e-02
  5.143079088216171e-01   1.379398791462095e-01  -5.010000000000000e-02
  5.143846907410715e-01   1.379367524953667e-01  -5.010000000000000e-02
  5.144605225396776e-01   1.379334055292919e-01  -5.010000000000000e-02
  5.145354176219490e-01   1.379300287324888e-01  -5.010000000000000e-02
  5.146093784345229e-01   1.379265661110690e-01  -5.010000000000001e-02
  5.146824079480084e-01   1.379229628024890e-01  -5.010000000000000e-02
  5.147545206553038e-01   1.379194047295329e-01  -5.010000000000000e-02
  5.148257074977503e-01   1.379156019573795e-01  -5.010000000000000e-02
  5.148959889305189e-01   1.379118352606908e-01  -5.010000000000000e-02
  5.149653648845782e-01   1.379079940225877e-01  -5.010000000000000e-02
  5.150338395378680e-01   1.379040406803762e-01  -5.010000000000000e-02
  5.151014283683787e-01   1.379001384806009e-01  -5.010000000000000e-02
  5.151681248564040e-01   1.378960693656525e-01  -5.010000000000000e-02
  5.152339458320134e-01   1.378920042456578e-01  -5.009999999999999e-02
  5.152988992938354e-01   1.378879662259231e-01  -5.010000000000000e-02
  5.153629794742051e-01   1.378837577070665e-01  -5.010000000000000e-02
  5.154262077177161e-01   1.378796051398679e-01  -5.010000000000000e-02
  5.154885863554329e-01   1.378754393660893e-01  -5.010000000000000e-02
  5.155501159881456e-01   1.378711644143184e-01  -5.010000000000000e-02
  5.156108150558245e-01   1.378669471684902e-01  -5.010000000000000e-02
  5.156706849243717e-01   1.378627053669571e-01  -5.010000000000000e-02
  5.157297288111112e-01   1.378583817719988e-01  -5.010000000000000e-02
  5.157879641390412e-01   1.378541173852157e-01  -5.010000000000000e-02
  5.158453934847952e-01   1.378498476163370e-01  -5.010000000000000e-02
  5.159020190037575e-01   1.378455015752169e-01  -5.010000000000000e-02
  5.159578584573954e-01   1.378412158650622e-01  -5.010000000000000e-02
  5.160129173857120e-01   1.378369647171791e-01  -5.010000000000000e-02
  5.160671928579530e-01   1.378326139169490e-01  -5.009999999999999e-02
  5.161207051245855e-01   1.378283242963825e-01  -5.010000000000000e-02
  5.161734617988724e-01   1.378240952451896e-01  -5.009999999999999e-02
  5.162254593885917e-01   1.378197900995261e-01  -5.010000000000000e-02
  5.162767140933551e-01   1.378155126499469e-01  -5.010000000000000e-02
  5.163272363734630e-01   1.378112963246985e-01  -5.010000000000000e-02
  5.163770299402336e-01   1.378070937471386e-01  -5.010000000000000e-02
  5.164260972007169e-01   1.378028420945936e-01  -5.009999999999999e-02
  5.164744553111922e-01   1.377986518895272e-01  -5.010000000000001e-02
  5.165221119734856e-01   1.377945224645801e-01  -5.010000000000000e-02
  5.165690677016811e-01   1.377903715752650e-01  -5.010000000000000e-02
  5.166153328381731e-01   1.377862285834962e-01  -5.010000000000000e-02
  5.166609197859593e-01   1.377821463227754e-01  -5.010000000000000e-02
  5.167058362226582e-01   1.377781241055804e-01  -5.010000000000000e-02
  5.167500819983982e-01   1.377740753249106e-01  -5.010000000000000e-02
  5.167936693731131e-01   1.377700499960493e-01  -5.010000000000000e-02
  5.168366093440016e-01   1.377660844554483e-01  -5.009999999999999e-02
  5.168789095183252e-01   1.377621780005710e-01  -5.010000000000000e-02
  5.169205718884107e-01   1.377582702338316e-01  -5.010000000000000e-02
  5.169616051997499e-01   1.377543731383690e-01  -5.010000000000001e-02
  5.170020215357691e-01   1.377505346394867e-01  -5.010000000000000e-02
  5.170418283937045e-01   1.377467540251425e-01  -5.010000000000000e-02
  5.170810321079347e-01   1.377430188335165e-01  -5.010000000000000e-02
  5.171196335457160e-01   1.377392601188062e-01  -5.010000000000000e-02
  5.171576479280203e-01   1.377355585670977e-01  -5.010000000000000e-02
  5.171950826084270e-01   1.377319134623553e-01  -5.010000000000001e-02
  5.172319449004064e-01   1.377283240924488e-01  -5.010000000000000e-02
  5.172682390887624e-01   1.377247594234974e-01  -5.010000000000000e-02
  5.173039705636369e-01   1.377212000889506e-01  -5.009999999999999e-02
  5.173391514537863e-01   1.377176956000333e-01  -5.010000000000000e-02
  5.173737888946499e-01   1.377142452459599e-01  -5.010000000000000e-02
  5.174078899739374e-01   1.377108483206995e-01  -5.010000000000000e-02
  5.174414600487380e-01   1.377074874106369e-01  -5.010000000000000e-02
  5.174745028502239e-01   1.377041294475055e-01  -5.010000000000000e-02
  5.175070303574805e-01   1.377008238509697e-01  -5.010000000000000e-02
  5.175390494536187e-01   1.376975699215359e-01  -5.010000000000000e-02
  5.175705669682214e-01   1.376943669651499e-01  -5.010000000000000e-02
  5.176015896763797e-01   1.376912142932956e-01  -5.010000000000000e-02
  5.176321204657560e-01   1.376880738530869e-01  -5.010000000000000e-02
  5.176621680616986e-01   1.376849650748152e-01  -5.010000000000000e-02
  5.176917409293229e-01   1.376819054127884e-01  -5.010000000000000e-02
  5.177208456161186e-01   1.376788941895915e-01  -5.010000000000000e-02
  5.177494886111757e-01   1.376759307338515e-01  -5.010000000000000e-02
  5.177776763445677e-01   1.376730143803014e-01  -5.010000000000000e-02
  5.178054127968873e-01   1.376701215380787e-01  -5.010000000000000e-02
  5.178327048023792e-01   1.376672565807467e-01  -5.009999999999999e-02
  5.178595605449680e-01   1.376644374197781e-01  -5.010000000000000e-02
  5.178859862125482e-01   1.376616634056034e-01  -5.010000000000000e-02
  5.179119879316724e-01   1.376589338950927e-01  -5.010000000000001e-02
  5.179375717672219e-01   1.376562482515894e-01  -5.010000000000000e-02
  5.179627437221208e-01   1.376536058449414e-01  -5.010000000000000e-02
  5.179875070940189e-01   1.376509810327180e-01  -5.010000000000000e-02
  5.180118696403775e-01   1.376483909854996e-01  -5.010000000000000e-02
  5.180358379959847e-01   1.376458428457505e-01  -5.010000000000000e-02
  5.180594179130681e-01   1.376433360019357e-01  -5.010000000000000e-02
  5.180826150810629e-01   1.376408698491965e-01  -5.010000000000000e-02
  5.181054351265512e-01   1.376384437893558e-01  -5.010000000000000e-02
  5.181278836132339e-01   1.376360572309217e-01  -5.010000000000000e-02
  5.181499657239139e-01   1.376337066126169e-01  -5.010000000000000e-02
  5.181716850906570e-01   1.376313744540975e-01  -5.009999999999999e-02
  5.181930492525315e-01   1.376290804363798e-01  -5.010000000000000e-02
  5.182140635214483e-01   1.376268239890873e-01  -5.009999999999999e-02
  5.182347331467534e-01   1.376246045485614e-01  -5.010000000000000e-02
  5.182550633153704e-01   1.376224215578461e-01  -5.010000000000000e-02
  5.182750591519689e-01   1.376202744666704e-01  -5.010000000000000e-02
  5.182947257191560e-01   1.376181627314272e-01  -5.009999999999999e-02
  5.183140680176896e-01   1.376160858151504e-01  -5.010000000000000e-02
  5.183330903269009e-01   1.376140370664335e-01  -5.010000000000000e-02
  5.183517971814288e-01   1.376120127781537e-01  -5.010000000000000e-02
  5.183701944284560e-01   1.376100219928251e-01  -5.010000000000000e-02
  5.183882868234732e-01   1.376080641958511e-01  -5.010000000000001e-02
  5.184060790614981e-01   1.376061388791790e-01  -5.010000000000000e-02
  5.184235757774034e-01   1.376042455412643e-01  -5.010000000000000e-02
  5.184407815462608e-01   1.376023836870337e-01  -5.010000000000000e-02
  5.184577008836993e-01   1.376005528278463e-01  -5.009999999999999e-02
  5.184743382462784e-01   1.375987524814532e-01  -5.010000000000000e-02
  5.184906980318750e-01   1.375969821719555e-01  -5.010000000000000e-02
  5.185067844408042e-01   1.375952401456595e-01  -5.010000000000000e-02
  5.185226011785932e-01   1.375935206268935e-01  -5.010000000000000e-02
  5.185381531992878e-01   1.375918298868818e-01  -5.010000000000000e-02
  5.185534446699150e-01   1.375901674726056e-01  -5.010000000000000e-02
  5.185684797009301e-01   1.375885329371962e-01  -5.009999999999999e-02
  5.185832623466682e-01   1.375869258398859e-01  -5.010000000000000e-02
  5.185977966058053e-01   1.375853457459582e-01  -5.010000000000000e-02
  5.186120864218264e-01   1.375837922266966e-01  -5.010000000000000e-02
  5.186261356835014e-01   1.375822648593329e-01  -5.010000000000001e-02
  5.186399482253680e-01   1.375807632269949e-01  -5.010000000000001e-02
  5.186535278282207e-01   1.375792869186529e-01  -5.010000000000000e-02
  5.186668782196057e-01   1.375778355290664e-01  -5.010000000000000e-02
  5.186800030743205e-01   1.375764086587291e-01  -5.010000000000000e-02
  5.186929056475573e-01   1.375750025399032e-01  -5.010000000000000e-02
  5.187055897861622e-01   1.375736193194560e-01  -5.010000000000000e-02
  5.187180591088378e-01   1.375722595249422e-01  -5.010000000000000e-02
  5.187303170843525e-01   1.375709227780885e-01  -5.010000000000000e-02
  5.187423671312905e-01   1.375696087060941e-01  -5.010000000000000e-02
  5.187542126185746e-01   1.375683169415739e-01  -5.010000000000000e-02
  5.187658568659902e-01   1.375670471225016e-01  -5.010000000000000e-02
  5.187773031447112e-01   1.375657988921515e-01  -5.010000000000000e-02
  5.187885546778277e-01   1.375645718990420e-01  -5.010000000000000e-02
  5.187996146408747e-01   1.375633657968770e-01  -5.010000000000000e-02
  5.188104861623614e-01   1.375621802444891e-01  -5.010000000000000e-02
  5.188211723243013e-01   1.375610149057809e-01  -5.010000000000000e-02
  5.188316761627423e-01   1.375598694496676e-01  -5.010000000000000e-02
  5.188420006682973e-01   1.375587435500196e-01  -5.009999999999999e-02
  5.188521487866732e-01   1.375576368856039e-01  -5.010000000000000e-02
  5.188621234209455e-01   1.375565491560338e-01  -5.010000000000000e-02
  5.188719274455683e-01   1.375554802053438e-01  -5.010000000000001e-02
  5.188815636556347e-01   1.375544295517809e-01  -5.010000000000000e-02
  5.188910348225155e-01   1.375533968931778e-01  -5.010000000000000e-02
  5.189003436753102e-01   1.375523819319754e-01  -5.010000000000000e-02
  5.189094929013693e-01   1.375513843751673e-01  -5.010000000000001e-02
  5.189184851468147e-01   1.375504039342420e-01  -5.010000000000001e-02
  5.189273230170578e-01   1.375494403251265e-01  -5.010000000000001e-02
  5.189360090773155e-01   1.375484932681306e-01  -5.010000000000000e-02
  5.189445458531241e-01   1.375475624878906e-01  -5.010000000000000e-02
  5.189529358308495e-01   1.375466477133135e-01  -5.010000000000000e-02
  5.189611814581949e-01   1.375457486775215e-01  -5.010000000000000e-02
  5.189692851447069e-01   1.375448651177976e-01  -5.010000000000000e-02
  5.189772492622763e-01   1.375439967755302e-01  -5.009999999999999e-02
  5.189850761456371e-01   1.375431433961588e-01  -5.010000000000000e-02
  5.189927680928619e-01   1.375423047291205e-01  -5.010000000000001e-02
  5.190003273658539e-01   1.375414805277959e-01  -5.010000000000000e-02
  5.190077561908350e-01   1.375406705494558e-01  -5.010000000000001e-02
  5.190150567588303e-01   1.375398745552089e-01  -5.009999999999999e-02
  5.190222312261493e-01   1.375390923099488e-01  -5.010000000000000e-02
  5.190292817148631e-01   1.375383235823021e-01  -5.010000000000000e-02
  5.190362103132766e-01   1.375375681445773e-01  -5.010000000000000e-02
  5.190430090381885e-01   1.375367434134304e-01  -5.010000000000000e-02
  5.190496793341081e-01   1.375358444288564e-01  -5.009999999999999e-02
  5.190562283889186e-01   1.375349248886115e-01  -5.010000000000000e-02
  5.190626192288219e-01   1.375337410984066e-01  -5.010000000000000e-02
  5.190688993497709e-01   1.375325778169323e-01  -5.010000000000000e-02
  5.190750294453939e-01   1.375312400353786e-01  -5.010000000000000e-02
  5.190810290824910e-01   1.375298111845463e-01  -5.010000000000000e-02
  5.190869233241241e-01   1.375284021046946e-01  -5.010000000000000e-02
  5.190926374609910e-01   1.375267245259514e-01  -5.010000000000000e-02
  5.190982524118092e-01   1.375250760666380e-01  -5.010000000000000e-02
  5.191037442621175e-01   1.375233768618901e-01  -5.010000000000000e-02
  5.191090741172757e-01   1.375215006966597e-01  -5.010000000000000e-02
  5.191143113572531e-01   1.375196571329498e-01  -5.010000000000000e-02
  5.191194146195084e-01   1.375177336838331e-01  -5.010000000000000e-02
  5.191243643931954e-01   1.375156748988289e-01  -5.010000000000000e-02
  5.191292280685880e-01   1.375136519251342e-01  -5.010000000000000e-02
  5.191339609910934e-01   1.375115618155975e-01  -5.010000000000000e-02
  5.191385344820125e-01   1.375093371321233e-01  -5.010000000000000e-02
  5.191430283429985e-01   1.375071511830425e-01  -5.010000000000000e-02
  5.191474175538692e-01   1.375049530292299e-01  -5.009999999999999e-02
  5.191516194255639e-01   1.375025818863154e-01  -5.010000000000000e-02
  5.191557480706812e-01   1.375002520656242e-01  -5.009999999999999e-02
  5.191598047441738e-01   1.374979628589785e-01  -5.010000000000000e-02
  5.191636615625102e-01   1.374955011388913e-01  -5.009999999999999e-02
  5.191674267331398e-01   1.374930422519495e-01  -5.010000000000000e-02
  5.191711262123872e-01   1.374906262655022e-01  -5.009999999999999e-02
  5.191747092085352e-01   1.374881786862986e-01  -5.010000000000000e-02
  5.191781096033157e-01   1.374856032875383e-01  -5.010000000000001e-02
  5.191814506230805e-01   1.374830728583627e-01  -5.010000000000000e-02
  5.191847332894397e-01   1.374805866250229e-01  -5.010000000000000e-02
  5.191878579391277e-01   1.374780204669874e-01  -5.010000000000000e-02
  5.191908447525879e-01   1.374753971550802e-01  -5.010000000000000e-02
  5.191937793598922e-01   1.374728196957287e-01  -5.009999999999999e-02
  5.191966626611450e-01   1.374702872983731e-01  -5.009999999999999e-02
  5.191993851203507e-01   1.374676829737959e-01  -5.009999999999999e-02
  5.192019686682650e-01   1.374650281228113e-01  -5.010000000000001e-02
  5.192045070161165e-01   1.374624197193613e-01  -5.010000000000000e-02
  5.192070009447007e-01   1.374598569611014e-01  -5.009999999999999e-02
  5.192093970687832e-01   1.374572904867317e-01  -5.010000000000000e-02
  5.192115955453521e-01   1.374546292895153e-01  -5.009999999999999e-02
  5.192137555250853e-01   1.374520146916913e-01  -5.010000000000000e-02
  5.192158776741636e-01   1.374494458868655e-01  -5.009999999999999e-02
  5.192179626475164e-01   1.374469220822631e-01  -5.010000000000000e-02
  5.192198752705080e-01   1.374443398437368e-01  -5.010000000000000e-02
  5.192216698241289e-01   1.374417389535227e-01  -5.010000000000000e-02
  5.192234329220942e-01   1.374391836527554e-01  -5.010000000000000e-02
  5.192251651098494e-01   1.374366731509074e-01  -5.010000000000000e-02
  5.192268669235893e-01   1.374342066708587e-01  -5.010000000000000e-02
  5.192284172217763e-01   1.374317073776896e-01  -5.009999999999999e-02
  5.192298382195785e-01   1.374291880861022e-01  -5.010000000000000e-02
  5.192312342865204e-01   1.374267129945174e-01  -5.010000000000000e-02
  5.192326058557126e-01   1.374242813350720e-01  -5.010000000000001e-02
  5.192339533528916e-01   1.374218923529768e-01  -5.010000000000000e-02
  5.192352771965396e-01   1.374195453063025e-01  -5.010000000000000e-02
  5.192363797357595e-01   1.374171394127126e-01  -5.010000000000000e-02
  5.192374449420232e-01   1.374147666860887e-01  -5.010000000000001e-02
  5.192384914408466e-01   1.374124356299311e-01  -5.010000000000000e-02
  5.192395195578820e-01   1.374101455188553e-01  -5.010000000000000e-02
  5.192405296132140e-01   1.374078956398790e-01  -5.010000000000001e-02
  5.192415219214515e-01   1.374056852922172e-01  -5.010000000000000e-02
  5.192423755336380e-01   1.374034661573819e-01  -5.009999999999999e-02
  5.192431257488874e-01   1.374012513043456e-01  -5.010000000000000e-02
  5.192438627767453e-01   1.373990753843150e-01  -5.010000000000000e-02
  5.192445868471893e-01   1.373969377183282e-01  -5.010000000000000e-02
  5.192452981862514e-01   1.373948376390743e-01  -5.010000000000000e-02
  5.192459970160820e-01   1.373927744907005e-01  -5.010000000000000e-02
  5.192466835550150e-01   1.373907476286215e-01  -5.010000000000000e-02
  5.192473067686313e-01   1.373887417221769e-01  -5.010000000000000e-02
  5.192477815975707e-01   1.373867316950090e-01  -5.010000000000000e-02
  5.192482480720611e-01   1.373847570335651e-01  -5.010000000000000e-02
  5.192487063380723e-01   1.373828171199319e-01  -5.010000000000000e-02
  5.192491565390596e-01   1.373809113468409e-01  -5.010000000000000e-02
  5.192495988160055e-01   1.373790391174897e-01  -5.010000000000000e-02
  5.192500333074617e-01   1.373771998453671e-01  -5.010000000000000e-02
  5.192504601495892e-01   1.373753929540808e-01  -5.009999999999999e-02
  5.192508794761993e-01   1.373736178771873e-01  -5.010000000000000e-02
  5.192511899137335e-01   1.373718550341439e-01  -5.010000000000000e-02
  5.192514330359351e-01   1.373701116453568e-01  -5.010000000000000e-02
  5.192516718760086e-01   1.373683989629967e-01  -5.010000000000001e-02
  5.192519065089285e-01   1.373667164494332e-01  -5.010000000000001e-02
  5.192521370083726e-01   1.373650635763366e-01  -5.010000000000000e-02
  5.192523634467431e-01   1.373634398245214e-01  -5.010000000000000e-02
  5.192525858951889e-01   1.373618446837917e-01  -5.010000000000000e-02
  5.192528044236262e-01   1.373602776527890e-01  -5.009999999999999e-02
  5.192530191007598e-01   1.373587382388430e-01  -5.010000000000000e-02
  5.192532299941034e-01   1.373572259578245e-01  -5.010000000000000e-02
  5.192534371699999e-01   1.373557403340000e-01  -5.010000000000000e-02
