686
  4.933047279800000e-01   1.263344730600000e-01  -5.010000000000000e-02
  4.933035329700712e-01   1.263353796752824e-01  -5.009999999999999e-02
  4.933023172036968e-01   1.263363020378072e-01  -5.010000000000000e-02
  4.933010803223648e-01   1.263372404195655e-01  -5.010000000000000e-02
  4.932998219614421e-01   1.263381950971928e-01  -5.010000000000000e-02
  4.932985417500716e-01   1.263391663520463e-01  -5.010000000000000e-02
  4.932972393110692e-01   1.263401544702834e-01  -5.010000000000000e-02
  4.932959142608178e-01   1.263411597429418e-01  -5.010000000000000e-02
  4.932945662091611e-01   1.263421824660205e-01  -5.010000000000000e-02
  4.932931947592945e-01   1.263432229405624e-01  -5.010000000000000e-02
  4.932917995076548e-01   1.263442814727377e-01  -5.010000000000000e-02
  4.932903800438085e-01   1.263453583739291e-01  -5.010000000000000e-02
  4.932891772386868e-01   1.263466997466401e-01  -5.010000000000000e-02
  4.932880357051994e-01   1.263481480619556e-01  -5.010000000000000e-02
  4.932868743690844e-01   1.263496215017630e-01  -5.010000000000000e-02
  4.932856928891810e-01   1.263511204989084e-01  -5.010000000000001e-02
  4.932844909185342e-01   1.263526454935894e-01  -5.010000000000000e-02
  4.932832681042988e-01   1.263541969334768e-01  -5.010000000000000e-02
  4.932820240876427e-01   1.263557752738371e-01  -5.010000000000000e-02
  4.932807585036481e-01   1.263573809776581e-01  -5.010000000000000e-02
  4.932794709812117e-01   1.263590145157753e-01  -5.010000000000000e-02
  4.932781611429434e-01   1.263606763670005e-01  -5.010000000000000e-02
  4.932768286050632e-01   1.263623670182531e-01  -5.010000000000000e-02
  4.932757224386922e-01   1.263642509174449e-01  -5.010000000000000e-02
  4.932746633566933e-01   1.263662109966092e-01  -5.010000000000000e-02
  4.932735859282587e-01   1.263682050301476e-01  -5.010000000000000e-02
  4.932724898382226e-01   1.263702336013481e-01  -5.009999999999999e-02
  4.932713747660982e-01   1.263722973033468e-01  -5.010000000000000e-02
  4.932702403859905e-01   1.263743967392882e-01  -5.010000000000000e-02
  4.932690863665096e-01   1.263765325224876e-01  -5.010000000000000e-02
  4.932679123706799e-01   1.263787052765964e-01  -5.010000000000001e-02
  4.932667180558513e-01   1.263809156357693e-01  -5.010000000000000e-02
  4.932655030736062e-01   1.263831642448347e-01  -5.010000000000000e-02
  4.932642717723140e-01   1.263854539525626e-01  -5.010000000000000e-02
  4.932632971673200e-01   1.263879129152980e-01  -5.009999999999999e-02
  4.932623057051979e-01   1.263904144091619e-01  -5.010000000000000e-02
  4.932612970972741e-01   1.263929591624874e-01  -5.010000000000000e-02
  4.932602710500331e-01   1.263955479158243e-01  -5.010000000000000e-02
  4.932592272650400e-01   1.263981814221349e-01  -5.010000000000000e-02
  4.932581654388611e-01   1.264008604469926e-01  -5.010000000000000e-02
  4.932570852629846e-01   1.264035857687839e-01  -5.010000000000000e-02
  4.932559864237394e-01   1.264063581789123e-01  -5.010000000000000e-02
  4.932548686022122e-01   1.264091784820063e-01  -5.010000000000000e-02
  4.932537314741656e-01   1.264120474961293e-01  -5.010000000000001e-02
  4.932527128652663e-01   1.264150142158023e-01  -5.010000000000000e-02
  4.932517888576083e-01   1.264180712653318e-01  -5.010000000000000e-02
  4.932508489003386e-01   1.264211810836379e-01  -5.010000000000001e-02
  4.932498927214571e-01   1.264243445706224e-01  -5.010000000000001e-02
  4.932489200444421e-01   1.264275626411501e-01  -5.010000000000000e-02
  4.932479305881774e-01   1.264308362252840e-01  -5.010000000000000e-02
  4.932469240668812e-01   1.264341662685239e-01  -5.010000000000000e-02
  4.932459001900329e-01   1.264375537320482e-01  -5.010000000000000e-02
  4.932448586622987e-01   1.264409995929591e-01  -5.010000000000001e-02
  4.932437991834568e-01   1.264445048445306e-01  -5.010000000000000e-02
  4.932428414951411e-01   1.264481027311581e-01  -5.010000000000000e-02
  4.932419734680656e-01   1.264517911055914e-01  -5.010000000000000e-02
  4.932410904907508e-01   1.264555430057854e-01  -5.010000000000000e-02
  4.932401923093965e-01   1.264593595101750e-01  -5.009999999999999e-02
  4.932392786660228e-01   1.264632417149543e-01  -5.010000000000000e-02
  4.932383492984059e-01   1.264671907343501e-01  -5.010000000000000e-02
  4.932374039400134e-01   1.264712077008984e-01  -5.010000000000000e-02
  4.932364423199378e-01   1.264752937657249e-01  -5.010000000000000e-02
  4.932354641628299e-01   1.264794500988282e-01  -5.010000000000000e-02
  4.932344770861189e-01   1.264836795503706e-01  -5.010000000000000e-02
  4.932336710538221e-01   1.264880233430986e-01  -5.010000000000000e-02
  4.932328511715360e-01   1.264924417748737e-01  -5.009999999999999e-02
  4.932320172052735e-01   1.264969361066779e-01  -5.009999999999999e-02
  4.932311689172335e-01   1.265015076200451e-01  -5.010000000000000e-02
  4.932303060657445e-01   1.265061576173688e-01  -5.010000000000000e-02
  4.932294284052063e-01   1.265108874222149e-01  -5.010000000000000e-02
  4.932285356860312e-01   1.265156983796371e-01  -5.010000000000000e-02
  4.932276276545850e-01   1.265205918564972e-01  -5.010000000000000e-02
  4.932267234609153e-01   1.265255724607910e-01  -5.010000000000000e-02
  4.932259781394431e-01   1.265306673616375e-01  -5.010000000000000e-02
  4.932252200462003e-01   1.265358495683082e-01  -5.010000000000000e-02
  4.932244489666366e-01   1.265411205474344e-01  -5.010000000000001e-02
  4.932236646827478e-01   1.265464817892587e-01  -5.010000000000000e-02
  4.932228669730254e-01   1.265519348079783e-01  -5.010000000000000e-02
  4.932220556124057e-01   1.265574811420940e-01  -5.010000000000000e-02
  4.932212303722183e-01   1.265631223547604e-01  -5.010000000000000e-02
  4.932203910201343e-01   1.265688600341423e-01  -5.010000000000000e-02
  4.932196681055289e-01   1.265747128759077e-01  -5.010000000000000e-02
  4.932189827833141e-01   1.265806722525339e-01  -5.010000000000000e-02
  4.932182857549999e-01   1.265867334222329e-01  -5.010000000000001e-02
  4.932175768252447e-01   1.265928980836462e-01  -5.010000000000000e-02
  4.932168557956069e-01   1.265991679623647e-01  -5.010000000000000e-02
  4.932161224645029e-01   1.266055448113068e-01  -5.010000000000000e-02
  4.932153766271621e-01   1.266120304111012e-01  -5.010000000000000e-02
  4.932146180755831e-01   1.266186265704721e-01  -5.010000000000000e-02
  4.932140037742423e-01   1.266253511258384e-01  -5.009999999999999e-02
  4.932133975285977e-01   1.266321921016377e-01  -5.009999999999999e-02
  4.932127809616441e-01   1.266391495447882e-01  -5.010000000000000e-02
  4.932121539023316e-01   1.266462253854463e-01  -5.010000000000000e-02
  4.932115161769379e-01   1.266534215839241e-01  -5.010000000000000e-02
  4.932108676090320e-01   1.266607401310962e-01  -5.010000000000001e-02
  4.932102080194383e-01   1.266681830488105e-01  -5.010000000000000e-02
  4.932096345961562e-01   1.266757599376477e-01  -5.010000000000000e-02
  4.932091224038829e-01   1.266834709641798e-01  -5.010000000000000e-02
  4.932086015201358e-01   1.266913128403724e-01  -5.010000000000000e-02
  4.932080718018668e-01   1.266992877198081e-01  -5.010000000000000e-02
  4.932075331038272e-01   1.267073977891946e-01  -5.009999999999999e-02
  4.932069852785399e-01   1.267156452687939e-01  -5.010000000000000e-02
  4.932064281762703e-01   1.267240324128527e-01  -5.010000000000000e-02
  4.932059837727227e-01   1.267325684565119e-01  -5.010000000000000e-02
  4.932055726916328e-01   1.267412512172447e-01  -5.010000000000000e-02
  4.932051546606450e-01   1.267500807721322e-01  -5.010000000000000e-02
  4.932047295662679e-01   1.267590595183105e-01  -5.010000000000000e-02
  4.932042972932959e-01   1.267681898891294e-01  -5.010000000000001e-02
  4.932038577247875e-01   1.267774743545977e-01  -5.010000000000000e-02
  4.932034707417417e-01   1.267869177521475e-01  -5.010000000000000e-02
  4.932031792907969e-01   1.267965242991221e-01  -5.010000000000000e-02
  4.932028829299512e-01   1.268062926818874e-01  -5.010000000000000e-02
  4.932025815796304e-01   1.268162255232935e-01  -5.010000000000000e-02
  4.932022751590794e-01   1.268263254851201e-01  -5.010000000000000e-02
  4.932019635863483e-01   1.268365952685296e-01  -5.010000000000000e-02
  4.932017128093896e-01   1.268470391134534e-01  -5.010000000000000e-02
  4.932015528018499e-01   1.268576604835092e-01  -5.010000000000000e-02
  4.932013901093675e-01   1.268684600812204e-01  -5.010000000000000e-02
  4.932012246887941e-01   1.268794407708097e-01  -5.010000000000000e-02
  4.932010564963531e-01   1.268906054581664e-01  -5.009999999999999e-02
  4.932008854876339e-01   1.269019570912999e-01  -5.010000000000000e-02
  4.932008455326722e-01   1.269134997552093e-01  -5.010000000000000e-02
  4.932008304987426e-01   1.269252356165101e-01  -5.010000000000000e-02
  4.932008152136436e-01   1.269371675469464e-01  -5.010000000000000e-02
  4.932007996733766e-01   1.269492986678792e-01  -5.010000000000000e-02
  4.932007838738862e-01   1.269616321450474e-01  -5.010000000000000e-02
  4.932008704956927e-01   1.269741706563917e-01  -5.010000000000000e-02
  4.932010190669374e-01   1.269869176676446e-01  -5.009999999999999e-02
  4.932011701104037e-01   1.269998767888244e-01  -5.010000000000000e-02
  4.932013236651073e-01   1.270130513673839e-01  -5.010000000000000e-02
  4.932014797706070e-01   1.270264447973496e-01  -5.010000000000000e-02
  4.932017627540870e-01   1.270400583237542e-01  -5.010000000000000e-02
  4.932020904981763e-01   1.270538968866851e-01  -5.010000000000000e-02
  4.932024236721208e-01   1.270679647181031e-01  -5.010000000000000e-02
  4.932027623607972e-01   1.270822654018183e-01  -5.010000000000000e-02
  4.932031404073443e-01   1.270968015741459e-01  -5.010000000000000e-02
  4.932036624276165e-01   1.271115738320265e-01  -5.010000000000000e-02
  4.932041930637421e-01   1.271265899034384e-01  -5.010000000000000e-02
  4.932047324492827e-01   1.271418535679487e-01  -5.010000000000000e-02
  4.932052807195752e-01   1.271573686553474e-01  -5.010000000000000e-02
  4.932060021320766e-01   1.271731323296474e-01  -5.010000000000000e-02
  4.932067473557689e-01   1.271891546390318e-01  -5.010000000000000e-02
  4.932075048165390e-01   1.272054400455885e-01  -5.010000000000000e-02
  4.932082747019452e-01   1.272219925818229e-01  -5.010000000000000e-02
  4.932091453287036e-01   1.272388119883866e-01  -5.010000000000000e-02
  4.932100354486963e-01   1.272559064163533e-01  -5.010000000000001e-02
  4.932109401205942e-01   1.272732803083221e-01  -5.010000000000000e-02
  4.932118595652401e-01   1.272909379054988e-01  -5.010000000000000e-02
  4.932127940062475e-01   1.273088835022984e-01  -5.010000000000000e-02
  4.932137436700151e-01   1.273271214466239e-01  -5.010000000000000e-02
  4.932147087857406e-01   1.273456561401298e-01  -5.010000000000000e-02
  4.932156895854331e-01   1.273644920384719e-01  -5.010000000000000e-02
  4.932166863039262e-01   1.273836336515407e-01  -5.010000000000001e-02
  4.932176991788888e-01   1.274030855436794e-01  -5.010000000000001e-02
  4.932187284508356e-01   1.274228523338848e-01  -5.010000000000000e-02
  4.932197743631366e-01   1.274429386959901e-01  -5.010000000000000e-02
  4.932208371620259e-01   1.274633493588293e-01  -5.010000000000000e-02
  4.932218137787948e-01   1.274840940570916e-01  -5.010000000000000e-02
  4.932227364437812e-01   1.275051760977118e-01  -5.010000000000000e-02
  4.932236739432044e-01   1.275265970914785e-01  -5.010000000000000e-02
  4.932246264937931e-01   1.275483619904384e-01  -5.010000000000000e-02
  4.932255943147063e-01   1.275704758021747e-01  -5.010000000000000e-02
  4.932265776275353e-01   1.275929435898418e-01  -5.010000000000000e-02
  4.932275766563038e-01   1.276157704721750e-01  -5.010000000000000e-02
  4.932285916274674e-01   1.276389616234742e-01  -5.010000000000001e-02
  4.932296227699115e-01   1.276625222735613e-01  -5.010000000000001e-02
  4.932306703149485e-01   1.276864577077091e-01  -5.010000000000000e-02
  4.932317344963133e-01   1.277107732665409e-01  -5.010000000000000e-02
  4.932330929774501e-01   1.277354599451697e-01  -5.010000000000000e-02
  4.932345986772100e-01   1.277605308415897e-01  -5.010000000000000e-02
  4.932361281683942e-01   1.277859978809532e-01  -5.009999999999999e-02
  4.932376817846665e-01   1.278118666189813e-01  -5.010000000000000e-02
  4.932392598629535e-01   1.278381426657265e-01  -5.010000000000000e-02
  4.932408627434271e-01   1.278648316852758e-01  -5.010000000000000e-02
  4.932424907694843e-01   1.278919393954166e-01  -5.009999999999999e-02
  4.932441442877250e-01   1.279194715672641e-01  -5.010000000000001e-02
  4.932458236479270e-01   1.279474340248497e-01  -5.010000000000000e-02
  4.932479429803151e-01   1.279758030585876e-01  -5.010000000000000e-02
  4.932503318779816e-01   1.280045968069081e-01  -5.010000000000000e-02
  4.932527578896713e-01   1.280338378962151e-01  -5.010000000000000e-02
  4.932552215149150e-01   1.280635323474332e-01  -5.010000000000000e-02
  4.932577232574038e-01   1.280936862316257e-01  -5.010000000000000e-02
  4.932602636249324e-01   1.281243056693201e-01  -5.010000000000000e-02
  4.932628431293392e-01   1.281553968297846e-01  -5.010000000000000e-02
  4.932654622864426e-01   1.281869659302552e-01  -5.010000000000000e-02
  4.932688889747557e-01   1.282189456848996e-01  -5.010000000000000e-02
  4.932724198706728e-01   1.282514098670795e-01  -5.009999999999999e-02
  4.932760046754370e-01   1.282843697043792e-01  -5.010000000000000e-02
  4.932796440834626e-01   1.283178315814622e-01  -5.010000000000000e-02
  4.932833387938616e-01   1.283518019261882e-01  -5.010000000000000e-02
  4.932870895103246e-01   1.283862872085138e-01  -5.010000000000001e-02
  4.932911341569764e-01   1.284212649665383e-01  -5.010000000000000e-02
  4.932959355234651e-01   1.284566853142559e-01  -5.010000000000000e-02
  4.933008091222063e-01   1.284926385293355e-01  -5.010000000000000e-02
  4.933057558485052e-01   1.285291312165708e-01  -5.010000000000000e-02
  4.933107766024873e-01   1.285661700163102e-01  -5.010000000000000e-02
  4.933158722888973e-01   1.286037616029809e-01  -5.010000000000000e-02
  4.933214165810490e-01   1.286418571024778e-01  -5.010000000000000e-02
  4.933276913798179e-01   1.286804213559869e-01  -5.010000000000000e-02
  4.933340590427999e-01   1.287195563431855e-01  -5.010000000000000e-02
  4.933405206711744e-01   1.287592688318075e-01  -5.010000000000001e-02
  4.933470773702775e-01   1.287995656151314e-01  -5.009999999999999e-02
  4.933538486841637e-01   1.288404326327109e-01  -5.010000000000000e-02
  4.933616906067678e-01   1.288817260270529e-01  -5.010000000000000e-02
  4.933696468541703e-01   1.289236214241454e-01  -5.010000000000000e-02
  4.933777187260589e-01   1.289661256677853e-01  -5.010000000000000e-02
  4.933859075250082e-01   1.290092456169694e-01  -5.010000000000000e-02
  4.933946322022161e-01   1.290529031865945e-01  -5.010000000000000e-02
  4.934042101668431e-01   1.290970409580592e-01  -5.010000000000001e-02
  4.934139254916142e-01   1.291418117210715e-01  -5.010000000000000e-02
  4.934237796651023e-01   1.291872223353648e-01  -5.010000000000001e-02
  4.934338324013365e-01   1.292332662480724e-01  -5.010000000000000e-02
  4.934451581608055e-01   1.292797030996832e-01  -5.010000000000000e-02
  4.934566440531844e-01   1.293267965137250e-01  -5.010000000000000e-02
  4.934682917405620e-01   1.293745533049446e-01  -5.009999999999999e-02
  4.934802131268564e-01   1.294229519216734e-01  -5.010000000000000e-02
  4.934934176864461e-01   1.294717399175168e-01  -5.010000000000001e-02
  4.935068061159772e-01   1.295212072730828e-01  -5.010000000000000e-02
  4.935203802340833e-01   1.295713607078298e-01  -5.009999999999999e-02
  4.935346851314025e-01   1.296220527285380e-01  -5.010000000000000e-02
  4.935498921720695e-01   1.296732418861546e-01  -5.010000000000000e-02
  4.935653075265981e-01   1.297251322591706e-01  -5.010000000000000e-02
  4.935809908604935e-01   1.297777125136643e-01  -5.010000000000000e-02
  4.935981067963543e-01   1.298306285026197e-01  -5.010000000000001e-02
  4.936154541501278e-01   1.298842599480838e-01  -5.010000000000001e-02
  4.936330349941107e-01   1.299386132568127e-01  -5.010000000000000e-02
  4.936519867202572e-01   1.299933128108091e-01  -5.010000000000000e-02
  4.936713434900619e-01   1.300486905611923e-01  -5.009999999999999e-02
  4.936909571638714e-01   1.301048032878132e-01  -5.010000000000000e-02
  4.937120276574072e-01   1.301612229488074e-01  -5.009999999999999e-02
  4.937334813919986e-01   1.302183455807063e-01  -5.010000000000000e-02
  4.937553870415954e-01   1.302761486309157e-01  -5.010000000000000e-02
  4.937787152098111e-01   1.303342618406584e-01  -5.010000000000000e-02
  4.938023453019904e-01   1.303931271784920e-01  -5.010000000000001e-02
  4.938269341023580e-01   1.304524792356207e-01  -5.010000000000000e-02
  4.938524946203736e-01   1.305123191772178e-01  -5.010000000000000e-02
  4.938783928255084e-01   1.305729157759500e-01  -5.010000000000000e-02
  4.939059236666941e-01   1.306337057170581e-01  -5.010000000000000e-02
  4.939338011518630e-01   1.306952610712964e-01  -5.010000000000000e-02
  4.939628671199150e-01   1.307571961094157e-01  -5.010000000000000e-02
  4.939927637890845e-01   1.308196835211195e-01  -5.010000000000000e-02
  4.940235352058713e-01   1.308826958898573e-01  -5.010000000000000e-02
  4.940554812672124e-01   1.309460918260737e-01  -5.010000000000001e-02
  4.940881269020053e-01   1.310101024833230e-01  -5.010000000000000e-02
  4.941221653696067e-01   1.310743753184925e-01  -5.010000000000000e-02
  4.941568436093790e-01   1.311392990577704e-01  -5.010000000000000e-02
  4.941929950462191e-01   1.312044271452418e-01  -5.010000000000000e-02
  4.942298357933074e-01   1.312701832703246e-01  -5.010000000000000e-02
  4.942681268937428e-01   1.313361404396213e-01  -5.010000000000000e-02
  4.943072552814621e-01   1.314026416991269e-01  -5.010000000000000e-02
  4.943477214956636e-01   1.314693948272950e-01  -5.010000000000000e-02
  4.943892530523649e-01   1.315365507371241e-01  -5.010000000000000e-02
  4.944319134126974e-01   1.316040745325001e-01  -5.009999999999999e-02
  4.944759483974638e-01   1.316717954184553e-01  -5.010000000000000e-02
  4.945208511341487e-01   1.317400436554065e-01  -5.010000000000000e-02
  4.945674560022522e-01   1.318082547508012e-01  -5.010000000000000e-02
  4.946150197915995e-01   1.318769190821016e-01  -5.010000000000000e-02
  4.946638742594456e-01   1.319458090190644e-01  -5.010000000000001e-02
  4.947141756286251e-01   1.320147951755998e-01  -5.010000000000000e-02
  4.947655523692356e-01   1.320841420324301e-01  -5.010000000000000e-02
  4.948183948781563e-01   1.321535529594862e-01  -5.010000000000000e-02
  4.948726151339139e-01   1.322230747877577e-01  -5.010000000000000e-02
  4.949280157350786e-01   1.322928551215147e-01  -5.010000000000000e-02
  4.949848509411865e-01   1.323626834308780e-01  -5.010000000000000e-02
  4.950431832469329e-01   1.324324869491352e-01  -5.010000000000000e-02
  4.951027769966327e-01   1.325024495259726e-01  -5.010000000000001e-02
  4.951636695450976e-01   1.325725328533222e-01  -5.010000000000000e-02
  4.952261870989119e-01   1.326424331898373e-01  -5.010000000000000e-02
  4.952900865228209e-01   1.327123441229326e-01  -5.010000000000000e-02
  4.953553388728016e-01   1.327822797259414e-01  -5.010000000000001e-02
  4.954219710600362e-01   1.328522022700219e-01  -5.010000000000000e-02
  4.954901163945283e-01   1.329219657473262e-01  -5.010000000000000e-02
  4.955597858088969e-01   1.329915337587721e-01  -5.010000000000001e-02
  4.956308631919646e-01   1.330610013544141e-01  -5.010000000000000e-02
  4.957033590867025e-01   1.331303403070144e-01  -5.010000000000000e-02
  4.957772842916747e-01   1.331995200559697e-01  -5.010000000000000e-02
  4.958526553483818e-01   1.332685022775669e-01  -5.010000000000000e-02
  4.959295446180965e-01   1.333371827592335e-01  -5.010000000000000e-02
  4.960079349632340e-01   1.334055519801093e-01  -5.010000000000001e-02
  4.960877639348937e-01   1.334736554889468e-01  -5.010000000000000e-02
  4.961690375207419e-01   1.335414616472114e-01  -5.010000000000000e-02
  4.962517532254238e-01   1.336089476544440e-01  -5.010000000000000e-02
  4.963359045249648e-01   1.336760946461911e-01  -5.010000000000000e-02
  4.964214905157582e-01   1.337428756923802e-01  -5.010000000000000e-02
  4.965085106852353e-01   1.338092624523523e-01  -5.010000000000000e-02
  4.965969528894262e-01   1.338752404773251e-01  -5.009999999999999e-02
  4.966868162266838e-01   1.339407798648050e-01  -5.010000000000000e-02
  4.967780806459407e-01   1.340058758595899e-01  -5.010000000000000e-02
  4.968707446066787e-01   1.340704976439940e-01  -5.010000000000000e-02
  4.969647922322106e-01   1.341346338337047e-01  -5.010000000000000e-02
  4.970602149912289e-01   1.341982618874947e-01  -5.010000000000000e-02
  4.971569950450857e-01   1.342613724892648e-01  -5.010000000000000e-02
  4.972551233498509e-01   1.343239423846521e-01  -5.010000000000000e-02
  4.973545781909574e-01   1.343859677260892e-01  -5.010000000000000e-02
  4.974553368685571e-01   1.344474466866093e-01  -5.010000000000000e-02
  4.975573855216716e-01   1.345083629300468e-01  -5.010000000000000e-02
  4.976607084424772e-01   1.345687026072135e-01  -5.010000000000000e-02
  4.977652877015895e-01   1.346284552168633e-01  -5.010000000000000e-02
  4.978710976972204e-01   1.346876236465705e-01  -5.010000000000000e-02
  4.979781282015371e-01   1.347461831599040e-01  -5.010000000000000e-02
  4.980863552405367e-01   1.348041332499161e-01  -5.010000000000000e-02
  4.981957593810207e-01   1.348614650018405e-01  -5.010000000000000e-02
  4.983063157538557e-01   1.349181798794349e-01  -5.010000000000000e-02
  4.984179994710941e-01   1.349742796646148e-01  -5.010000000000000e-02
  4.985307941138528e-01   1.350297492492254e-01  -5.010000000000000e-02
  4.986446743061190e-01   1.350845912997261e-01  -5.010000000000000e-02
  4.987596111342479e-01   1.351388161647568e-01  -5.010000000000000e-02
  4.988755889222661e-01   1.351924064176802e-01  -5.010000000000000e-02
  4.989925802561939e-01   1.352453694182842e-01  -5.010000000000000e-02
  4.991105608416216e-01   1.352977059982929e-01  -5.010000000000000e-02
  4.992295067999410e-01   1.353494160481046e-01  -5.010000000000000e-02
  4.993493945228616e-01   1.354004988733150e-01  -5.010000000000000e-02
  4.994701964100264e-01   1.354509630626807e-01  -5.010000000000000e-02
  4.995918916695012e-01   1.355008011910342e-01  -5.010000000000000e-02
  4.997144529032960e-01   1.355500216612597e-01  -5.010000000000000e-02
  4.998378527564126e-01   1.355986331183948e-01  -5.010000000000000e-02
  4.999620669913442e-01   1.356466364631611e-01  -5.009999999999999e-02
  5.000870730761915e-01   1.356940281092529e-01  -5.010000000000000e-02
  5.002128437258480e-01   1.357408168003522e-01  -5.010000000000001e-02
  5.003393528220923e-01   1.357870083470226e-01  -5.010000000000000e-02
  5.004665750084731e-01   1.358326066927718e-01  -5.010000000000000e-02
  5.005944837877716e-01   1.358776188514170e-01  -5.010000000000001e-02
  5.007230566906116e-01   1.359220405466521e-01  -5.010000000000000e-02
  5.008522653365450e-01   1.359658844526813e-01  -5.009999999999999e-02
  5.009820823284525e-01   1.360091605598928e-01  -5.010000000000000e-02
  5.011124859738206e-01   1.360518620299809e-01  -5.010000000000001e-02
  5.012434494103073e-01   1.360939973620712e-01  -5.010000000000001e-02
  5.013749472243891e-01   1.361355707852668e-01  -5.009999999999999e-02
  5.015069529377919e-01   1.361765899476958e-01  -5.010000000000000e-02
  5.016394409977136e-01   1.362170596895523e-01  -5.009999999999999e-02
  5.017723861267547e-01   1.362569840245612e-01  -5.010000000000000e-02
  5.019057627506481e-01   1.362963680051443e-01  -5.010000000000000e-02
  5.020395459299826e-01   1.363352146237082e-01  -5.010000000000000e-02
  5.021737106248341e-01   1.363735272611598e-01  -5.010000000000000e-02
  5.023082309998302e-01   1.364113121865421e-01  -5.010000000000000e-02
  5.024430850018654e-01   1.364485622013638e-01  -5.010000000000000e-02
  5.025782490836118e-01   1.364852749311373e-01  -5.009999999999999e-02
  5.027136958383740e-01   1.365214623526110e-01  -5.010000000000000e-02
  5.028494009043852e-01   1.365571257391124e-01  -5.010000000000000e-02
  5.029853352363100e-01   1.365922846530064e-01  -5.010000000000000e-02
  5.031214755866014e-01   1.366269367902862e-01  -5.010000000000001e-02
  5.032577988568183e-01   1.366610793409493e-01  -5.010000000000000e-02
  5.033942810849498e-01   1.366947130351798e-01  -5.010000000000000e-02
  5.035308964862262e-01   1.367278464079504e-01  -5.010000000000000e-02
  5.036676203450071e-01   1.367604840404170e-01  -5.010000000000000e-02
  5.038044294309607e-01   1.367926248296127e-01  -5.010000000000000e-02
  5.039413000012956e-01   1.368242701382057e-01  -5.010000000000000e-02
  5.040782087889266e-01   1.368554197444366e-01  -5.010000000000000e-02
  5.042151316770994e-01   1.368860776081992e-01  -5.010000000000000e-02
  5.043520577769158e-01   1.369161876962787e-01  -5.010000000000000e-02
  5.044889512603763e-01   1.369458069400891e-01  -5.009999999999999e-02
  5.046257886634578e-01   1.369749383313784e-01  -5.009999999999999e-02
  5.047625470527707e-01   1.370035831421379e-01  -5.010000000000000e-02
  5.048992034131411e-01   1.370317438719782e-01  -5.010000000000000e-02
  5.050357356161077e-01   1.370594195050101e-01  -5.010000000000000e-02
  5.051721218030293e-01   1.370866086533883e-01  -5.010000000000001e-02
  5.053083379706816e-01   1.371133215760729e-01  -5.010000000000000e-02
  5.054443763366052e-01   1.371394851082929e-01  -5.010000000000000e-02
  5.055802052635492e-01   1.371651490698174e-01  -5.009999999999999e-02
  5.057157998912710e-01   1.371903316339380e-01  -5.010000000000000e-02
  5.058511379601050e-01   1.372150390535455e-01  -5.010000000000000e-02
  5.059861985135835e-01   1.372392718292166e-01  -5.010000000000000e-02
  5.061209615885464e-01   1.372630264129321e-01  -5.010000000000000e-02
  5.062554143234183e-01   1.372862588107559e-01  -5.010000000000000e-02
  5.063895375890601e-01   1.373089598579926e-01  -5.010000000000000e-02
  5.065233009927336e-01   1.373311900962990e-01  -5.010000000000000e-02
  5.066566852503526e-01   1.373529478974838e-01  -5.010000000000000e-02
  5.067896707665979e-01   1.373742354485203e-01  -5.010000000000001e-02
  5.069222377216314e-01   1.373950581997450e-01  -5.010000000000000e-02
  5.070543869098199e-01   1.374152876901920e-01  -5.010000000000000e-02
  5.071860791965959e-01   1.374350549323560e-01  -5.010000000000000e-02
  5.073172959574771e-01   1.374543641303279e-01  -5.010000000000000e-02
  5.074480191535985e-01   1.374732179084417e-01  -5.010000000000000e-02
  5.075782365606678e-01   1.374915798025587e-01  -5.010000000000000e-02
  5.077079406100611e-01   1.375093766921690e-01  -5.010000000000000e-02
  5.078370977027068e-01   1.375267275795933e-01  -5.010000000000000e-02
  5.079656914216705e-01   1.375436335508639e-01  -5.010000000000000e-02
  5.080937057884365e-01   1.375600954764158e-01  -5.010000000000000e-02
  5.082211438731359e-01   1.375759611712522e-01  -5.010000000000000e-02
  5.083479702255701e-01   1.375913853117671e-01  -5.010000000000000e-02
  5.084741681869699e-01   1.376063832322378e-01  -5.010000000000001e-02
  5.085997228424443e-01   1.376209597710784e-01  -5.010000000000000e-02
  5.087246407195835e-01   1.376349281774124e-01  -5.010000000000000e-02
  5.088488850064287e-01   1.376484855789900e-01  -5.010000000000000e-02
  5.089724418524187e-01   1.376616383273730e-01  -5.010000000000000e-02
  5.090953056887501e-01   1.376743154947284e-01  -5.010000000000000e-02
  5.092174683573753e-01   1.376864634262536e-01  -5.010000000000000e-02
  5.093389031157147e-01   1.376982231149251e-01  -5.010000000000000e-02
  5.094595975637293e-01   1.377096041029461e-01  -5.010000000000000e-02
  5.095795591440240e-01   1.377203952912969e-01  -5.010000000000000e-02
  5.096987566882998e-01   1.377308077720224e-01  -5.010000000000000e-02
  5.098171779707633e-01   1.377408639417408e-01  -5.010000000000000e-02
  5.099348268149272e-01   1.377503907412538e-01  -5.010000000000000e-02
  5.100516827757313e-01   1.377595041769503e-01  -5.010000000000000e-02
  5.101677302790758e-01   1.377682850923067e-01  -5.010000000000000e-02
  5.102829722683513e-01   1.377765682552412e-01  -5.010000000000000e-02
  5.103973919659547e-01   1.377844499509797e-01  -5.010000000000000e-02
  5.105109746245198e-01   1.377920271083876e-01  -5.010000000000000e-02
  5.106237257650782e-01   1.377990885911191e-01  -5.010000000000000e-02
  5.107356263815855e-01   1.378057983515054e-01  -5.009999999999999e-02
  5.108466652571482e-01   1.378122329022145e-01  -5.010000000000000e-02
  5.109568510975396e-01   1.378181047100265e-01  -5.010000000000000e-02
  5.110661599535492e-01   1.378237212189838e-01  -5.009999999999999e-02
  5.111745910006685e-01   1.378289903259334e-01  -5.010000000000000e-02
  5.112821421990997e-01   1.378338135218241e-01  -5.010000000000000e-02
  5.113887980332983e-01   1.378384147071370e-01  -5.010000000000000e-02
  5.114945635031301e-01   1.378425538791077e-01  -5.009999999999999e-02
  5.115994258230363e-01   1.378464118856089e-01  -5.010000000000000e-02
  5.117033815883287e-01   1.378499788504579e-01  -5.010000000000000e-02
  5.118064301167528e-01   1.378531302174298e-01  -5.010000000000000e-02
  5.119085600981523e-01   1.378561173126716e-01  -5.010000000000000e-02
  5.120097768794307e-01   1.378586244962913e-01  -5.010000000000000e-02
  5.121100690792645e-01   1.378609531737678e-01  -5.010000000000000e-02
  5.122094381251650e-01   1.378629450561149e-01  -5.010000000000000e-02
  5.123078796927306e-01   1.378646569156808e-01  -5.010000000000000e-02
  5.124053913726051e-01   1.378661407171225e-01  -5.010000000000000e-02
  5.125019725725905e-01   1.378672701972650e-01  -5.010000000000000e-02
  5.125976195179406e-01   1.378682702924942e-01  -5.010000000000000e-02
  5.126923333674976e-01   1.378688524217998e-01  -5.010000000000000e-02
  5.127861109007389e-01   1.378693744891125e-01  -5.010000000000000e-02
  5.128789531114710e-01   1.378694583100905e-01  -5.010000000000000e-02
  5.129708587633187e-01   1.378694981252269e-01  -5.010000000000000e-02
  5.130618278831648e-01   1.378691493093845e-01  -5.010000000000000e-02
  5.131518614640270e-01   1.378687429313482e-01  -5.010000000000000e-02
  5.132409586712230e-01   1.378679747654121e-01  -5.010000000000000e-02
  5.133291224801507e-01   1.378671559381869e-01  -5.010000000000000e-02
  5.134163512800241e-01   1.378659966209165e-01  -5.010000000000000e-02
  5.135026501229282e-01   1.378648098684880e-01  -5.010000000000000e-02
  5.135880160780242e-01   1.378632771539231e-01  -5.010000000000000e-02
  5.136724570229772e-01   1.378617579297527e-01  -5.010000000000000e-02
  5.137559676941415e-01   1.378598693558436e-01  -5.010000000000000e-02
  5.138385587268075e-01   1.378580015793398e-01  -5.010000000000000e-02
  5.139202249571793e-01   1.378558295525239e-01  -5.010000000000000e-02
  5.140009764680912e-01   1.378536318618311e-01  -5.010000000000000e-02
  5.140808106143608e-01   1.378512134809405e-01  -5.010000000000001e-02
  5.141597347178399e-01   1.378487026022620e-01  -5.010000000000000e-02
  5.142377512034250e-01   1.378460770203849e-01  -5.009999999999999e-02
  5.143148621424942e-01   1.378432826748768e-01  -5.010000000000000e-02
  5.143910771264392e-01   1.378404858767171e-01  -5.010000000000000e-02
  5.144663901184070e-01   1.378374190423441e-01  -5.010000000000000e-02
  5.145408173219872e-01   1.378343882783251e-01  -5.010000000000001e-02
  5.146143533991715e-01   1.378311623013478e-01  -5.010000000000000e-02
  5.146870093245358e-01   1.378278864614788e-01  -5.010000000000000e-02
  5.147587899294042e-01   1.378245677328304e-01  -5.010000000000000e-02
  5.148296937838002e-01   1.378210693052125e-01  -5.010000000000000e-02
  5.148997365436593e-01   1.378176133643808e-01  -5.010000000000000e-02
  5.149689122824626e-01   1.378139818248661e-01  -5.010000000000000e-02
  5.150372339105727e-01   1.378103201628848e-01  -5.010000000000000e-02
  5.151047087970496e-01   1.378066668673981e-01  -5.010000000000000e-02
  5.151713313852078e-01   1.378028204530338e-01  -5.010000000000000e-02
  5.152371208703283e-01   1.377990221373636e-01  -5.010000000000000e-02
  5.153020763751585e-01   1.377951589312588e-01  -5.009999999999999e-02
  5.153662019414315e-01   1.377911985201707e-01  -5.010000000000000e-02
  5.154295124507022e-01   1.377872884472080e-01  -5.010000000000000e-02
  5.154920041605047e-01   1.377832733534733e-01  -5.010000000000000e-02
  5.155536877078037e-01   1.377792222354763e-01  -5.010000000000000e-02
  5.156145750397738e-01   1.377752234095797e-01  -5.010000000000000e-02
  5.156746612451080e-01   1.377711095510296e-01  -5.010000000000000e-02
  5.157339601504429e-01   1.377669895855886e-01  -5.010000000000000e-02
  5.157924823463044e-01   1.377629235843172e-01  -5.010000000000000e-02
  5.158502233943034e-01   1.377587569321009e-01  -5.010000000000001e-02
  5.159071967464814e-01   1.377545849557654e-01  -5.010000000000000e-02
  5.159634134387436e-01   1.377504683872151e-01  -5.010000000000000e-02
  5.160188718759405e-01   1.377462959078140e-01  -5.010000000000000e-02
  5.160735810614208e-01   1.377420969463898e-01  -5.010000000000000e-02
  5.161275540547288e-01   1.377379544881379e-01  -5.010000000000001e-02
  5.161807936526156e-01   1.377338165561691e-01  -5.010000000000000e-02
  5.162333008273421e-01   1.377296075052212e-01  -5.010000000000000e-02
  5.162850925937081e-01   1.377254558024406e-01  -5.010000000000000e-02
  5.163361758691637e-01   1.377213608933144e-01  -5.010000000000000e-02
  5.163865462066856e-01   1.377171830420909e-01  -5.010000000000000e-02
  5.164362200393893e-01   1.377130375238252e-01  -5.010000000000000e-02
  5.164852064331440e-01   1.377089493756187e-01  -5.010000000000001e-02
  5.165335093798581e-01   1.377048828624784e-01  -5.009999999999999e-02
  5.165811290014615e-01   1.377007566470878e-01  -5.010000000000001e-02
  5.166280823314899e-01   1.376966881655149e-01  -5.010000000000000e-02
  5.166743763663626e-01   1.376926768115236e-01  -5.010000000000000e-02
  5.167200132438509e-01   1.376886668318333e-01  -5.010000000000000e-02
  5.167649982702202e-01   1.376846384725093e-01  -5.010000000000000e-02
  5.168093451400992e-01   1.376806672593926e-01  -5.010000000000000e-02
  5.168530608310402e-01   1.376767525676513e-01  -5.010000000000000e-02
  5.168961480506447e-01   1.376728469425205e-01  -5.010000000000000e-02
  5.169386115375299e-01   1.376689254055977e-01  -5.010000000000000e-02
  5.169804648586764e-01   1.376650602179682e-01  -5.010000000000000e-02
  5.170217149330429e-01   1.376612507406605e-01  -5.010000000000000e-02
  5.170623675345534e-01   1.376574843226790e-01  -5.010000000000000e-02
  5.171024220344164e-01   1.376536801888040e-01  -5.010000000000000e-02
  5.171418940593078e-01   1.376499313748750e-01  -5.010000000000000e-02
  5.171807904352462e-01   1.376462372325981e-01  -5.010000000000000e-02
  5.172191179606462e-01   1.376425971163011e-01  -5.010000000000000e-02
  5.172568786819484e-01   1.376389612778281e-01  -5.010000000000001e-02
  5.172940802788346e-01   1.376353388689879e-01  -5.010000000000000e-02
  5.173307333628809e-01   1.376317698701604e-01  -5.010000000000000e-02
  5.173668446036221e-01   1.376282536319169e-01  -5.010000000000001e-02
  5.174024206348823e-01   1.376247895083060e-01  -5.010000000000000e-02
  5.174374630784626e-01   1.376213263467350e-01  -5.010000000000000e-02
  5.174719808958244e-01   1.376178879087682e-01  -5.010000000000001e-02
  5.175059832897702e-01   1.376145008138926e-01  -5.010000000000000e-02
  5.175394767363607e-01   1.376111644170055e-01  -5.009999999999999e-02
  5.175724676695200e-01   1.376078780772017e-01  -5.010000000000000e-02
  5.176049601232811e-01   1.376046177363074e-01  -5.010000000000000e-02
  5.176369587461395e-01   1.376013658874635e-01  -5.009999999999999e-02
  5.176684739906511e-01   1.375981631617747e-01  -5.010000000000000e-02
  5.176995121105081e-01   1.375950089237120e-01  -5.010000000000000e-02
  5.177300793123403e-01   1.375919025425286e-01  -5.010000000000000e-02
  5.177601817548913e-01   1.375888433923444e-01  -5.010000000000000e-02
  5.177898221691021e-01   1.375857978988264e-01  -5.010000000000000e-02
  5.178190079324608e-01   1.375827782873025e-01  -5.010000000000000e-02
  5.178477472012297e-01   1.375798048709113e-01  -5.010000000000000e-02
  5.178760459342715e-01   1.375768770331380e-01  -5.010000000000000e-02
  5.179039100391982e-01   1.375739941627706e-01  -5.010000000000000e-02
  5.179313453718355e-01   1.375711556539547e-01  -5.010000000000000e-02
  5.179583564666022e-01   1.375683487286146e-01  -5.010000000000000e-02
  5.179849474659299e-01   1.375655573588666e-01  -5.010000000000001e-02
  5.180111270091705e-01   1.375628091814057e-01  -5.010000000000000e-02
  5.180369007396084e-01   1.375601036038323e-01  -5.010000000000000e-02
  5.180622742466923e-01   1.375574400393983e-01  -5.010000000000000e-02
  5.180872530657388e-01   1.375548179070382e-01  -5.009999999999999e-02
  5.181118426776721e-01   1.375522366313961e-01  -5.010000000000000e-02
  5.181360474865951e-01   1.375496859668774e-01  -5.010000000000000e-02
  5.181598715767131e-01   1.375471531643768e-01  -5.010000000000000e-02
  5.181833226262091e-01   1.375446600208186e-01  -5.010000000000000e-02
  5.182064058957701e-01   1.375422059769254e-01  -5.010000000000000e-02
  5.182291265908890e-01   1.375397904792871e-01  -5.010000000000000e-02
  5.182514898617964e-01   1.375374129803692e-01  -5.010000000000000e-02
  5.182735008034155e-01   1.375350729385167e-01  -5.010000000000000e-02
  5.182951644553479e-01   1.375327698179561e-01  -5.010000000000000e-02
  5.183164847656195e-01   1.375304933900267e-01  -5.010000000000000e-02
  5.183374663767597e-01   1.375282404494254e-01  -5.009999999999999e-02
  5.183581155226827e-01   1.375260232079122e-01  -5.010000000000000e-02
  5.183784370214990e-01   1.375238411481335e-01  -5.010000000000000e-02
  5.183984356362898e-01   1.375216937586441e-01  -5.010000000000000e-02
  5.184181160752313e-01   1.375195805338947e-01  -5.010000000000000e-02
  5.184374829917389e-01   1.375175009742159e-01  -5.009999999999999e-02
  5.184565409846311e-01   1.375154545858008e-01  -5.010000000000000e-02
  5.184752945983122e-01   1.375134408806853e-01  -5.010000000000000e-02
  5.184937476163617e-01   1.375114528215408e-01  -5.010000000000000e-02
  5.185119042743213e-01   1.375094880706066e-01  -5.010000000000000e-02
  5.185297698877455e-01   1.375075548139059e-01  -5.010000000000000e-02
  5.185473487851585e-01   1.375056525830443e-01  -5.010000000000000e-02
  5.185646452418357e-01   1.375037809153900e-01  -5.010000000000000e-02
  5.185816634800793e-01   1.375019393540432e-01  -5.010000000000000e-02
  5.185984076695096e-01   1.375001274478048e-01  -5.009999999999999e-02
  5.186148819273668e-01   1.374983447511441e-01  -5.010000000000000e-02
  5.186310903188258e-01   1.374965908241643e-01  -5.010000000000000e-02
  5.186470368573217e-01   1.374948652325672e-01  -5.010000000000000e-02
  5.186627255048867e-01   1.374931675476173e-01  -5.010000000000000e-02
  5.186781594255746e-01   1.374914904596942e-01  -5.010000000000000e-02
  5.186933431529629e-01   1.374898397587386e-01  -5.010000000000001e-02
  5.187082805839192e-01   1.374882158339326e-01  -5.010000000000000e-02
  5.187229754782164e-01   1.374866182765320e-01  -5.010000000000000e-02
  5.187374315460496e-01   1.374850466831824e-01  -5.010000000000000e-02
  5.187516524484230e-01   1.374835006558772e-01  -5.010000000000000e-02
  5.187656417975468e-01   1.374819798019145e-01  -5.010000000000000e-02
  5.187794031572377e-01   1.374804837338536e-01  -5.010000000000000e-02
  5.187929400433273e-01   1.374790120694703e-01  -5.010000000000000e-02
  5.188062559240753e-01   1.374775644317123e-01  -5.010000000000000e-02
  5.188193542205873e-01   1.374761404486535e-01  -5.010000000000000e-02
  5.188322383072380e-01   1.374747397534486e-01  -5.010000000000000e-02
  5.188449114385623e-01   1.374733613089179e-01  -5.010000000000000e-02
  5.188573765930512e-01   1.374720019689498e-01  -5.010000000000000e-02
  5.188696373920970e-01   1.374706649141866e-01  -5.010000000000000e-02
  5.188816970273426e-01   1.374693497965758e-01  -5.010000000000000e-02
  5.188935586458718e-01   1.374680562729241e-01  -5.010000000000001e-02
  5.189052253506525e-01   1.374667840048493e-01  -5.010000000000000e-02
  5.189167002009807e-01   1.374655326587314e-01  -5.010000000000000e-02
  5.189279862129277e-01   1.374643019056643e-01  -5.010000000000000e-02
  5.189390863597885e-01   1.374630914214065e-01  -5.010000000000000e-02
  5.189500035725309e-01   1.374619008863326e-01  -5.010000000000000e-02
  5.189607407402457e-01   1.374607299853838e-01  -5.010000000000001e-02
  5.189713007105983e-01   1.374595784080187e-01  -5.009999999999999e-02
  5.189816862902796e-01   1.374584458481643e-01  -5.009999999999999e-02
  5.189919002454584e-01   1.374573320041667e-01  -5.010000000000000e-02
  5.190019453022324e-01   1.374562365787417e-01  -5.010000000000000e-02
  5.190118241470799e-01   1.374551592789255e-01  -5.010000000000000e-02
  5.190215394275642e-01   1.374540998183505e-01  -5.010000000000000e-02
  5.190310937717121e-01   1.374530580907781e-01  -5.010000000000000e-02
  5.190404897298275e-01   1.374520336323238e-01  -5.010000000000000e-02
  5.190497298344183e-01   1.374510261668636e-01  -5.010000000000000e-02
  5.190588165806194e-01   1.374500354223484e-01  -5.010000000000000e-02
  5.190677524266373e-01   1.374490611307555e-01  -5.010000000000000e-02
  5.190765397941957e-01   1.374481030280398e-01  -5.010000000000000e-02
  5.190851810689769e-01   1.374471608540862e-01  -5.010000000000001e-02
  5.190936786010634e-01   1.374462343526609e-01  -5.010000000000000e-02
  5.191020347053754e-01   1.374453232713637e-01  -5.010000000000000e-02
  5.191102516621080e-01   1.374444273615810e-01  -5.010000000000000e-02
  5.191183317171656e-01   1.374435463784377e-01  -5.010000000000000e-02
  5.191262770825931e-01   1.374426800807505e-01  -5.010000000000000e-02
  5.191340899370055e-01   1.374418282309809e-01  -5.010000000000001e-02
  5.191417724260152e-01   1.374409905951891e-01  -5.009999999999999e-02
  5.191493266626555e-01   1.374401669429871e-01  -5.010000000000000e-02
  5.191567547278021e-01   1.374393570474931e-01  -5.010000000000000e-02
  5.191640586705918e-01   1.374385606852862e-01  -5.009999999999999e-02
  5.191712405088376e-01   1.374377776363605e-01  -5.010000000000000e-02
  5.191783022294414e-01   1.374370076840804e-01  -5.010000000000000e-02
  5.191852457888035e-01   1.374362506151361e-01  -5.010000000000000e-02
  5.191920731132286e-01   1.374355062194990e-01  -5.010000000000000e-02
  5.191987860993284e-01   1.374347742903781e-01  -5.010000000000000e-02
  5.192053696717238e-01   1.374339156164873e-01  -5.009999999999999e-02
  5.192118395208134e-01   1.374330436469978e-01  -5.010000000000000e-02
  5.192181807210260e-01   1.374320602098163e-01  -5.010000000000000e-02
  5.192243863593793e-01   1.374309107249272e-01  -5.010000000000000e-02
  5.192304878584704e-01   1.374297805299969e-01  -5.010000000000000e-02
  5.192364320428586e-01   1.374284098772962e-01  -5.010000000000000e-02
  5.192422674894761e-01   1.374270201294462e-01  -5.009999999999999e-02
  5.192479905957741e-01   1.374255999006055e-01  -5.010000000000000e-02
  5.192535545176067e-01   1.374239664225821e-01  -5.010000000000000e-02
  5.192590248940825e-01   1.374223604079719e-01  -5.009999999999999e-02
  5.192643691588915e-01   1.374206756641345e-01  -5.010000000000001e-02
  5.192695675493090e-01   1.374188457758794e-01  -5.010000000000000e-02
  5.192746784483463e-01   1.374170466855129e-01  -5.010000000000000e-02
  5.192796579284449e-01   1.374151596175678e-01  -5.010000000000000e-02
  5.192844936722832e-01   1.374131482615891e-01  -5.010000000000000e-02
  5.192892479472362e-01   1.374111707913859e-01  -5.010000000000000e-02
  5.192938816000443e-01   1.374091367897070e-01  -5.010000000000000e-02
  5.192983572021646e-01   1.374069597222874e-01  -5.010000000000000e-02
  5.193027573315316e-01   1.374048193670838e-01  -5.010000000000000e-02
  5.193070723526636e-01   1.374026943713798e-01  -5.010000000000000e-02
  5.193111911771957e-01   1.374003700925073e-01  -5.010000000000000e-02
  5.193152404830543e-01   1.373980850434643e-01  -5.010000000000000e-02
  5.193192214238596e-01   1.373958385732555e-01  -5.009999999999999e-02
  5.193230363840539e-01   1.373934675716383e-01  -5.010000000000000e-02
  5.193267353977007e-01   1.373910518892567e-01  -5.010000000000000e-02
  5.193303719080534e-01   1.373886770253528e-01  -5.010000000000001e-02
  5.193339402979924e-01   1.373863328446968e-01  -5.010000000000000e-02
  5.193372865588982e-01   1.373837984459741e-01  -5.010000000000000e-02
  5.193405762321393e-01   1.373813069057460e-01  -5.010000000000000e-02
  5.193438102604236e-01   1.373788575100223e-01  -5.010000000000000e-02
  5.193469521195461e-01   1.373764036625433e-01  -5.010000000000000e-02
  5.193498979798130e-01   1.373738163197387e-01  -5.009999999999999e-02
  5.193527939737852e-01   1.373712727743946e-01  -5.010000000000000e-02
  5.193556409338783e-01   1.373687722954021e-01  -5.010000000000000e-02
  5.193584144348044e-01   1.373662875954034e-01  -5.010000000000000e-02
  5.193609682855820e-01   1.373636632611637e-01  -5.010000000000000e-02
  5.193634788656037e-01   1.373610833919048e-01  -5.010000000000000e-02
  5.193659468985478e-01   1.373585472439761e-01  -5.010000000000000e-02
  5.193683730963097e-01   1.373560540858344e-01  -5.010000000000000e-02
  5.193706019463060e-01   1.373534630826587e-01  -5.010000000000000e-02
  5.193727431060017e-01   1.373508712659879e-01  -5.010000000000000e-02
  5.193748479482574e-01   1.373483234106088e-01  -5.010000000000000e-02
  5.193769170817834e-01   1.373458187796942e-01  -5.009999999999999e-02
  5.193789442679001e-01   1.373433514805771e-01  -5.010000000000000e-02
  5.193807271939003e-01   1.373407674425568e-01  -5.010000000000000e-02
  5.193824798545861e-01   1.373382272687925e-01  -5.010000000000000e-02
  5.193842027580445e-01   1.373357302229016e-01  -5.010000000000000e-02
  5.193858964040250e-01   1.373332755805854e-01  -5.010000000000000e-02
  5.193875612840692e-01   1.373308626294403e-01  -5.010000000000000e-02
  5.193890049458108e-01   1.373283700393238e-01  -5.010000000000000e-02
  5.193903966632014e-01   1.373259026590725e-01  -5.010000000000000e-02
  5.193917647301867e-01   1.373234772087011e-01  -5.010000000000000e-02
  5.193931095446813e-01   1.373210929827456e-01  -5.010000000000001e-02
  5.193944314980402e-01   1.373187492873713e-01  -5.010000000000000e-02
  5.193956955431888e-01   1.373164275413854e-01  -5.010000000000000e-02
  5.193967604291819e-01   1.373140555281579e-01  -5.010000000000000e-02
  5.193978072038187e-01   1.373117238576312e-01  -5.010000000000000e-02
  5.193988361723290e-01   1.373094318499114e-01  -5.010000000000000e-02
  5.193998476348940e-01   1.373071788363506e-01  -5.010000000000000e-02
  5.194008418867260e-01   1.373049641593692e-01  -5.010000000000000e-02
  5.194018192181478e-01   1.373027871722786e-01  -5.010000000000000e-02
  5.194026256535260e-01   1.373005866459833e-01  -5.010000000000000e-02
  5.194033653769554e-01   1.372984027678433e-01  -5.010000000000000e-02
  5.194040925061423e-01   1.372962560715608e-01  -5.010000000000000e-02
  5.194048072537839e-01   1.372941459291913e-01  -5.010000000000000e-02
  5.194055098290441e-01   1.372920717232226e-01  -5.010000000000001e-02
  5.194062004376099e-01   1.372900328464071e-01  -5.010000000000000e-02
  5.194068792817473e-01   1.372880287015968e-01  -5.010000000000000e-02
  5.194074789509298e-01   1.372860393125923e-01  -5.010000000000000e-02
  5.194079489867561e-01   1.372840495754413e-01  -5.010000000000000e-02
  5.194084110125083e-01   1.372820937462211e-01  -5.010000000000000e-02
  5.194088651637160e-01   1.372801712512124e-01  -5.010000000000000e-02
  5.194093115736489e-01   1.372782815262629e-01  -5.010000000000000e-02
  5.194097503733534e-01   1.372764240166335e-01  -5.010000000000000e-02
  5.194101816916877e-01   1.372745981768451e-01  -5.010000000000000e-02
  5.194106056553585e-01   1.372728034705288e-01  -5.010000000000000e-02
  5.194110223889551e-01   1.372710393702782e-01  -5.010000000000000e-02
  5.194113266029334e-01   1.372692856013815e-01  -5.010000000000000e-02
  5.194115684942369e-01   1.372675510391597e-01  -5.010000000000000e-02
  5.194118062590862e-01   1.372658460670527e-01  -5.010000000000000e-02
  5.194120399674461e-01   1.372641701833553e-01  -5.010000000000001e-02
  5.194122696881096e-01   1.372625228947639e-01  -5.010000000000000e-02
  5.194124954887172e-01   1.372609037162403e-01  -5.010000000000000e-02
  5.194127174357754e-01   1.372593121708760e-01  -5.010000000000000e-02
  5.194129355946762e-01   1.372577477897594e-01  -5.010000000000001e-02
  5.194131500297137e-01   1.372562101118450e-01  -5.010000000000000e-02
  5.194133608041034e-01   1.372546986838245e-01  -5.010000000000000e-02
  5.194135679799999e-01   1.372532130600000e-01  -5.010000000000000e-02
