688
  4.936405529341700e-01   1.265859316451680e-01  -5.010000000000000e-02
  4.936393579242412e-01   1.265868382604504e-01  -5.009999999999999e-02
  4.936381422316808e-01   1.265877605669748e-01  -5.010000000000000e-02
  4.936369055005291e-01   1.265886988347962e-01  -5.010000000000000e-02
  4.936356473687706e-01   1.265896533385641e-01  -5.010000000000000e-02
  4.936343674682331e-01   1.265906243575987e-01  -5.010000000000000e-02
  4.936330654244854e-01   1.265916121759687e-01  -5.010000000000000e-02
  4.936317408567342e-01   1.265926170825700e-01  -5.010000000000000e-02
  4.936303933777176e-01   1.265936393712053e-01  -5.010000000000000e-02
  4.936290225935993e-01   1.265946793406655e-01  -5.010000000000000e-02
  4.936276281038590e-01   1.265957372948125e-01  -5.010000000000000e-02
  4.936262095011822e-01   1.265968135426624e-01  -5.010000000000000e-02
  4.936250064406139e-01   1.265981529424860e-01  -5.010000000000000e-02
  4.936238657380408e-01   1.265996002035828e-01  -5.009999999999999e-02
  4.936227053176142e-01   1.266010724816148e-01  -5.010000000000000e-02
  4.936215248408481e-01   1.266025702060345e-01  -5.010000000000000e-02
  4.936203239635281e-01   1.266040938135621e-01  -5.010000000000000e-02
  4.936191023356178e-01   1.266056437483051e-01  -5.010000000000000e-02
  4.936178596011623e-01   1.266072204618793e-01  -5.010000000000000e-02
  4.936165953981922e-01   1.266088244135318e-01  -5.009999999999999e-02
  4.936153093586246e-01   1.266104560702660e-01  -5.010000000000000e-02
  4.936140011081635e-01   1.266121159069684e-01  -5.010000000000000e-02
  4.936126702661977e-01   1.266138044065374e-01  -5.010000000000000e-02
  4.936115616107462e-01   1.266156831890902e-01  -5.010000000000000e-02
  4.936105040046935e-01   1.266176405366706e-01  -5.010000000000000e-02
  4.936094281428863e-01   1.266196316707983e-01  -5.010000000000000e-02
  4.936083337128364e-01   1.266216571698058e-01  -5.010000000000001e-02
  4.936072203967988e-01   1.266237176217546e-01  -5.010000000000000e-02
  4.936060878716863e-01   1.266258136245933e-01  -5.010000000000000e-02
  4.936049358089830e-01   1.266279457863175e-01  -5.010000000000000e-02
  4.936037638746566e-01   1.266301147251320e-01  -5.010000000000000e-02
  4.936025717290694e-01   1.266323210696159e-01  -5.010000000000001e-02
  4.936013590268878e-01   1.266345654588900e-01  -5.010000000000000e-02
  4.936001254169907e-01   1.266368485427861e-01  -5.010000000000000e-02
  4.935991499511442e-01   1.266393012852682e-01  -5.010000000000000e-02
  4.935981605289172e-01   1.266417976324046e-01  -5.010000000000000e-02
  4.935971540569248e-01   1.266443369966997e-01  -5.009999999999999e-02
  4.935961302443361e-01   1.266469201119303e-01  -5.009999999999999e-02
  4.935950887954629e-01   1.266495477241280e-01  -5.010000000000000e-02
  4.935940294096824e-01   1.266522205917746e-01  -5.010000000000000e-02
  4.935929517813588e-01   1.266549394860007e-01  -5.010000000000000e-02
  4.935918555997627e-01   1.266577051907864e-01  -5.010000000000000e-02
  4.935907405489916e-01   1.266605185031655e-01  -5.010000000000000e-02
  4.935896063078868e-01   1.266633802334325e-01  -5.010000000000000e-02
  4.935885793469587e-01   1.266663354085021e-01  -5.010000000000000e-02
  4.935876577961550e-01   1.266693843296085e-01  -5.010000000000000e-02
  4.935867203945628e-01   1.266724856925378e-01  -5.010000000000001e-02
  4.935857668728287e-01   1.266756403884361e-01  -5.010000000000001e-02
  4.935847969571370e-01   1.266788493232144e-01  -5.010000000000000e-02
  4.935838103691394e-01   1.266821134177791e-01  -5.010000000000000e-02
  4.935828068258841e-01   1.266854336082672e-01  -5.010000000000000e-02
  4.935817860397438e-01   1.266888108462835e-01  -5.009999999999999e-02
  4.935807477183437e-01   1.266922460991417e-01  -5.010000000000000e-02
  4.935796915644865e-01   1.266957403501085e-01  -5.010000000000000e-02
  4.935787225654287e-01   1.266993228707065e-01  -5.010000000000000e-02
  4.935778573662912e-01   1.267029992288165e-01  -5.009999999999999e-02
  4.935769773183691e-01   1.267067386815913e-01  -5.009999999999999e-02
  4.935760821704772e-01   1.267105422963541e-01  -5.009999999999999e-02
  4.935751716673082e-01   1.267144111579421e-01  -5.010000000000000e-02
  4.935742455493705e-01   1.267183463689748e-01  -5.010000000000000e-02
  4.935733035529227e-01   1.267223490501266e-01  -5.010000000000000e-02
  4.935723454099102e-01   1.267264203404013e-01  -5.010000000000000e-02
  4.935713708478990e-01   1.267305613974116e-01  -5.010000000000000e-02
  4.935703795900089e-01   1.267347733976612e-01  -5.010000000000000e-02
  4.935695671176632e-01   1.267390987107784e-01  -5.010000000000000e-02
  4.935687503950176e-01   1.267435001149194e-01  -5.010000000000001e-02
  4.935679196922002e-01   1.267479768596743e-01  -5.010000000000000e-02
  4.935670747739943e-01   1.267525302126516e-01  -5.010000000000000e-02
  4.935662154013677e-01   1.267571614620208e-01  -5.010000000000000e-02
  4.935653413314159e-01   1.267618719168190e-01  -5.010000000000000e-02
  4.935644523173050e-01   1.267666629072614e-01  -5.010000000000000e-02
  4.935635481082126e-01   1.267715357850554e-01  -5.010000000000000e-02
  4.935626284492694e-01   1.267764919237177e-01  -5.010000000000000e-02
  4.935618852137771e-01   1.267815645862265e-01  -5.010000000000000e-02
  4.935611304461153e-01   1.267867240597463e-01  -5.010000000000000e-02
  4.935603627945931e-01   1.267919716053179e-01  -5.010000000000001e-02
  4.935595820436826e-01   1.267973086962555e-01  -5.010000000000000e-02
  4.935587879744036e-01   1.268027368294749e-01  -5.010000000000000e-02
  4.935579803642729e-01   1.268082575258346e-01  -5.010000000000001e-02
  4.935571589872548e-01   1.268138723304811e-01  -5.010000000000001e-02
  4.935563236137091e-01   1.268195828131982e-01  -5.010000000000000e-02
  4.935555812507401e-01   1.268254045756337e-01  -5.010000000000000e-02
  4.935548992573661e-01   1.268313350055603e-01  -5.010000000000000e-02
  4.935542056555842e-01   1.268373663790629e-01  -5.009999999999999e-02
  4.935535002523542e-01   1.268435003747650e-01  -5.010000000000000e-02
  4.935527828515842e-01   1.268497386978314e-01  -5.010000000000000e-02
  4.935520532540867e-01   1.268560830803404e-01  -5.010000000000001e-02
  4.935513112575365e-01   1.268625352816585e-01  -5.010000000000001e-02
  4.935505566564266e-01   1.268690970888195e-01  -5.010000000000000e-02
  4.935499196627742e-01   1.268757835926749e-01  -5.010000000000000e-02
  4.935493166449422e-01   1.268825881453042e-01  -5.010000000000000e-02
  4.935487033965627e-01   1.268895081411186e-01  -5.010000000000001e-02
  4.935480797486717e-01   1.268965454867352e-01  -5.010000000000000e-02
  4.935474455296740e-01   1.269037021184613e-01  -5.009999999999999e-02
  4.935468005653081e-01   1.269109800026933e-01  -5.010000000000001e-02
  4.935461446786104e-01   1.269183811363195e-01  -5.010000000000000e-02
  4.935455462766069e-01   1.269259128634252e-01  -5.010000000000000e-02
  4.935450370188321e-01   1.269335797112432e-01  -5.010000000000000e-02
  4.935445191493606e-01   1.269413762076821e-01  -5.009999999999999e-02
  4.935439925269380e-01   1.269493044793187e-01  -5.010000000000000e-02
  4.935434570081442e-01   1.269573666853354e-01  -5.010000000000001e-02
  4.935429124473654e-01   1.269655650179406e-01  -5.010000000000000e-02
  4.935423586967657e-01   1.269739017027917e-01  -5.010000000000000e-02
  4.935418865078644e-01   1.269823841697930e-01  -5.010000000000000e-02
  4.935414779468818e-01   1.269910137013939e-01  -5.010000000000001e-02
  4.935410625024159e-01   1.269997886243572e-01  -5.010000000000000e-02
  4.935406400624356e-01   1.270087113049736e-01  -5.010000000000000e-02
  4.935402105132229e-01   1.270177841451714e-01  -5.010000000000000e-02
  4.935397737393517e-01   1.270270095829535e-01  -5.010000000000000e-02
  4.935393559251604e-01   1.270363911143550e-01  -5.010000000000000e-02
  4.935390663601106e-01   1.270459355001381e-01  -5.009999999999999e-02
  4.935387719336326e-01   1.270556401239905e-01  -5.009999999999999e-02
  4.935384725671977e-01   1.270655075743165e-01  -5.010000000000000e-02
  4.935381681811145e-01   1.270755404778250e-01  -5.010000000000001e-02
  4.935378586945163e-01   1.270857414999749e-01  -5.010000000000000e-02
  4.935375736729386e-01   1.270961140184324e-01  -5.010000000000000e-02
  4.935374147546034e-01   1.271066630866115e-01  -5.010000000000000e-02
  4.935372531786615e-01   1.271173885678881e-01  -5.010000000000000e-02
  4.935370889025415e-01   1.271282932881568e-01  -5.010000000000000e-02
  4.935369218830548e-01   1.271393801143061e-01  -5.010000000000000e-02
  4.935367520763881e-01   1.271506519546644e-01  -5.010000000000000e-02
  4.935366741323917e-01   1.271621125333307e-01  -5.010000000000000e-02
  4.935366592057955e-01   1.271737646074791e-01  -5.010000000000001e-02
  4.935366440306624e-01   1.271856106957602e-01  -5.010000000000000e-02
  4.935366286030483e-01   1.271976538770505e-01  -5.010000000000000e-02
  4.935366129189531e-01   1.272098972738863e-01  -5.010000000000000e-02
  4.935366571561061e-01   1.272223437407408e-01  -5.010000000000000e-02
  4.935368046260586e-01   1.272349962641045e-01  -5.010000000000000e-02
  4.935369545417223e-01   1.272478586228682e-01  -5.010000000000000e-02
  4.935371069415750e-01   1.272609341183408e-01  -5.010000000000000e-02
  4.935372618646289e-01   1.272742260976518e-01  -5.010000000000000e-02
  4.935374981768108e-01   1.272877365614110e-01  -5.010000000000001e-02
  4.935378234031914e-01   1.273014688174038e-01  -5.010000000000001e-02
  4.935381539999272e-01   1.273154278295759e-01  -5.010000000000000e-02
  4.935384900507116e-01   1.273296171317760e-01  -5.010000000000000e-02
  4.935388316403723e-01   1.273440403057335e-01  -5.010000000000000e-02
  4.935393341560821e-01   1.273586963985761e-01  -5.010000000000000e-02
  4.935398605751638e-01   1.273735931350449e-01  -5.010000000000000e-02
  4.935403956458081e-01   1.273887346955593e-01  -5.009999999999999e-02
  4.935409395014466e-01   1.274041248559970e-01  -5.010000000000000e-02
  4.935416025288202e-01   1.274197629301488e-01  -5.010000000000000e-02
  4.935423416744570e-01   1.274356545613390e-01  -5.010000000000000e-02
  4.935430929181855e-01   1.274518063015022e-01  -5.009999999999999e-02
  4.935438564449065e-01   1.274682221260042e-01  -5.010000000000000e-02
  4.935446907988250e-01   1.274849031849145e-01  -5.010000000000000e-02
  4.935455734759243e-01   1.275018546748430e-01  -5.010000000000000e-02
  4.935464705372185e-01   1.275190824079602e-01  -5.010000000000000e-02
  4.935473822004043e-01   1.275365905650507e-01  -5.010000000000000e-02
  4.935483086859061e-01   1.275543833792801e-01  -5.010000000000000e-02
  4.935492502168897e-01   1.275724651364728e-01  -5.010000000000000e-02
  4.935502070192773e-01   1.275908401753751e-01  -5.010000000000000e-02
  4.935511793217592e-01   1.276095128879056e-01  -5.010000000000000e-02
  4.935521673558072e-01   1.276284877193895e-01  -5.010000000000000e-02
  4.935531713556849e-01   1.276477691687780e-01  -5.010000000000000e-02
  4.935541915584590e-01   1.276673617888509e-01  -5.010000000000000e-02
  4.935552282040091e-01   1.276872701864023e-01  -5.010000000000000e-02
  4.935562815350356e-01   1.277074990224086e-01  -5.010000000000000e-02
  4.935573105946887e-01   1.277280549864834e-01  -5.010000000000000e-02
  4.935582249515232e-01   1.277489471935251e-01  -5.010000000000000e-02
  4.935591539645668e-01   1.277701742813755e-01  -5.010000000000000e-02
  4.935600978474359e-01   1.277917411309674e-01  -5.010000000000000e-02
  4.935610568161425e-01   1.278136526779786e-01  -5.009999999999999e-02
  4.935620310890966e-01   1.278359139128740e-01  -5.010000000000000e-02
  4.935630208871066e-01   1.278585298809247e-01  -5.010000000000000e-02
  4.935640264333796e-01   1.278815056822008e-01  -5.010000000000000e-02
  4.935650479535192e-01   1.279048464715391e-01  -5.010000000000000e-02
  4.935660856755235e-01   1.279285574584838e-01  -5.010000000000000e-02
  4.935671398297810e-01   1.279526439071989e-01  -5.010000000000000e-02
  4.935683285547665e-01   1.279771050160876e-01  -5.010000000000000e-02
  4.935698199327548e-01   1.280019374455436e-01  -5.010000000000000e-02
  4.935713348083408e-01   1.280271611255333e-01  -5.010000000000001e-02
  4.935728735104331e-01   1.280527815326062e-01  -5.010000000000000e-02
  4.935744363711646e-01   1.280788041969918e-01  -5.010000000000000e-02
  4.935760237258751e-01   1.281052347023208e-01  -5.010000000000000e-02
  4.935776359130928e-01   1.281320786853119e-01  -5.010000000000000e-02
  4.935792732745132e-01   1.281593418354206e-01  -5.010000000000000e-02
  4.935809361549757e-01   1.281870298944507e-01  -5.010000000000000e-02
  4.935827621560045e-01   1.282151388421630e-01  -5.010000000000000e-02
  4.935851274136907e-01   1.282436476541899e-01  -5.010000000000000e-02
  4.935875293193396e-01   1.282725981897082e-01  -5.010000000000000e-02
  4.935899683655046e-01   1.283019963855376e-01  -5.010000000000000e-02
  4.935924450488630e-01   1.283318482282052e-01  -5.010000000000000e-02
  4.935949598701626e-01   1.283621597533023e-01  -5.010000000000000e-02
  4.935975133341650e-01   1.283929370447949e-01  -5.010000000000000e-02
  4.936001059495835e-01   1.284241862342847e-01  -5.010000000000000e-02
  4.936031337487746e-01   1.284558755902343e-01  -5.010000000000000e-02
  4.936066285963446e-01   1.284880083324243e-01  -5.010000000000000e-02
  4.936101766691755e-01   1.285206304446243e-01  -5.010000000000000e-02
  4.936137786522880e-01   1.285537482251308e-01  -5.010000000000000e-02
  4.936174352353863e-01   1.285873680153057e-01  -5.010000000000000e-02
  4.936211471127440e-01   1.286214961985208e-01  -5.010000000000001e-02
  4.936249149830827e-01   1.286561391990455e-01  -5.010000000000000e-02
  4.936294656713617e-01   1.286912147946908e-01  -5.010000000000000e-02
  4.936342882966689e-01   1.287267919716660e-01  -5.010000000000000e-02
  4.936391831184678e-01   1.287629017521920e-01  -5.010000000000000e-02
  4.936441510252272e-01   1.287995506906267e-01  -5.010000000000000e-02
  4.936491929100661e-01   1.288367453756324e-01  -5.009999999999999e-02
  4.936543096705521e-01   1.288744924286905e-01  -5.010000000000000e-02
  4.936603900487805e-01   1.289126661209641e-01  -5.010000000000000e-02
  4.936666898811827e-01   1.289513842285508e-01  -5.010000000000001e-02
  4.936730824829314e-01   1.289906724867877e-01  -5.010000000000000e-02
  4.936795689457964e-01   1.290305376055773e-01  -5.010000000000001e-02
  4.936861503654943e-01   1.290709863190777e-01  -5.010000000000000e-02
  4.936934755821408e-01   1.291119112018573e-01  -5.010000000000000e-02
  4.937013459244306e-01   1.291533542463989e-01  -5.010000000000000e-02
  4.937093304242063e-01   1.291953984126705e-01  -5.010000000000000e-02
  4.937174303689991e-01   1.292380504804555e-01  -5.010000000000000e-02
  4.937256470489811e-01   1.292813172434423e-01  -5.010000000000000e-02
  4.937349380655888e-01   1.293250109758513e-01  -5.010000000000000e-02
  4.937445472412864e-01   1.293692925761103e-01  -5.010000000000000e-02
  4.937542935150729e-01   1.294142059602978e-01  -5.010000000000000e-02
  4.937641783603097e-01   1.294597579180482e-01  -5.010000000000000e-02
  4.937748017333822e-01   1.295058173447575e-01  -5.010000000000000e-02
  4.937861610918660e-01   1.295523919560012e-01  -5.010000000000001e-02
  4.937976802206235e-01   1.295996216428283e-01  -5.010000000000000e-02
  4.938093607635244e-01   1.296475131452841e-01  -5.010000000000000e-02
  4.938218557752221e-01   1.296959056304243e-01  -5.010000000000000e-02
  4.938350956586365e-01   1.297448241401710e-01  -5.010000000000000e-02
  4.938485189298426e-01   1.297944202282012e-01  -5.010000000000000e-02
  4.938621273860864e-01   1.298447005349505e-01  -5.010000000000000e-02
  4.938770023633177e-01   1.298953652849069e-01  -5.010000000000000e-02
  4.938922456648042e-01   1.299466765018278e-01  -5.010000000000000e-02
  4.939076966593062e-01   1.299986868442883e-01  -5.010000000000000e-02
  4.939239475392999e-01   1.300512196894066e-01  -5.010000000000000e-02
  4.939411005691263e-01   1.301042503588500e-01  -5.010000000000000e-02
  4.939584842649935e-01   1.301579941602985e-01  -5.010000000000000e-02
  4.939764728577825e-01   1.302123321943888e-01  -5.010000000000000e-02
  4.939956121568475e-01   1.302670877830963e-01  -5.010000000000000e-02
  4.940150052937221e-01   1.303225695759688e-01  -5.010000000000000e-02
  4.940350655174220e-01   1.303786346658475e-01  -5.010000000000000e-02
  4.940562776914644e-01   1.304351141195501e-01  -5.010000000000000e-02
  4.940777671158657e-01   1.304923317790006e-01  -5.010000000000000e-02
  4.941002132698710e-01   1.305500304481700e-01  -5.010000000000001e-02
  4.941235769137928e-01   1.306082320320675e-01  -5.010000000000000e-02
  4.941472412579483e-01   1.306671826956010e-01  -5.010000000000000e-02
  4.941723587003533e-01   1.307264116268948e-01  -5.009999999999999e-02
  4.941979526391735e-01   1.307863298102163e-01  -5.010000000000000e-02
  4.942243684498160e-01   1.308467877205831e-01  -5.010000000000000e-02
  4.942519313964975e-01   1.309076485527761e-01  -5.010000000000000e-02
  4.942798475740400e-01   1.309692675633287e-01  -5.010000000000000e-02
  4.943094070552347e-01   1.310310502141215e-01  -5.010000000000000e-02
  4.943393322893308e-01   1.310935973297448e-01  -5.010000000000000e-02
  4.943705901320318e-01   1.311564399949964e-01  -5.009999999999999e-02
  4.944025622596300e-01   1.312198876588658e-01  -5.010000000000000e-02
  4.944356833802514e-01   1.312837130149903e-01  -5.010000000000000e-02
  4.944697449013622e-01   1.313480293807449e-01  -5.009999999999999e-02
  4.945048797157181e-01   1.314127564639012e-01  -5.010000000000000e-02
  4.945410506567846e-01   1.314779196889236e-01  -5.010000000000001e-02
  4.945783311941540e-01   1.315434669476681e-01  -5.010000000000000e-02
  4.946166377151746e-01   1.316094506792244e-01  -5.010000000000000e-02
  4.946561919154578e-01   1.316757293311718e-01  -5.010000000000000e-02
  4.946966689325420e-01   1.317425002797917e-01  -5.010000000000000e-02
  4.947386069060502e-01   1.318094231742945e-01  -5.010000000000000e-02
  4.947813124652212e-01   1.318769304065248e-01  -5.010000000000000e-02
  4.948256987430115e-01   1.319444311358603e-01  -5.010000000000000e-02
  4.948709743828895e-01   1.320124292890704e-01  -5.010000000000001e-02
  4.949175761073485e-01   1.320806357834130e-01  -5.009999999999999e-02
  4.949654965542722e-01   1.321490382579718e-01  -5.010000000000000e-02
  4.950144199048731e-01   1.322178577213621e-01  -5.010000000000000e-02
  4.950649803784069e-01   1.322866289424972e-01  -5.009999999999999e-02
  4.951166787359833e-01   1.323556996865860e-01  -5.009999999999999e-02
  4.951695004333988e-01   1.324250832768273e-01  -5.010000000000000e-02
  4.952240225219984e-01   1.324943203139281e-01  -5.009999999999999e-02
  4.952797102444966e-01   1.325638112028511e-01  -5.010000000000001e-02
  4.953366136340807e-01   1.326335147197629e-01  -5.010000000000000e-02
  4.953951131823967e-01   1.327031033505481e-01  -5.010000000000001e-02
  4.954549577966204e-01   1.327727657882714e-01  -5.010000000000000e-02
  4.955160878242775e-01   1.328425442917502e-01  -5.010000000000001e-02
  4.955785531746784e-01   1.329123862600800e-01  -5.010000000000000e-02
  4.956426686580170e-01   1.329819863713066e-01  -5.010000000000000e-02
  4.957081231319439e-01   1.330516075787895e-01  -5.010000000000000e-02
  4.957749419716517e-01   1.331212139514073e-01  -5.010000000000000e-02
  4.958431461006295e-01   1.331907712500376e-01  -5.010000000000000e-02
  4.959128479640645e-01   1.332601495207918e-01  -5.009999999999999e-02
  4.959840773606717e-01   1.333292925390771e-01  -5.010000000000000e-02
  4.960567072260307e-01   1.333983089681438e-01  -5.010000000000000e-02
  4.961307547898485e-01   1.334671618914483e-01  -5.010000000000000e-02
  4.962062324294970e-01   1.335358177519175e-01  -5.010000000000000e-02
  4.962831443049425e-01   1.336042501516178e-01  -5.010000000000000e-02
  4.963614923861459e-01   1.336724338441803e-01  -5.010000000000000e-02
  4.964413869297939e-01   1.337402132316194e-01  -5.010000000000001e-02
  4.965227182982602e-01   1.338076875869420e-01  -5.009999999999999e-02
  4.966054759745108e-01   1.338748439112722e-01  -5.010000000000000e-02
  4.966896539505370e-01   1.339416632014902e-01  -5.010000000000000e-02
  4.967752556473106e-01   1.340081133812670e-01  -5.010000000000000e-02
  4.968622749775636e-01   1.340741736310732e-01  -5.010000000000000e-02
  4.969507052302133e-01   1.341398227123286e-01  -5.010000000000000e-02
  4.970405399758413e-01   1.342050385730305e-01  -5.010000000000000e-02
  4.971317644942512e-01   1.342698095030986e-01  -5.009999999999999e-02
  4.972243742587428e-01   1.343341092245399e-01  -5.010000000000000e-02
  4.973183553475762e-01   1.343979239029244e-01  -5.010000000000000e-02
  4.974136970079731e-01   1.344612347031280e-01  -5.009999999999999e-02
  4.975103802109037e-01   1.345240346601767e-01  -5.010000000000000e-02
  4.976083943839151e-01   1.345863036481733e-01  -5.010000000000000e-02
  4.977077250589165e-01   1.346480269842798e-01  -5.010000000000000e-02
  4.978083504176774e-01   1.347092014844383e-01  -5.010000000000000e-02
  4.979102563657061e-01   1.347698112747619e-01  -5.010000000000000e-02
  4.980134265851362e-01   1.348298436625228e-01  -5.010000000000000e-02
  4.981178418984783e-01   1.348892905555284e-01  -5.010000000000000e-02
  4.982234785025732e-01   1.349481518936414e-01  -5.010000000000000e-02
  4.983303224968800e-01   1.350064099381393e-01  -5.010000000000000e-02
  4.984383471410143e-01   1.350640699723692e-01  -5.010000000000000e-02
  4.985475371242368e-01   1.351211161559407e-01  -5.010000000000000e-02
  4.986578677556313e-01   1.351775501338954e-01  -5.010000000000000e-02
  4.987693157576251e-01   1.352333709685623e-01  -5.010000000000000e-02
  4.988818637149717e-01   1.352885659976182e-01  -5.010000000000000e-02
  4.989954856992322e-01   1.353431395976652e-01  -5.010000000000001e-02
  4.991101552881893e-01   1.353970973944417e-01  -5.010000000000000e-02
  4.992258552248939e-01   1.354504258078537e-01  -5.010000000000000e-02
  4.993425588227181e-01   1.355031311769817e-01  -5.010000000000000e-02
  4.994602420043697e-01   1.355552143934804e-01  -5.010000000000000e-02
  4.995788814710115e-01   1.356066745632128e-01  -5.010000000000001e-02
  4.996984528719511e-01   1.356575132933157e-01  -5.010000000000000e-02
  4.998189301600485e-01   1.357077360805100e-01  -5.009999999999999e-02
  4.999402918616933e-01   1.357573376955330e-01  -5.010000000000000e-02
  5.000625107802810e-01   1.358063266834922e-01  -5.010000000000000e-02
  5.001855600306224e-01   1.358547111507037e-01  -5.010000000000000e-02
  5.003094161270818e-01   1.359024906777813e-01  -5.010000000000000e-02
  5.004340561634637e-01   1.359496632674054e-01  -5.010000000000000e-02
  5.005594530824054e-01   1.359962377388101e-01  -5.010000000000000e-02
  5.006855814044744e-01   1.360422188448686e-01  -5.010000000000000e-02
  5.008124154936475e-01   1.360876119874462e-01  -5.010000000000000e-02
  5.009399298568396e-01   1.361324220582480e-01  -5.010000000000000e-02
  5.010681017666376e-01   1.361766462003981e-01  -5.010000000000000e-02
  5.011969027712989e-01   1.362202980606019e-01  -5.010000000000000e-02
  5.013263066368057e-01   1.362633849260268e-01  -5.010000000000000e-02
  5.014562913025591e-01   1.363059017938470e-01  -5.010000000000001e-02
  5.015868303577410e-01   1.363478565580914e-01  -5.009999999999999e-02
  5.017178985351899e-01   1.363892537792747e-01  -5.010000000000000e-02
  5.018494696842530e-01   1.364301008730789e-01  -5.010000000000001e-02
  5.019815185432071e-01   1.364704025546907e-01  -5.010000000000000e-02
  5.021140200640202e-01   1.365101629153857e-01  -5.010000000000000e-02
  5.022469489688902e-01   1.365493868630563e-01  -5.010000000000000e-02
  5.023802805734476e-01   1.365880773828257e-01  -5.010000000000000e-02
  5.025139900575244e-01   1.366262379758621e-01  -5.010000000000000e-02
  5.026480519382461e-01   1.366638745615135e-01  -5.010000000000000e-02
  5.027824429816494e-01   1.367009851760485e-01  -5.010000000000000e-02
  5.029171402856285e-01   1.367375662473837e-01  -5.010000000000000e-02
  5.030521207107266e-01   1.367736147926419e-01  -5.010000000000000e-02
  5.031873571034037e-01   1.368091432063298e-01  -5.010000000000000e-02
  5.033228206015992e-01   1.368441713298658e-01  -5.010000000000000e-02
  5.034584883418517e-01   1.368786963640693e-01  -5.010000000000000e-02
  5.035943374471409e-01   1.369127156202105e-01  -5.009999999999999e-02
  5.037303441942950e-01   1.369462298850042e-01  -5.010000000000000e-02
  5.038664830561880e-01   1.369792476727628e-01  -5.010000000000000e-02
  5.040027295763933e-01   1.370117735320183e-01  -5.010000000000001e-02
  5.041390607722648e-01   1.370438063699105e-01  -5.010000000000000e-02
  5.042754531378983e-01   1.370753476019018e-01  -5.010000000000000e-02
  5.044118836745213e-01   1.371063969162314e-01  -5.010000000000000e-02
  5.045483307371989e-01   1.371369482397844e-01  -5.010000000000000e-02
  5.046847795530229e-01   1.371669639305350e-01  -5.010000000000000e-02
  5.048211963887739e-01   1.371964927271445e-01  -5.009999999999999e-02
  5.049575580445256e-01   1.372255375163061e-01  -5.010000000000000e-02
  5.050938418069646e-01   1.372540996575820e-01  -5.010000000000000e-02
  5.052300249175248e-01   1.372821815538147e-01  -5.010000000000000e-02
  5.053660853779305e-01   1.373097827034140e-01  -5.010000000000000e-02
  5.055020017424055e-01   1.373369008187496e-01  -5.010000000000000e-02
  5.056377523475532e-01   1.373635352679648e-01  -5.010000000000000e-02
  5.057733278155130e-01   1.373896217546808e-01  -5.010000000000000e-02
  5.059086938088415e-01   1.374152256064401e-01  -5.010000000000001e-02
  5.060438282397943e-01   1.374403518495656e-01  -5.010000000000000e-02
  5.061787090866970e-01   1.374650066015196e-01  -5.010000000000001e-02
  5.063133153935541e-01   1.374891915386096e-01  -5.010000000000000e-02
  5.064476275398170e-01   1.375129023928877e-01  -5.010000000000000e-02
  5.065816391233512e-01   1.375360585631555e-01  -5.010000000000000e-02
  5.067153189017861e-01   1.375587220905030e-01  -5.010000000000000e-02
  5.068486427112469e-01   1.375809190053036e-01  -5.010000000000000e-02
  5.069815913386763e-01   1.376026484447722e-01  -5.010000000000001e-02
  5.071141456021092e-01   1.376239112312007e-01  -5.010000000000000e-02
  5.072462928042356e-01   1.376446680503811e-01  -5.010000000000000e-02
  5.073780198278672e-01   1.376648801097487e-01  -5.010000000000001e-02
  5.075092948285241e-01   1.376846336734257e-01  -5.010000000000000e-02
  5.076400992783730e-01   1.377039334247565e-01  -5.010000000000000e-02
  5.077704151789546e-01   1.377227828867983e-01  -5.010000000000000e-02
  5.079002383164388e-01   1.377410891851502e-01  -5.010000000000000e-02
  5.080295458857955e-01   1.377588882830472e-01  -5.010000000000000e-02
  5.081583121850092e-01   1.377762449983616e-01  -5.010000000000000e-02
  5.082865206381491e-01   1.377931627401930e-01  -5.010000000000000e-02
  5.084141626210088e-01   1.378095855341675e-01  -5.010000000000000e-02
  5.085412285418515e-01   1.378254601337042e-01  -5.010000000000001e-02
  5.086676877946057e-01   1.378409059949727e-01  -5.010000000000000e-02
  5.087935249302557e-01   1.378559299049030e-01  -5.010000000000000e-02
  5.089187331892126e-01   1.378704662280919e-01  -5.010000000000000e-02
  5.090433029847328e-01   1.378844679401218e-01  -5.010000000000001e-02
  5.091672059196490e-01   1.378980618550504e-01  -5.010000000000001e-02
  5.092904280342716e-01   1.379112562968738e-01  -5.010000000000000e-02
  5.094129719400760e-01   1.379239004535976e-01  -5.010000000000000e-02
  5.095348135239117e-01   1.379360960900467e-01  -5.010000000000000e-02
  5.096559341985034e-01   1.379479076634393e-01  -5.009999999999999e-02
  5.097763283351394e-01   1.379592721985560e-01  -5.010000000000000e-02
  5.098959910193921e-01   1.379701093648842e-01  -5.010000000000000e-02
  5.100148958253075e-01   1.379805835557002e-01  -5.009999999999999e-02
  5.101330336031302e-01   1.379906823200508e-01  -5.010000000000000e-02
  5.102504096927963e-01   1.380002101925738e-01  -5.010000000000000e-02
  5.103669947310814e-01   1.380093958379616e-01  -5.010000000000000e-02
  5.104827797243977e-01   1.380182402933529e-01  -5.010000000000000e-02
  5.105977718672532e-01   1.380265156165529e-01  -5.009999999999999e-02
  5.107119430276033e-01   1.380344774966002e-01  -5.010000000000000e-02
  5.108252871341839e-01   1.380421018605394e-01  -5.010000000000000e-02
  5.109378087547762e-01   1.380491855004237e-01  -5.010000000000000e-02
  5.110494834169753e-01   1.380559839258774e-01  -5.010000000000001e-02
  5.111603098298704e-01   1.380624061646660e-01  -5.010000000000000e-02
  5.112702847959892e-01   1.380683700668653e-01  -5.010000000000000e-02
  5.113793904801443e-01   1.380740818487367e-01  -5.010000000000000e-02
  5.114876310472392e-01   1.380793416994847e-01  -5.010000000000000e-02
  5.115949940730070e-01   1.380842646305253e-01  -5.010000000000000e-02
  5.117014708676453e-01   1.380889341334227e-01  -5.010000000000000e-02
  5.118070663272025e-01   1.380930997438259e-01  -5.010000000000000e-02
  5.119117631010537e-01   1.380970645538084e-01  -5.010000000000000e-02
  5.120155646585086e-01   1.381006262274267e-01  -5.010000000000001e-02
  5.121184625871640e-01   1.381038840601293e-01  -5.010000000000001e-02
  5.122204516078925e-01   1.381069050139294e-01  -5.010000000000000e-02
  5.123215334063763e-01   1.381094868960666e-01  -5.010000000000000e-02
  5.124216972168828e-01   1.381119267264862e-01  -5.010000000000000e-02
  5.125209474004009e-01   1.381139162262011e-01  -5.010000000000000e-02
  5.126192749489850e-01   1.381157437626013e-01  -5.010000000000000e-02
  5.127166815420292e-01   1.381172259649731e-01  -5.009999999999999e-02
  5.128131629493566e-01   1.381184712005181e-01  -5.010000000000000e-02
  5.129087183345086e-01   1.381194703383835e-01  -5.009999999999999e-02
  5.130033463276185e-01   1.381201708895403e-01  -5.010000000000001e-02
  5.130970455301616e-01   1.381207000244090e-01  -5.010000000000000e-02
  5.131898155903827e-01   1.381208943583211e-01  -5.010000000000000e-02
  5.132816559595350e-01   1.381209772748038e-01  -5.010000000000000e-02
  5.133725662079600e-01   1.381207040877857e-01  -5.010000000000000e-02
  5.134625474703115e-01   1.381203590598258e-01  -5.010000000000000e-02
  5.135515985478246e-01   1.381196504877867e-01  -5.010000000000000e-02
  5.136397226161030e-01   1.381188907119247e-01  -5.010000000000000e-02
  5.137269177087657e-01   1.381177909053581e-01  -5.010000000000000e-02
  5.138131887581772e-01   1.381166443171021e-01  -5.009999999999999e-02
  5.138985333695141e-01   1.381151901289371e-01  -5.010000000000000e-02
  5.139829575708598e-01   1.381136743232170e-01  -5.010000000000000e-02
  5.140664594304533e-01   1.381119008456908e-01  -5.010000000000000e-02
  5.141490448920953e-01   1.381100331951744e-01  -5.010000000000000e-02
  5.142307139289944e-01   1.381079776684757e-01  -5.010000000000000e-02
  5.143114707221492e-01   1.381057798340241e-01  -5.010000000000001e-02
  5.143913188650401e-01   1.381034774876236e-01  -5.010000000000000e-02
  5.144702587131316e-01   1.381009661080485e-01  -5.010000000000000e-02
  5.145482998282036e-01   1.380984515689473e-01  -5.010000000000000e-02
  5.146254365768066e-01   1.380956562881535e-01  -5.010000000000000e-02
  5.147016835964164e-01   1.380928932493509e-01  -5.010000000000000e-02
  5.147770350622406e-01   1.380899029874028e-01  -5.010000000000001e-02
  5.148515024203803e-01   1.380868705882424e-01  -5.010000000000000e-02
  5.149250879256053e-01   1.380837521393778e-01  -5.010000000000000e-02
  5.149977930592384e-01   1.380804740808541e-01  -5.010000000000000e-02
  5.150696311314169e-01   1.380772351155560e-01  -5.010000000000000e-02
  5.151405939658597e-01   1.380737576896892e-01  -5.010000000000000e-02
  5.152106987555286e-01   1.380702986882792e-01  -5.010000000000001e-02
  5.152799460134843e-01   1.380667690826928e-01  -5.010000000000000e-02
  5.153483377058556e-01   1.380631036656540e-01  -5.010000000000000e-02
  5.154158885841070e-01   1.380594833116089e-01  -5.010000000000000e-02
  5.154825924725695e-01   1.380556972180226e-01  -5.010000000000000e-02
  5.155484633233324e-01   1.380518942047568e-01  -5.009999999999999e-02
  5.156135096142294e-01   1.380481239548811e-01  -5.010000000000000e-02
  5.156777235734499e-01   1.380441580846223e-01  -5.010000000000000e-02
  5.157411258517261e-01   1.380402423439828e-01  -5.010000000000000e-02
  5.158037186009887e-01   1.380363154165732e-01  -5.010000000000000e-02
  5.158655003534871e-01   1.380322578488685e-01  -5.010000000000000e-02
  5.159264889758546e-01   1.380282523706412e-01  -5.009999999999999e-02
  5.159866855497803e-01   1.380242217561565e-01  -5.010000000000000e-02
  5.160460916038189e-01   1.380200943462449e-01  -5.010000000000000e-02
  5.161047237498841e-01   1.380160207058605e-01  -5.010000000000000e-02
  5.161625837026398e-01   1.380119337582254e-01  -5.010000000000000e-02
  5.162196723006934e-01   1.380077533428030e-01  -5.010000000000000e-02
  5.162760067649408e-01   1.380036281501870e-01  -5.010000000000000e-02
  5.163315914827448e-01   1.379995278416697e-01  -5.010000000000000e-02
  5.163864231926132e-01   1.379953194764284e-01  -5.010000000000000e-02
  5.164405209703398e-01   1.379911674409007e-01  -5.010000000000000e-02
  5.164938915631209e-01   1.379870712172354e-01  -5.010000000000000e-02
  5.165465297583964e-01   1.379828774202314e-01  -5.010000000000000e-02
  5.165984525412150e-01   1.379787152149827e-01  -5.010000000000000e-02
  5.166496687543594e-01   1.379746096493795e-01  -5.010000000000000e-02
  5.167001798090442e-01   1.379704936014124e-01  -5.010000000000000e-02
  5.167499901417774e-01   1.379663366915682e-01  -5.010000000000000e-02
  5.167991147152022e-01   1.379622370116091e-01  -5.010000000000000e-02
  5.168475604331146e-01   1.379581939853805e-01  -5.010000000000000e-02
  5.168953242072281e-01   1.379540894386806e-01  -5.010000000000000e-02
  5.169424202550821e-01   1.379500085906825e-01  -5.010000000000000e-02
  5.169888583831153e-01   1.379459847510939e-01  -5.010000000000000e-02
  5.170346455147404e-01   1.379420173200048e-01  -5.010000000000000e-02
  5.170797776446179e-01   1.379379816660536e-01  -5.010000000000000e-02
  5.171242722648426e-01   1.379339972220570e-01  -5.010000000000000e-02
  5.171681367979539e-01   1.379300692016641e-01  -5.009999999999999e-02
  5.172113781432839e-01   1.379261969870473e-01  -5.010000000000000e-02
  5.172539933629615e-01   1.379222719300294e-01  -5.010000000000000e-02
  5.172959983635225e-01   1.379183927346848e-01  -5.010000000000000e-02
  5.173374009467014e-01   1.379145691730665e-01  -5.010000000000000e-02
  5.173782079494091e-01   1.379108006137803e-01  -5.010000000000000e-02
  5.174184201356531e-01   1.379070218084160e-01  -5.010000000000000e-02
  5.174580467515809e-01   1.379032583123663e-01  -5.010000000000000e-02
  5.174970983066166e-01   1.378995494321184e-01  -5.010000000000000e-02
  5.175355815421399e-01   1.378958945274166e-01  -5.010000000000000e-02
  5.175735028377454e-01   1.378922894908504e-01  -5.010000000000000e-02
  5.176108610050626e-01   1.378886518363713e-01  -5.010000000000000e-02
  5.176476710270813e-01   1.378850675561165e-01  -5.010000000000000e-02
  5.176839395214232e-01   1.378815360057122e-01  -5.010000000000000e-02
  5.177196730712546e-01   1.378780565441398e-01  -5.010000000000000e-02
  5.177548772740677e-01   1.378746188905970e-01  -5.010000000000000e-02
  5.177895529584273e-01   1.378711647269580e-01  -5.010000000000000e-02
  5.178237133397744e-01   1.378677618944164e-01  -5.010000000000000e-02
  5.178573648484394e-01   1.378644097524249e-01  -5.010000000000000e-02
  5.178905138738166e-01   1.378611076645141e-01  -5.010000000000000e-02
  5.179231667632503e-01   1.378578549984032e-01  -5.010000000000000e-02
  5.179553245512076e-01   1.378545987525458e-01  -5.010000000000000e-02
  5.179869976913598e-01   1.378513799807679e-01  -5.009999999999999e-02
  5.180181935706494e-01   1.378482097104580e-01  -5.010000000000000e-02
  5.180489183569857e-01   1.378450873148045e-01  -5.009999999999999e-02
  5.180791781715105e-01   1.378420121717486e-01  -5.010000000000000e-02
  5.181089788163700e-01   1.378389810169794e-01  -5.010000000000000e-02
  5.181383213889959e-01   1.378359451816870e-01  -5.010000000000000e-02
  5.181672171483115e-01   1.378329555745025e-01  -5.009999999999999e-02
  5.181956720199039e-01   1.378300115823543e-01  -5.010000000000000e-02
  5.182236918791503e-01   1.378271125973650e-01  -5.010000000000000e-02
  5.182512825506664e-01   1.378242580169096e-01  -5.010000000000000e-02
  5.182784498077981e-01   1.378214472436672e-01  -5.010000000000000e-02
  5.183051963853353e-01   1.378186510263307e-01  -5.010000000000000e-02
  5.183315298198828e-01   1.378158866942479e-01  -5.009999999999999e-02
  5.183574569113560e-01   1.378131650177175e-01  -5.010000000000000e-02
  5.183829832228788e-01   1.378104854127548e-01  -5.010000000000000e-02
  5.184081142643698e-01   1.378078473009604e-01  -5.009999999999999e-02
  5.184328554922651e-01   1.378052501095490e-01  -5.010000000000001e-02
  5.184572123092762e-01   1.378026932713752e-01  -5.010000000000000e-02
  5.184811877392735e-01   1.378001542178400e-01  -5.009999999999999e-02
  5.185047884262829e-01   1.377976451659191e-01  -5.010000000000000e-02
  5.185280206377891e-01   1.377951752876108e-01  -5.009999999999999e-02
  5.185508895591027e-01   1.377927440316508e-01  -5.010000000000000e-02
  5.185734003210807e-01   1.377903508525641e-01  -5.010000000000000e-02
  5.185955580000687e-01   1.377879952106710e-01  -5.010000000000000e-02
  5.186173676178677e-01   1.377856765720902e-01  -5.010000000000000e-02
  5.186388341417277e-01   1.377833944087402e-01  -5.010000000000000e-02
  5.186599605879011e-01   1.377811304486071e-01  -5.010000000000000e-02
  5.186807532697817e-01   1.377788977946461e-01  -5.010000000000001e-02
  5.187012174694035e-01   1.377767004120956e-01  -5.010000000000001e-02
  5.187213579356976e-01   1.377745377910298e-01  -5.010000000000000e-02
  5.187411793633731e-01   1.377724094273456e-01  -5.010000000000000e-02
  5.187606863930445e-01   1.377703148227481e-01  -5.009999999999999e-02
  5.187798836113813e-01   1.377682534847348e-01  -5.010000000000000e-02
  5.187987755512745e-01   1.377662249265779e-01  -5.010000000000000e-02
  5.188173666920216e-01   1.377642286673043e-01  -5.010000000000000e-02
  5.188356602118143e-01   1.377622526566831e-01  -5.010000000000001e-02
  5.188536613787657e-01   1.377603047315935e-01  -5.010000000000000e-02
  5.188713748905702e-01   1.377583879339679e-01  -5.010000000000000e-02
  5.188888050139504e-01   1.377565018021000e-01  -5.010000000000000e-02
  5.189059559632047e-01   1.377546458799560e-01  -5.010000000000000e-02
  5.189228319004837e-01   1.377528197171453e-01  -5.010000000000000e-02
  5.189394369360796e-01   1.377510228688888e-01  -5.009999999999999e-02
  5.189557751287260e-01   1.377492548959867e-01  -5.010000000000000e-02
  5.189718504859113e-01   1.377475153647846e-01  -5.010000000000000e-02
  5.189876669642016e-01   1.377458038471384e-01  -5.010000000000000e-02
  5.190032283039189e-01   1.377441183930854e-01  -5.010000000000000e-02
  5.190185378647644e-01   1.377424540121287e-01  -5.010000000000000e-02
  5.190336001276259e-01   1.377408165162054e-01  -5.009999999999999e-02
  5.190484188486063e-01   1.377392054969704e-01  -5.010000000000000e-02
  5.190629977346480e-01   1.377376205514228e-01  -5.010000000000000e-02
  5.190773404439093e-01   1.377360612818654e-01  -5.010000000000000e-02
  5.190914505861481e-01   1.377345272958631e-01  -5.010000000000000e-02
  5.191053317231121e-01   1.377330182061999e-01  -5.010000000000000e-02
  5.191189873689350e-01   1.377315336308362e-01  -5.010000000000000e-02
  5.191324209905388e-01   1.377300731928653e-01  -5.009999999999999e-02
  5.191456360080410e-01   1.377286365204686e-01  -5.009999999999999e-02
  5.191586357951665e-01   1.377272232468710e-01  -5.010000000000000e-02
  5.191714236796647e-01   1.377258330102960e-01  -5.010000000000000e-02
  5.191840027520717e-01   1.377244636937031e-01  -5.010000000000000e-02
  5.191963761853047e-01   1.377231143560474e-01  -5.010000000000000e-02
  5.192085474348391e-01   1.377217870667652e-01  -5.010000000000001e-02
  5.192205196486488e-01   1.377204814825663e-01  -5.010000000000000e-02
  5.192322959308694e-01   1.377191972649409e-01  -5.010000000000001e-02
  5.192438793422345e-01   1.377179340801125e-01  -5.010000000000001e-02
  5.192552729005130e-01   1.377166915989895e-01  -5.010000000000000e-02
  5.192664795809485e-01   1.377154694971184e-01  -5.010000000000000e-02
  5.192775023166998e-01   1.377142674546344e-01  -5.010000000000000e-02
  5.192883439992828e-01   1.377130851562146e-01  -5.010000000000000e-02
  5.192990074790130e-01   1.377119222910283e-01  -5.010000000000000e-02
  5.193094955654495e-01   1.377107785526900e-01  -5.010000000000000e-02
  5.193198110278379e-01   1.377096536392101e-01  -5.010000000000000e-02
  5.193299565955546e-01   1.377085472529468e-01  -5.010000000000000e-02
  5.193399349585505e-01   1.377074591005579e-01  -5.010000000000000e-02
  5.193497487677945e-01   1.377063888929518e-01  -5.010000000000000e-02
  5.193594006402200e-01   1.377053363865410e-01  -5.010000000000000e-02
  5.193688931609657e-01   1.377043013996870e-01  -5.010000000000000e-02
  5.193782288510731e-01   1.377032835123636e-01  -5.010000000000001e-02
  5.193874102100102e-01   1.377022824520491e-01  -5.009999999999999e-02
  5.193964397004696e-01   1.377012979502319e-01  -5.010000000000000e-02
  5.194053197488049e-01   1.377003297423621e-01  -5.010000000000000e-02
  5.194140527454686e-01   1.376993775678043e-01  -5.010000000000000e-02
  5.194226410454452e-01   1.376984411697902e-01  -5.010000000000001e-02
  5.194310869686845e-01   1.376975202953716e-01  -5.010000000000000e-02
  5.194393928005318e-01   1.376966146953730e-01  -5.010000000000000e-02
  5.194475607921572e-01   1.376957241243453e-01  -5.010000000000000e-02
  5.194555931609811e-01   1.376948483405190e-01  -5.010000000000000e-02
  5.194634920910990e-01   1.376939871057583e-01  -5.010000000000000e-02
  5.194712597337022e-01   1.376931401855148e-01  -5.010000000000001e-02
  5.194788982074977e-01   1.376923073487821e-01  -5.010000000000001e-02
  5.194864095991235e-01   1.376914883680501e-01  -5.010000000000000e-02
  5.194937959635635e-01   1.376906830192604e-01  -5.010000000000000e-02
  5.195010593245572e-01   1.376898910817607e-01  -5.010000000000001e-02
  5.195082016750079e-01   1.376891123382613e-01  -5.010000000000000e-02
  5.195152249773885e-01   1.376883465747902e-01  -5.010000000000000e-02
  5.195221311641416e-01   1.376875935806496e-01  -5.010000000000000e-02
  5.195289221380801e-01   1.376868531483723e-01  -5.010000000000000e-02
  5.195355997727816e-01   1.376861250736789e-01  -5.010000000000000e-02
  5.195421460243463e-01   1.376852459775791e-01  -5.010000000000000e-02
  5.195485825560700e-01   1.376843784984148e-01  -5.010000000000000e-02
  5.195548844281045e-01   1.376833560215302e-01  -5.010000000000000e-02
  5.195610588341209e-01   1.376822123218798e-01  -5.010000000000000e-02
  5.195671299816976e-01   1.376810877490314e-01  -5.010000000000000e-02
  5.195730362792039e-01   1.376796828715748e-01  -5.010000000000000e-02
  5.195788433810915e-01   1.376782998741982e-01  -5.009999999999999e-02
  5.195845290732033e-01   1.376768490068128e-01  -5.010000000000000e-02
  5.195900666219837e-01   1.376752232714936e-01  -5.010000000000000e-02
  5.195955113901695e-01   1.376736247750658e-01  -5.010000000000000e-02
  5.196008200185415e-01   1.376719139239720e-01  -5.010000000000000e-02
  5.196059946854853e-01   1.376700923866299e-01  -5.010000000000000e-02
  5.196110825613599e-01   1.376683014006595e-01  -5.010000000000001e-02
  5.196160279260368e-01   1.376663915000026e-01  -5.010000000000000e-02
  5.196208424565770e-01   1.376643889673809e-01  -5.010000000000000e-02
  5.196255761563373e-01   1.376624200551240e-01  -5.010000000000000e-02
  5.196301772621140e-01   1.376603664084019e-01  -5.009999999999999e-02
  5.196346340242096e-01   1.376581985053366e-01  -5.010000000000000e-02
  5.196390158916621e-01   1.376560670332773e-01  -5.010000000000000e-02
  5.196433001019889e-01   1.376539256566805e-01  -5.010000000000000e-02
  5.196474023201598e-01   1.376516107488832e-01  -5.010000000000000e-02
  5.196514355401039e-01   1.376493347772241e-01  -5.010000000000000e-02
  5.196554009028420e-01   1.376470970978176e-01  -5.010000000000000e-02
  5.196591876721002e-01   1.376447130408053e-01  -5.010000000000000e-02
  5.196628726504111e-01   1.376423065243573e-01  -5.010000000000000e-02
  5.196664955788342e-01   1.376399405302852e-01  -5.010000000000000e-02
  5.196700371503764e-01   1.376375854989749e-01  -5.010000000000000e-02
  5.196733713117423e-01   1.376350602642293e-01  -5.010000000000000e-02
  5.196766492860342e-01   1.376325775845780e-01  -5.010000000000000e-02
  5.196798720060337e-01   1.376301367535489e-01  -5.009999999999999e-02
  5.196829899557673e-01   1.376276752738586e-01  -5.010000000000001e-02
  5.196859258668674e-01   1.376250966693861e-01  -5.010000000000000e-02
  5.196888122530011e-01   1.376225615625861e-01  -5.010000000000000e-02
  5.196916499380074e-01   1.376200692298826e-01  -5.010000000000000e-02
  5.196944019199578e-01   1.376175791639123e-01  -5.010000000000000e-02
  5.196969477559318e-01   1.376149630656759e-01  -5.010000000000000e-02
  5.196994506071548e-01   1.376123911385220e-01  -5.010000000000000e-02
  5.197019111900141e-01   1.376098626462923e-01  -5.010000000000000e-02
  5.197043302092732e-01   1.376073768647720e-01  -5.010000000000000e-02
  5.197065412770859e-01   1.376047832179927e-01  -5.010000000000000e-02
  5.197086763582639e-01   1.376021987592053e-01  -5.010000000000000e-02
  5.197107753513255e-01   1.375996579841197e-01  -5.010000000000000e-02
  5.197128388590231e-01   1.375971601631201e-01  -5.010000000000000e-02
  5.197148507352412e-01   1.375946919267235e-01  -5.010000000000000e-02
  5.197166290276518e-01   1.375921146042771e-01  -5.010000000000000e-02
  5.197183772386809e-01   1.375895808795087e-01  -5.010000000000000e-02
  5.197200958715604e-01   1.375870900230716e-01  -5.010000000000000e-02
  5.197217854212938e-01   1.375846413175459e-01  -5.010000000000001e-02
  5.197234463747833e-01   1.375822340572520e-01  -5.010000000000000e-02
  5.197248786684606e-01   1.375797421626965e-01  -5.010000000000000e-02
  5.197262672710156e-01   1.375772803047475e-01  -5.009999999999999e-02
  5.197276323584559e-01   1.375748601368211e-01  -5.010000000000000e-02
  5.197289743250334e-01   1.375724809599468e-01  -5.010000000000001e-02
  5.197302935585241e-01   1.375701420866356e-01  -5.010000000000000e-02
  5.197315492674144e-01   1.375678220418037e-01  -5.010000000000000e-02
  5.197326120908070e-01   1.375654546229793e-01  -5.010000000000001e-02
  5.197336569010426e-01   1.375631273281190e-01  -5.010000000000001e-02
  5.197346840006309e-01   1.375608394833868e-01  -5.010000000000000e-02
  5.197356936870965e-01   1.375585904260537e-01  -5.010000000000001e-02
  5.197366862530559e-01   1.375563795043213e-01  -5.009999999999999e-02
  5.197376619862965e-01   1.375542060771489e-01  -5.010000000000000e-02
  5.197384633766248e-01   1.375520075335698e-01  -5.010000000000000e-02
  5.197392019797715e-01   1.375498269628292e-01  -5.010000000000000e-02
  5.197399280516812e-01   1.375476833879355e-01  -5.010000000000000e-02
  5.197406418032441e-01   1.375455761862794e-01  -5.010000000000000e-02
  5.197413434418594e-01   1.375435047455582e-01  -5.010000000000000e-02
  5.197420331714910e-01   1.375414684636112e-01  -5.010000000000000e-02
  5.197427111927226e-01   1.375394667482575e-01  -5.010000000000000e-02
  5.197433083397353e-01   1.375374791252361e-01  -5.010000000000000e-02
  5.197437778626514e-01   1.375354915593166e-01  -5.010000000000000e-02
  5.197442394121963e-01   1.375335377459582e-01  -5.010000000000001e-02
  5.197446931228048e-01   1.375316171160765e-01  -5.010000000000000e-02
  5.197451391266780e-01   1.375297291100434e-01  -5.010000000000000e-02
  5.197455775538189e-01   1.375278731775353e-01  -5.010000000000000e-02
  5.197460085320680e-01   1.375260487773821e-01  -5.010000000000000e-02
  5.197464321871386e-01   1.375242553774202e-01  -5.010000000000000e-02
  5.197468486426506e-01   1.375224924543460e-01  -5.010000000000001e-02
  5.197471521885139e-01   1.375207396588108e-01  -5.010000000000000e-02
  5.197473939477287e-01   1.375190060437742e-01  -5.010000000000000e-02
  5.197476315971589e-01   1.375173018993186e-01  -5.009999999999999e-02
  5.197478652062416e-01   1.375156267275213e-01  -5.010000000000001e-02
  5.197480948432552e-01   1.375139800387690e-01  -5.010000000000000e-02
  5.197483205753385e-01   1.375123613516221e-01  -5.010000000000000e-02
  5.197485424685084e-01   1.375107701926820e-01  -5.009999999999999e-02
  5.197487605876795e-01   1.375092060964599e-01  -5.010000000000000e-02
  5.197489749966805e-01   1.375076686052481e-01  -5.010000000000000e-02
  5.197491857582735e-01   1.375061572689925e-01  -5.010000000000000e-02
  5.197493929341699e-01   1.375046716451680e-01  -5.010000000000000e-02
