888
  4.937591474996260e-01   1.268004249318630e-01  -5.010000000000000e-02
  4.937579289972912e-01   1.268012997187286e-01  -5.010000000000000e-02
  4.937566950233573e-01   1.268021856129604e-01  -5.010000000000001e-02
  4.937554453828345e-01   1.268030827545455e-01  -5.010000000000000e-02
  4.937541798783127e-01   1.268039912852083e-01  -5.010000000000001e-02
  4.937528983099330e-01   1.268049113484318e-01  -5.009999999999999e-02
  4.937516004753575e-01   1.268058430894780e-01  -5.009999999999999e-02
  4.937502861697404e-01   1.268067866554101e-01  -5.010000000000000e-02
  4.937489551856970e-01   1.268077421951134e-01  -5.010000000000000e-02
  4.937476073132742e-01   1.268087098593174e-01  -5.010000000000001e-02
  4.937462423399193e-01   1.268096898006180e-01  -5.010000000000000e-02
  4.937448600504489e-01   1.268106821734994e-01  -5.010000000000000e-02
  4.937434602270179e-01   1.268116871343573e-01  -5.010000000000000e-02
  4.937420426490870e-01   1.268127048415207e-01  -5.010000000000000e-02
  4.937407665351796e-01   1.268139113781330e-01  -5.010000000000000e-02
  4.937395853395629e-01   1.268152557988072e-01  -5.010000000000000e-02
  4.937383891672535e-01   1.268166172657479e-01  -5.010000000000000e-02
  4.937371778300425e-01   1.268179959931719e-01  -5.010000000000000e-02
  4.937359511373989e-01   1.268193921979390e-01  -5.010000000000000e-02
  4.937347088964421e-01   1.268208060995831e-01  -5.010000000000000e-02
  4.937334509119145e-01   1.268222379203441e-01  -5.010000000000000e-02
  4.937321769861522e-01   1.268236878851999e-01  -5.010000000000000e-02
  4.937308869190582e-01   1.268251562218986e-01  -5.010000000000001e-02
  4.937295805080721e-01   1.268266431609913e-01  -5.010000000000000e-02
  4.937282575481423e-01   1.268281489358653e-01  -5.010000000000000e-02
  4.937269178316954e-01   1.268296737827773e-01  -5.010000000000000e-02
  4.937255611486078e-01   1.268312179408874e-01  -5.010000000000000e-02
  4.937244031156846e-01   1.268329414026889e-01  -5.010000000000000e-02
  4.937232950792346e-01   1.268347345437100e-01  -5.010000000000000e-02
  4.937221730155977e-01   1.268365503849990e-01  -5.010000000000000e-02
  4.937210367490578e-01   1.268383892109182e-01  -5.010000000000000e-02
  4.937198861017452e-01   1.268402513093148e-01  -5.010000000000001e-02
  4.937187208936118e-01   1.268421369715620e-01  -5.010000000000000e-02
  4.937175409424051e-01   1.268440464925996e-01  -5.010000000000000e-02
  4.937163460636428e-01   1.268459801709762e-01  -5.010000000000000e-02
  4.937151360705872e-01   1.268479383088908e-01  -5.010000000000000e-02
  4.937139107742180e-01   1.268499212122352e-01  -5.010000000000000e-02
  4.937126699832070e-01   1.268519291906374e-01  -5.010000000000000e-02
  4.937114135038904e-01   1.268539625575044e-01  -5.010000000000000e-02
  4.937102138848569e-01   1.268560606716544e-01  -5.010000000000000e-02
  4.937091884525447e-01   1.268582869290524e-01  -5.010000000000000e-02
  4.937081500606639e-01   1.268605413222279e-01  -5.010000000000000e-02
  4.937070985474322e-01   1.268628242024173e-01  -5.010000000000000e-02
  4.937060337490989e-01   1.268651359251305e-01  -5.009999999999999e-02
  4.937049554999221e-01   1.268674768502000e-01  -5.010000000000000e-02
  4.937038636321462e-01   1.268698473418305e-01  -5.010000000000000e-02
  4.937027579759786e-01   1.268722477686490e-01  -5.010000000000000e-02
  4.937016383595663e-01   1.268746785037557e-01  -5.010000000000000e-02
  4.937005046089725e-01   1.268771399247748e-01  -5.010000000000000e-02
  4.936993565481528e-01   1.268796324139063e-01  -5.010000000000000e-02
  4.936981939989311e-01   1.268821563579778e-01  -5.009999999999999e-02
  4.936970470917897e-01   1.268847244738938e-01  -5.010000000000000e-02
  4.936960947579354e-01   1.268874099915552e-01  -5.010000000000000e-02
  4.936951304119789e-01   1.268901293825399e-01  -5.010000000000001e-02
  4.936941539045694e-01   1.268928830680068e-01  -5.010000000000000e-02
  4.936931650845547e-01   1.268956714741954e-01  -5.010000000000000e-02
  4.936921637989606e-01   1.268984950324830e-01  -5.010000000000000e-02
  4.936911498929702e-01   1.269013541794428e-01  -5.010000000000000e-02
  4.936901232099032e-01   1.269042493569020e-01  -5.010000000000000e-02
  4.936890835911958e-01   1.269071810120007e-01  -5.010000000000000e-02
  4.936880308763785e-01   1.269101495972519e-01  -5.010000000000000e-02
  4.936869649030555e-01   1.269131555706007e-01  -5.010000000000000e-02
  4.936858855068830e-01   1.269161993954857e-01  -5.010000000000000e-02
  4.936848778486003e-01   1.269193085345980e-01  -5.010000000000000e-02
  4.936839882089250e-01   1.269224981569589e-01  -5.010000000000000e-02
  4.936830873735941e-01   1.269257279190690e-01  -5.010000000000000e-02
  4.936821752040628e-01   1.269289983176522e-01  -5.010000000000000e-02
  4.936812515601321e-01   1.269323098553643e-01  -5.010000000000001e-02
  4.936803162999299e-01   1.269356630408584e-01  -5.010000000000000e-02
  4.936793692798930e-01   1.269390583888512e-01  -5.010000000000000e-02
  4.936784103547485e-01   1.269424964201892e-01  -5.010000000000000e-02
  4.936774393774952e-01   1.269459776619155e-01  -5.010000000000000e-02
  4.936764561993844e-01   1.269495026473383e-01  -5.010000000000000e-02
  4.936754606699012e-01   1.269530719160980e-01  -5.009999999999999e-02
  4.936744852410577e-01   1.269566941528686e-01  -5.010000000000000e-02
  4.936736664083347e-01   1.269604040203940e-01  -5.010000000000000e-02
  4.936728372960227e-01   1.269641604614285e-01  -5.010000000000000e-02
  4.936719977775504e-01   1.269679640494265e-01  -5.010000000000000e-02
  4.936711477248510e-01   1.269718153646168e-01  -5.009999999999999e-02
  4.936702870083465e-01   1.269757149940760e-01  -5.010000000000000e-02
  4.936694154969313e-01   1.269796635318009e-01  -5.010000000000000e-02
  4.936685330579561e-01   1.269836615787830e-01  -5.010000000000001e-02
  4.936676395572114e-01   1.269877097430829e-01  -5.010000000000000e-02
  4.936667348589107e-01   1.269918086399049e-01  -5.010000000000000e-02
  4.936658188256741e-01   1.269959588916733e-01  -5.010000000000000e-02
  4.936649782100243e-01   1.270001783215231e-01  -5.010000000000001e-02
  4.936642261704796e-01   1.270044701980766e-01  -5.010000000000000e-02
  4.936634647161993e-01   1.270088158043622e-01  -5.010000000000000e-02
  4.936626937319308e-01   1.270132157981238e-01  -5.009999999999999e-02
  4.936619131010773e-01   1.270176708447780e-01  -5.010000000000000e-02
  4.936611227056833e-01   1.270221816174939e-01  -5.010000000000000e-02
  4.936603224264211e-01   1.270267487972735e-01  -5.010000000000000e-02
  4.936595121425760e-01   1.270313730730325e-01  -5.010000000000000e-02
  4.936586917320327e-01   1.270360551416820e-01  -5.010000000000000e-02
  4.936578610712602e-01   1.270407957082104e-01  -5.010000000000000e-02
  4.936570798097320e-01   1.270456048440309e-01  -5.010000000000001e-02
  4.936564053382334e-01   1.270504922754063e-01  -5.010000000000000e-02
  4.936557224475321e-01   1.270554407149566e-01  -5.009999999999999e-02
  4.936550310351844e-01   1.270604509050220e-01  -5.010000000000000e-02
  4.936543309975671e-01   1.270655235964875e-01  -5.010000000000000e-02
  4.936536222298663e-01   1.270706595488685e-01  -5.010000000000000e-02
  4.936529046260648e-01   1.270758595303971e-01  -5.010000000000001e-02
  4.936521780789310e-01   1.270811243181092e-01  -5.010000000000000e-02
  4.936514424800057e-01   1.270864546979316e-01  -5.010000000000000e-02
  4.936506977195912e-01   1.270918514647704e-01  -5.010000000000000e-02
  4.936500721670628e-01   1.270973311727433e-01  -5.010000000000000e-02
  4.936494767556623e-01   1.271028837302220e-01  -5.010000000000001e-02
  4.936488739363872e-01   1.271085053704381e-01  -5.010000000000000e-02
  4.936482636197196e-01   1.271141969282000e-01  -5.010000000000000e-02
  4.936476457151264e-01   1.271199592477773e-01  -5.010000000000000e-02
  4.936470201310511e-01   1.271257931829923e-01  -5.010000000000000e-02
  4.936463867749021e-01   1.271316995973114e-01  -5.010000000000001e-02
  4.936457455530445e-01   1.271376793639372e-01  -5.010000000000000e-02
  4.936450963707890e-01   1.271437333659014e-01  -5.010000000000000e-02
  4.936445616445333e-01   1.271498740043810e-01  -5.010000000000000e-02
  4.936440598243520e-01   1.271560945310179e-01  -5.010000000000000e-02
  4.936435517815733e-01   1.271623921925209e-01  -5.010000000000001e-02
  4.936430374415303e-01   1.271687679144564e-01  -5.010000000000000e-02
  4.936425167287232e-01   1.271752226327146e-01  -5.010000000000000e-02
  4.936419895668118e-01   1.271817572936032e-01  -5.010000000000001e-02
  4.936414558786076e-01   1.271883728539441e-01  -5.009999999999999e-02
  4.936409155860664e-01   1.271950702811682e-01  -5.010000000000000e-02
  4.936404106853739e-01   1.272018534657837e-01  -5.010000000000000e-02
  4.936400134293000e-01   1.272087284034738e-01  -5.010000000000000e-02
  4.936396112635206e-01   1.272156883088265e-01  -5.010000000000000e-02
  4.936392041295342e-01   1.272227341942696e-01  -5.010000000000000e-02
  4.936387919681976e-01   1.272298670833412e-01  -5.010000000000000e-02
  4.936383747197197e-01   1.272370880107870e-01  -5.010000000000001e-02
  4.936379523236564e-01   1.272443980226585e-01  -5.010000000000001e-02
  4.936375247189045e-01   1.272517981764105e-01  -5.010000000000000e-02
  4.936371364434090e-01   1.272592916597280e-01  -5.010000000000000e-02
  4.936368537707875e-01   1.272668827044905e-01  -5.010000000000000e-02
  4.936365676173909e-01   1.272745672238847e-01  -5.010000000000000e-02
  4.936362779420671e-01   1.272823463230375e-01  -5.010000000000000e-02
  4.936359847032201e-01   1.272902211189825e-01  -5.010000000000000e-02
  4.936356878588073e-01   1.272981927407589e-01  -5.009999999999999e-02
  4.936353873663352e-01   1.273062623295101e-01  -5.010000000000000e-02
  4.936350831828559e-01   1.273144310385822e-01  -5.010000000000000e-02
  4.936348931416958e-01   1.273227033542252e-01  -5.010000000000000e-02
  4.936347331237589e-01   1.273310780860773e-01  -5.010000000000000e-02
  4.936345711433764e-01   1.273395555248937e-01  -5.010000000000000e-02
  4.936344071775476e-01   1.273481368744320e-01  -5.010000000000000e-02
  4.936342412030295e-01   1.273568233511517e-01  -5.010000000000000e-02
  4.936340731963343e-01   1.273656161843120e-01  -5.010000000000000e-02
  4.936339031337278e-01   1.273745166160699e-01  -5.010000000000000e-02
  4.936338425439463e-01   1.273835270931918e-01  -5.010000000000000e-02
  4.936338219447072e-01   1.273926481419671e-01  -5.010000000000000e-02
  4.936338010938262e-01   1.274018806142218e-01  -5.010000000000000e-02
  4.936337799883787e-01   1.274112258049103e-01  -5.010000000000000e-02
  4.936337586254097e-01   1.274206850223715e-01  -5.010000000000001e-02
  4.936337370019341e-01   1.274302595884256e-01  -5.010000000000000e-02
  4.936337315928218e-01   1.274399507471066e-01  -5.010000000000000e-02
  4.936338625174183e-01   1.274497591814597e-01  -5.010000000000000e-02
  4.936339950355928e-01   1.274596870013713e-01  -5.010000000000000e-02
  4.936341291657201e-01   1.274697355834140e-01  -5.010000000000000e-02
  4.936342649263613e-01   1.274799063181115e-01  -5.010000000000000e-02
  4.936344023362645e-01   1.274902006100303e-01  -5.009999999999999e-02
  4.936345414143670e-01   1.275006198778722e-01  -5.010000000000000e-02
  4.936348205969157e-01   1.275111626809174e-01  -5.010000000000001e-02
  4.936351212382792e-01   1.275218329299851e-01  -5.010000000000001e-02
  4.936354255221352e-01   1.275326324570079e-01  -5.010000000000000e-02
  4.936357334900621e-01   1.275435627376717e-01  -5.010000000000000e-02
  4.936360451840487e-01   1.275546252622374e-01  -5.010000000000000e-02
  4.936363671695371e-01   1.275658213061845e-01  -5.010000000000000e-02
  4.936368448562545e-01   1.275771472760131e-01  -5.010000000000000e-02
  4.936373283099693e-01   1.275886099815629e-01  -5.009999999999999e-02
  4.936378175959976e-01   1.276002109714833e-01  -5.010000000000000e-02
  4.936383127802877e-01   1.276119518094098e-01  -5.010000000000000e-02
  4.936388139294232e-01   1.276238340740439e-01  -5.010000000000000e-02
  4.936394121211544e-01   1.276358549033921e-01  -5.010000000000000e-02
  4.936400901137680e-01   1.276480167539925e-01  -5.010000000000001e-02
  4.936407762542712e-01   1.276603247616666e-01  -5.010000000000000e-02
  4.936414706340146e-01   1.276727805650635e-01  -5.009999999999999e-02
  4.936421733452090e-01   1.276853858182647e-01  -5.010000000000000e-02
  4.936429212169125e-01   1.276981400158090e-01  -5.010000000000000e-02
  4.936437298908611e-01   1.277110439223063e-01  -5.010000000000000e-02
  4.936445482435398e-01   1.277241022710596e-01  -5.010000000000000e-02
  4.936453763824757e-01   1.277373167778644e-01  -5.009999999999999e-02
  4.936462144161835e-01   1.277506891742746e-01  -5.010000000000000e-02
  4.936470624541691e-01   1.277642212076633e-01  -5.009999999999999e-02
  4.936479206069336e-01   1.277779146412805e-01  -5.010000000000000e-02
  4.936487889859763e-01   1.277917712543094e-01  -5.010000000000001e-02
  4.936496677037987e-01   1.278057928419195e-01  -5.010000000000000e-02
  4.936505568739072e-01   1.278199812153177e-01  -5.010000000000000e-02
  4.936514566108162e-01   1.278343382017969e-01  -5.010000000000000e-02
  4.936523670300511e-01   1.278488656447817e-01  -5.010000000000000e-02
  4.936532882481511e-01   1.278635654038712e-01  -5.010000000000000e-02
  4.936542203826714e-01   1.278784393548799e-01  -5.010000000000000e-02
  4.936551635521859e-01   1.278934893898741e-01  -5.010000000000000e-02
  4.936561178762887e-01   1.279087174172069e-01  -5.010000000000000e-02
  4.936570834755972e-01   1.279241253615490e-01  -5.010000000000000e-02
  4.936580604717527e-01   1.279397151639166e-01  -5.010000000000000e-02
  4.936590489874224e-01   1.279554887816963e-01  -5.010000000000000e-02
  4.936600469607329e-01   1.279714483235359e-01  -5.010000000000000e-02
  4.936610280189107e-01   1.279875974147678e-01  -5.010000000000000e-02
  4.936620206079576e-01   1.280039363143750e-01  -5.010000000000000e-02
  4.936630248507883e-01   1.280204670456391e-01  -5.010000000000000e-02
  4.936640408713159e-01   1.280371916482831e-01  -5.010000000000000e-02
  4.936650687944527e-01   1.280541121784737e-01  -5.009999999999999e-02
  4.936661087461098e-01   1.280712307088198e-01  -5.009999999999999e-02
  4.936671608531967e-01   1.280885493283663e-01  -5.010000000000000e-02
  4.936682252436211e-01   1.281060701425840e-01  -5.010000000000000e-02
  4.936693020462873e-01   1.281237952733549e-01  -5.010000000000000e-02
  4.936703913910955e-01   1.281417268589526e-01  -5.009999999999999e-02
  4.936714934089404e-01   1.281598670540186e-01  -5.010000000000000e-02
  4.936726082317091e-01   1.281782180295330e-01  -5.010000000000000e-02
  4.936737359922792e-01   1.281967819727812e-01  -5.010000000000001e-02
  4.936748768245168e-01   1.282155610873145e-01  -5.010000000000000e-02
  4.936760308632730e-01   1.282345575929063e-01  -5.010000000000000e-02
  4.936773754480840e-01   1.282537613649285e-01  -5.010000000000000e-02
  4.936789046306873e-01   1.282731750798996e-01  -5.010000000000000e-02
  4.936804514468833e-01   1.282928126618835e-01  -5.010000000000001e-02
  4.936820160763621e-01   1.283126763921355e-01  -5.010000000000000e-02
  4.936835987000663e-01   1.283327685678087e-01  -5.010000000000001e-02
  4.936851995001847e-01   1.283530915018764e-01  -5.010000000000000e-02
  4.936868186601453e-01   1.283736475230467e-01  -5.010000000000000e-02
  4.936884563646083e-01   1.283944389756725e-01  -5.010000000000000e-02
  4.936901127994588e-01   1.284154682196535e-01  -5.010000000000000e-02
  4.936917881517982e-01   1.284367376303325e-01  -5.010000000000001e-02
  4.936934826099354e-01   1.284582495983845e-01  -5.010000000000001e-02
  4.936951963633781e-01   1.284800065296992e-01  -5.010000000000000e-02
  4.936969296028222e-01   1.285020108452555e-01  -5.010000000000000e-02
  4.936990628399451e-01   1.285242304836511e-01  -5.010000000000001e-02
  4.937013686048922e-01   1.285466885460618e-01  -5.010000000000000e-02
  4.937037004673935e-01   1.285694007976519e-01  -5.010000000000000e-02
  4.937060586815172e-01   1.285923697130360e-01  -5.009999999999999e-02
  4.937084435028019e-01   1.286155977811510e-01  -5.010000000000000e-02
  4.937108551882392e-01   1.286390875050861e-01  -5.010000000000000e-02
  4.937132939962556e-01   1.286628414019036e-01  -5.010000000000000e-02
  4.937157601866928e-01   1.286868620024522e-01  -5.010000000000001e-02
  4.937182540207878e-01   1.287111518511714e-01  -5.009999999999999e-02
  4.937207757611523e-01   1.287357135058870e-01  -5.010000000000000e-02
  4.937233256717500e-01   1.287605495375983e-01  -5.010000000000000e-02
  4.937265059649090e-01   1.287855926603503e-01  -5.010000000000000e-02
  4.937297846556627e-01   1.288109072509442e-01  -5.010000000000000e-02
  4.937330997798409e-01   1.288365031420010e-01  -5.010000000000000e-02
  4.937364516759165e-01   1.288623829468506e-01  -5.010000000000000e-02
  4.937398406839078e-01   1.288885492907546e-01  -5.010000000000000e-02
  4.937432671453432e-01   1.289150048106377e-01  -5.010000000000000e-02
  4.937467314032261e-01   1.289417521548080e-01  -5.010000000000000e-02
  4.937502338019964e-01   1.289687939826684e-01  -5.010000000000000e-02
  4.937537746874924e-01   1.289961329644162e-01  -5.010000000000000e-02
  4.937577859779886e-01   1.290237098410953e-01  -5.010000000000000e-02
  4.937621716370647e-01   1.290515411368413e-01  -5.010000000000000e-02
  4.937666052042763e-01   1.290796764565580e-01  -5.010000000000000e-02
  4.937710871050098e-01   1.291081184997381e-01  -5.010000000000000e-02
  4.937756177660853e-01   1.291368699749735e-01  -5.010000000000000e-02
  4.937801976156997e-01   1.291659335995911e-01  -5.009999999999999e-02
  4.937848270833670e-01   1.291953120992778e-01  -5.010000000000000e-02
  4.937895065998574e-01   1.292250082076926e-01  -5.010000000000000e-02
  4.937945433937822e-01   1.292549719559307e-01  -5.010000000000000e-02
  4.938001628902703e-01   1.292851674369416e-01  -5.010000000000000e-02
  4.938058427413830e-01   1.293156872240402e-01  -5.009999999999999e-02
  4.938115834585946e-01   1.293465340655533e-01  -5.010000000000000e-02
  4.938173855544640e-01   1.293777107156362e-01  -5.010000000000000e-02
  4.938232495425501e-01   1.294092199338153e-01  -5.010000000000000e-02
  4.938291759373231e-01   1.294410644845167e-01  -5.010000000000000e-02
  4.938352298920949e-01   1.294732341834120e-01  -5.010000000000000e-02
  4.938421763855200e-01   1.295055786083601e-01  -5.010000000000000e-02
  4.938491962770299e-01   1.295382647911859e-01  -5.010000000000000e-02
  4.938562901601863e-01   1.295712954956441e-01  -5.010000000000000e-02
  4.938634586290527e-01   1.296046734878269e-01  -5.010000000000000e-02
  4.938707022780768e-01   1.296384015356170e-01  -5.010000000000000e-02
  4.938780217019710e-01   1.296724824081271e-01  -5.010000000000000e-02
  4.938858934610675e-01   1.297068098625039e-01  -5.010000000000000e-02
  4.938943096619148e-01   1.297413886127040e-01  -5.010000000000000e-02
  4.939028132140447e-01   1.297763262538380e-01  -5.010000000000000e-02
  4.939114047870203e-01   1.298116255368683e-01  -5.010000000000000e-02
  4.939200850499741e-01   1.298472892109883e-01  -5.009999999999999e-02
  4.939288546714521e-01   1.298833200229828e-01  -5.010000000000000e-02
  4.939382502262445e-01   1.299195826226794e-01  -5.010000000000000e-02
  4.939481861288174e-01   1.299561019758144e-01  -5.010000000000001e-02
  4.939582234503714e-01   1.299929940938353e-01  -5.010000000000000e-02
  4.939683629286589e-01   1.300302616883463e-01  -5.010000000000000e-02
  4.939786052998582e-01   1.300679074651669e-01  -5.010000000000000e-02
  4.939890451778354e-01   1.301059072495311e-01  -5.010000000000000e-02
  4.940005030070780e-01   1.301440290814654e-01  -5.010000000000000e-02
  4.940120760575872e-01   1.301825342709854e-01  -5.010000000000000e-02
  4.940237651274148e-01   1.302214254733232e-01  -5.010000000000000e-02
  4.940355710117669e-01   1.302607053342442e-01  -5.009999999999999e-02
  4.940475652774342e-01   1.303003542169904e-01  -5.010000000000000e-02
  4.940606377046998e-01   1.303400949869130e-01  -5.010000000000000e-02
  4.940738395120909e-01   1.303802290782665e-01  -5.010000000000000e-02
  4.940871715478921e-01   1.304207590698744e-01  -5.009999999999999e-02
  4.941006346559652e-01   1.304616875271152e-01  -5.010000000000000e-02
  4.941146625564460e-01   1.305028684920187e-01  -5.010000000000000e-02
  4.941294454179346e-01   1.305442395452831e-01  -5.009999999999999e-02
  4.941443721202562e-01   1.305860131489447e-01  -5.010000000000000e-02
  4.941594435500044e-01   1.306281917842087e-01  -5.010000000000000e-02
  4.941747417477514e-01   1.306707477724949e-01  -5.010000000000000e-02
  4.941911681944737e-01   1.307133490825972e-01  -5.010000000000000e-02
  4.942077521834282e-01   1.307563589719621e-01  -5.010000000000000e-02
  4.942244946333709e-01   1.307997798233452e-01  -5.010000000000000e-02
  4.942414177599854e-01   1.308436054838881e-01  -5.010000000000000e-02
  4.942595522976719e-01   1.308874267317682e-01  -5.010000000000000e-02
  4.942778581321164e-01   1.309316619101175e-01  -5.010000000000000e-02
  4.942963362025889e-01   1.309763132886370e-01  -5.010000000000001e-02
  4.943152116678501e-01   1.310212871712204e-01  -5.010000000000000e-02
  4.943351165936883e-01   1.310663157285360e-01  -5.010000000000001e-02
  4.943552065452251e-01   1.311117628475858e-01  -5.010000000000000e-02
  4.943754824692829e-01   1.311576306702535e-01  -5.009999999999999e-02
  4.943966090853371e-01   1.312036185663230e-01  -5.010000000000000e-02
  4.944183452537084e-01   1.312498390196807e-01  -5.010000000000000e-02
  4.944402800779222e-01   1.312964819008991e-01  -5.010000000000000e-02
  4.944626483756463e-01   1.313434359336795e-01  -5.010000000000000e-02
  4.944860654881820e-01   1.313904055000030e-01  -5.009999999999999e-02
  4.945096937902248e-01   1.314377986659287e-01  -5.010000000000000e-02
  4.945335342176540e-01   1.314856173086247e-01  -5.010000000000000e-02
  4.945586540515115e-01   1.315333166289195e-01  -5.010000000000001e-02
  4.945840055743247e-01   1.315814359761021e-01  -5.009999999999999e-02
  4.946095815188050e-01   1.316299812947025e-01  -5.010000000000000e-02
  4.946363750668854e-01   1.316784174581666e-01  -5.010000000000001e-02
  4.946634851703841e-01   1.317272340890349e-01  -5.010000000000000e-02
  4.946908317784187e-01   1.317764765889759e-01  -5.010000000000000e-02
  4.947194753526150e-01   1.318255430841228e-01  -5.010000000000000e-02
  4.947483688533091e-01   1.318750318778347e-01  -5.010000000000000e-02
  4.947777201202776e-01   1.319248205701855e-01  -5.010000000000000e-02
  4.948081666212221e-01   1.319745298244689e-01  -5.010000000000000e-02
  4.948388719812306e-01   1.320246617115879e-01  -5.010000000000000e-02
  4.948703765675987e-01   1.320748793430894e-01  -5.010000000000000e-02
  4.949026498296250e-01   1.321252036203076e-01  -5.010000000000000e-02
  4.949351930405159e-01   1.321759488336396e-01  -5.010000000000001e-02
  4.949689802822719e-01   1.322264779003324e-01  -5.010000000000000e-02
  4.950031054208572e-01   1.322773865569469e-01  -5.010000000000000e-02
  4.950379841993753e-01   1.323283899383671e-01  -5.010000000000000e-02
  4.950736907499481e-01   1.323794387226971e-01  -5.010000000000000e-02
  4.951097670429804e-01   1.324308456049815e-01  -5.010000000000000e-02
  4.951470568115477e-01   1.324820094308451e-01  -5.010000000000000e-02
  4.951846460112648e-01   1.325335840944207e-01  -5.010000000000000e-02
  4.952233015173811e-01   1.325850005220625e-01  -5.010000000000001e-02
  4.952624866979749e-01   1.326366588205704e-01  -5.010000000000000e-02
  4.953025072993419e-01   1.326883169832012e-01  -5.010000000000000e-02
  4.953432794556063e-01   1.327400407787576e-01  -5.010000000000000e-02
  4.953847385840056e-01   1.327918699003280e-01  -5.010000000000000e-02
  4.954271017848607e-01   1.328436307062400e-01  -5.010000000000000e-02
  4.954700661387572e-01   1.328955587992167e-01  -5.010000000000000e-02
  4.955140166799157e-01   1.329473337941152e-01  -5.010000000000001e-02
  4.955585397865010e-01   1.329992936022163e-01  -5.010000000000000e-02
  4.956040702752706e-01   1.330510628742579e-01  -5.010000000000000e-02
  4.956501983101545e-01   1.331029880396462e-01  -5.009999999999999e-02
  4.956973097428523e-01   1.331547239392972e-01  -5.009999999999999e-02
  4.957450852284399e-01   1.332065464929144e-01  -5.010000000000000e-02
  4.957937685270855e-01   1.332582298678666e-01  -5.010000000000000e-02
  4.958432200554896e-01   1.333098900898769e-01  -5.010000000000000e-02
  4.958934655831510e-01   1.333615021734473e-01  -5.010000000000000e-02
  4.959446186967055e-01   1.334129394643252e-01  -5.010000000000000e-02
  4.959964215194960e-01   1.334644565479894e-01  -5.010000000000000e-02
  4.960492976378021e-01   1.335156107887980e-01  -5.010000000000000e-02
  4.961027454547181e-01   1.335669106691562e-01  -5.010000000000000e-02
  4.961572670601143e-01   1.336178223832548e-01  -5.010000000000001e-02
  4.962124761938011e-01   1.336687417163168e-01  -5.010000000000000e-02
  4.962685170337345e-01   1.337195106500566e-01  -5.010000000000000e-02
  4.963254891329191e-01   1.337700010982189e-01  -5.010000000000000e-02
  4.963831090477870e-01   1.338205269865617e-01  -5.010000000000000e-02
  4.964417839754965e-01   1.338706096102768e-01  -5.010000000000000e-02
  4.965011791975665e-01   1.339206220024241e-01  -5.010000000000000e-02
  4.965613401720230e-01   1.339705080526418e-01  -5.009999999999999e-02
  4.966225046760147e-01   1.340199615213089e-01  -5.010000000000000e-02
  4.966843570411058e-01   1.340693585895644e-01  -5.010000000000000e-02
  4.967470559342965e-01   1.341184941018727e-01  -5.010000000000000e-02
  4.968106656695386e-01   1.341672659029158e-01  -5.010000000000000e-02
  4.968749829467479e-01   1.342159278587350e-01  -5.010000000000000e-02
  4.969401543469479e-01   1.342642767236364e-01  -5.010000000000000e-02
  4.970062080167065e-01   1.343122539015007e-01  -5.010000000000000e-02
  4.970729803437451e-01   1.343600724284922e-01  -5.010000000000000e-02
  4.971405637549116e-01   1.344075936286398e-01  -5.010000000000000e-02
  4.972090410257281e-01   1.344546786778136e-01  -5.010000000000000e-02
  4.972782368620393e-01   1.345015668195297e-01  -5.010000000000000e-02
  4.973481584219529e-01   1.345482396598612e-01  -5.010000000000000e-02
  4.974190192929821e-01   1.345943558037067e-01  -5.010000000000000e-02
  4.974905950526844e-01   1.346402383156864e-01  -5.010000000000000e-02
  4.975628881755485e-01   1.346858737325805e-01  -5.010000000000000e-02
  4.976359832471644e-01   1.347311130267553e-01  -5.010000000000000e-02
  4.977098836419731e-01   1.347759285980520e-01  -5.010000000000000e-02
  4.977844865447642e-01   1.348204733172194e-01  -5.010000000000000e-02
  4.978597923985140e-01   1.348647344063234e-01  -5.010000000000000e-02
  4.979358987769812e-01   1.349085270459445e-01  -5.010000000000000e-02
  4.980127410484293e-01   1.349519408938256e-01  -5.010000000000000e-02
  4.980902634251044e-01   1.349950587085705e-01  -5.010000000000001e-02
  4.981684635793592e-01   1.350378705888265e-01  -5.010000000000000e-02
  4.982474214090062e-01   1.350802109554607e-01  -5.010000000000000e-02
  4.983270823796868e-01   1.351221582289622e-01  -5.010000000000000e-02
  4.984073949385884e-01   1.351637926410885e-01  -5.010000000000000e-02
  4.984883549189398e-01   1.352051065160027e-01  -5.010000000000000e-02
  4.985699942095567e-01   1.352460188279293e-01  -5.010000000000000e-02
  4.986523296029853e-01   1.352864723826824e-01  -5.010000000000000e-02
  4.987352860625130e-01   1.353265987913973e-01  -5.010000000000000e-02
  4.988188552322005e-01   1.353663981566902e-01  -5.010000000000000e-02
  4.989030275413571e-01   1.354058727345555e-01  -5.010000000000000e-02
  4.989878713011426e-01   1.354448537329842e-01  -5.009999999999999e-02
  4.990733081506758e-01   1.354834873234787e-01  -5.010000000000000e-02
  4.991593189609608e-01   1.355217964940726e-01  -5.010000000000000e-02
  4.992458966003562e-01   1.355597782138813e-01  -5.010000000000000e-02
  4.993330452630694e-01   1.355974025256906e-01  -5.010000000000000e-02
  4.994207986727299e-01   1.356345662992158e-01  -5.010000000000000e-02
  4.995090848582258e-01   1.356714153968263e-01  -5.010000000000000e-02
  4.995978954526693e-01   1.357079495853444e-01  -5.010000000000001e-02
  4.996872215885405e-01   1.357441696938870e-01  -5.010000000000000e-02
  4.997770777535376e-01   1.357800171996058e-01  -5.010000000000000e-02
  4.998674667586608e-01   1.358154590655801e-01  -5.010000000000000e-02
  4.999583375817380e-01   1.358506012687659e-01  -5.010000000000000e-02
  5.000496803149684e-01   1.358854474724993e-01  -5.010000000000000e-02
  5.001414859915585e-01   1.359199987840624e-01  -5.010000000000000e-02
  5.002337810274417e-01   1.359541598823828e-01  -5.010000000000000e-02
  5.003265362759463e-01   1.359879824131610e-01  -5.010000000000000e-02
  5.004197211828122e-01   1.360215255943013e-01  -5.010000000000000e-02
  5.005133275947774e-01   1.360547883030616e-01  -5.010000000000000e-02
  5.006073478442886e-01   1.360877679417087e-01  -5.010000000000000e-02
  5.007018070839250e-01   1.361203653010140e-01  -5.010000000000001e-02
  5.007966620711231e-01   1.361526774593823e-01  -5.010000000000000e-02
  5.008918965840334e-01   1.361847265259713e-01  -5.010000000000000e-02
  5.009875002841240e-01   1.362165176384605e-01  -5.010000000000000e-02
  5.010834732149685e-01   1.362480240220614e-01  -5.010000000000000e-02
  5.011798271323906e-01   1.362791804078833e-01  -5.009999999999999e-02
  5.012765193118309e-01   1.363100899403982e-01  -5.010000000000000e-02
  5.013735396101990e-01   1.363407572970384e-01  -5.010000000000001e-02
  5.014708778967425e-01   1.363711870268756e-01  -5.010000000000000e-02
  5.015685526494841e-01   1.364012901414450e-01  -5.010000000000000e-02
  5.016665335309806e-01   1.364311340146782e-01  -5.010000000000000e-02
  5.017648015125547e-01   1.364607519510181e-01  -5.009999999999999e-02
  5.018633474296679e-01   1.364901453108809e-01  -5.010000000000000e-02
  5.019621778251415e-01   1.365192617006255e-01  -5.009999999999999e-02
  5.020612847789285e-01   1.365480955168546e-01  -5.010000000000001e-02
  5.021606392997188e-01   1.365767148224127e-01  -5.010000000000000e-02
  5.022602325272053e-01   1.366051197458916e-01  -5.010000000000001e-02
  5.023600636091801e-01   1.366332816951558e-01  -5.010000000000000e-02
  5.024601365875048e-01   1.366611524322866e-01  -5.010000000000000e-02
  5.025604175862162e-01   1.366888200236814e-01  -5.010000000000000e-02
  5.026608976216457e-01   1.367162848371071e-01  -5.010000000000000e-02
  5.027615744953201e-01   1.367435218876139e-01  -5.010000000000000e-02
  5.028624548218117e-01   1.367704713462617e-01  -5.010000000000000e-02
  5.029635055429669e-01   1.367972217321882e-01  -5.010000000000000e-02
  5.030647173680585e-01   1.368237743793608e-01  -5.009999999999999e-02
  5.031660909493424e-01   1.368500919529528e-01  -5.010000000000000e-02
  5.032676260026198e-01   1.368761386154375e-01  -5.010000000000000e-02
  5.033692929353387e-01   1.369019933109653e-01  -5.010000000000000e-02
  5.034710825149626e-01   1.369276570994012e-01  -5.010000000000000e-02
  5.035730028871858e-01   1.369530607849239e-01  -5.010000000000000e-02
  5.036750403092156e-01   1.369782209963656e-01  -5.010000000000000e-02
  5.037771720850942e-01   1.370031925366576e-01  -5.010000000000000e-02
  5.038793886069715e-01   1.370279780159638e-01  -5.010000000000000e-02
  5.039817121835012e-01   1.370524459180654e-01  -5.010000000000000e-02
  5.040841027027312e-01   1.370767238652881e-01  -5.010000000000000e-02
  5.041865505882741e-01   1.371008144873626e-01  -5.010000000000000e-02
  5.042890615889278e-01   1.371246542549564e-01  -5.010000000000000e-02
  5.043916283036887e-01   1.371482338413323e-01  -5.010000000000000e-02
  5.044942257095284e-01   1.371716220568499e-01  -5.010000000000000e-02
  5.045968476486481e-01   1.371948067534923e-01  -5.010000000000000e-02
  5.046995099331355e-01   1.372176757184338e-01  -5.010000000000000e-02
  5.048021753770611e-01   1.372403535197196e-01  -5.010000000000001e-02
  5.049048350296510e-01   1.372628408199804e-01  -5.010000000000000e-02
  5.050075052223944e-01   1.372850205637634e-01  -5.010000000000000e-02
  5.051101590581517e-01   1.373069733777116e-01  -5.010000000000000e-02
  5.052127810065694e-01   1.373287306411562e-01  -5.010000000000000e-02
  5.053153811958161e-01   1.373502017673405e-01  -5.010000000000001e-02
  5.054179445556700e-01   1.373714138125621e-01  -5.010000000000000e-02
  5.055204491327026e-01   1.373924302177543e-01  -5.010000000000000e-02
  5.056229020631076e-01   1.374131729251406e-01  -5.010000000000000e-02
  5.057252965542912e-01   1.374336293965568e-01  -5.010000000000000e-02
  5.058276063935646e-01   1.374538868081710e-01  -5.010000000000000e-02
  5.059298383178701e-01   1.374738671406257e-01  -5.010000000000000e-02
  5.060319874688533e-01   1.374935479638039e-01  -5.010000000000000e-02
  5.061340262036951e-01   1.375130277283021e-01  -5.010000000000000e-02
  5.062359634034273e-01   1.375322149017621e-01  -5.009999999999999e-02
  5.063377908312534e-01   1.375511047693953e-01  -5.010000000000000e-02
  5.064394825706725e-01   1.375697914548918e-01  -5.010000000000000e-02
  5.065410529820595e-01   1.375881502889101e-01  -5.010000000000000e-02
  5.066424842245981e-01   1.376062301611101e-01  -5.010000000000000e-02
  5.067437545468391e-01   1.376241075403739e-01  -5.009999999999999e-02
  5.068448864588120e-01   1.376416060940942e-01  -5.010000000000000e-02
  5.069458476592749e-01   1.376588612701426e-01  -5.010000000000001e-02
  5.070466249448484e-01   1.376759051412503e-01  -5.010000000000000e-02
  5.071472453594516e-01   1.376925259330676e-01  -5.010000000000000e-02
  5.072476639267416e-01   1.377089437738593e-01  -5.010000000000000e-02
  5.073478862872555e-01   1.377250777708011e-01  -5.010000000000000e-02
  5.074479171652568e-01   1.377408450349938e-01  -5.010000000000000e-02
  5.075477226793403e-01   1.377564106869607e-01  -5.010000000000000e-02
  5.076473225898550e-01   1.377715975134649e-01  -5.010000000000001e-02
  5.077466924719929e-01   1.377865106275528e-01  -5.010000000000001e-02
  5.078458180998365e-01   1.378011974916350e-01  -5.010000000000000e-02
  5.079447233359564e-01   1.378154409562992e-01  -5.010000000000000e-02
  5.080433645561543e-01   1.378294888416206e-01  -5.010000000000000e-02
  5.081417576878239e-01   1.378431791591633e-01  -5.010000000000001e-02
  5.082398887415862e-01   1.378565543606929e-01  -5.010000000000000e-02
  5.083377368779506e-01   1.378697181886785e-01  -5.010000000000000e-02
  5.084353290994572e-01   1.378824107565220e-01  -5.010000000000000e-02
  5.085326205346431e-01   1.378949184970923e-01  -5.010000000000000e-02
  5.086296300426777e-01   1.379070424817701e-01  -5.010000000000000e-02
  5.087263393709000e-01   1.379188670184341e-01  -5.010000000000001e-02
  5.088227362062346e-01   1.379304423206245e-01  -5.009999999999999e-02
  5.089188358623984e-01   1.379415777833956e-01  -5.010000000000000e-02
  5.090146001651719e-01   1.379525453072370e-01  -5.010000000000000e-02
  5.091100565710092e-01   1.379630453401229e-01  -5.009999999999999e-02
  5.092051697991578e-01   1.379733324053222e-01  -5.010000000000000e-02
  5.092999492966911e-01   1.379832659494557e-01  -5.009999999999999e-02
  5.093943857308036e-01   1.379928668665257e-01  -5.010000000000000e-02
  5.094884643898666e-01   1.380022259463359e-01  -5.010000000000000e-02
  5.095821980159778e-01   1.380111452395586e-01  -5.010000000000000e-02
  5.096755520016549e-01   1.380199280254947e-01  -5.010000000000000e-02
  5.097685573786881e-01   1.380281731244009e-01  -5.010000000000000e-02
  5.098611716348135e-01   1.380362849994677e-01  -5.009999999999999e-02
  5.099534168950273e-01   1.380439489382410e-01  -5.010000000000000e-02
  5.100452676331122e-01   1.380513943175232e-01  -5.009999999999999e-02
  5.101367311801957e-01   1.380584714368184e-01  -5.010000000000000e-02
  5.102277952902367e-01   1.380652575418756e-01  -5.010000000000000e-02
  5.103184554727076e-01   1.380717530610029e-01  -5.010000000000000e-02
  5.104087105318271e-01   1.380778901794081e-01  -5.010000000000001e-02
  5.104985472264039e-01   1.380837999338239e-01  -5.010000000000000e-02
  5.105879719288171e-01   1.380892964701168e-01  -5.010000000000000e-02
  5.106769654685978e-01   1.380946210923647e-01  -5.010000000000000e-02
  5.107655392244480e-01   1.380994894709157e-01  -5.010000000000000e-02
  5.108536706997069e-01   1.381042308188087e-01  -5.010000000000000e-02
  5.109413738799551e-01   1.381084846277057e-01  -5.010000000000000e-02
  5.110286252099118e-01   1.381126447743689e-01  -5.010000000000000e-02
  5.111154391736712e-01   1.381162987968219e-01  -5.010000000000000e-02
  5.112017930905007e-01   1.381198803650250e-01  -5.010000000000000e-02
  5.112877003628874e-01   1.381229462886038e-01  -5.010000000000000e-02
  5.113731405847356e-01   1.381259476667524e-01  -5.010000000000000e-02
  5.114581242794866e-01   1.381284513979533e-01  -5.010000000000000e-02
  5.115426348309439e-01   1.381308862405698e-01  -5.010000000000000e-02
  5.116266796581654e-01   1.381328383543006e-01  -5.010000000000000e-02
  5.117102460260149e-01   1.381347008531740e-01  -5.010000000000000e-02
  5.117933374220567e-01   1.381361279185343e-01  -5.010000000000000e-02
  5.118759454118664e-01   1.381374325058085e-01  -5.010000000000000e-02
  5.119580701037481e-01   1.381383563527628e-01  -5.009999999999999e-02
  5.120397066305633e-01   1.381391078540740e-01  -5.010000000000000e-02
  5.121208525315203e-01   1.381395475939177e-01  -5.010000000000000e-02
  5.122015053391813e-01   1.381397467938447e-01  -5.010000000000000e-02
  5.122816615087851e-01   1.381397259078530e-01  -5.010000000000000e-02
  5.123613191035263e-01   1.381393833043660e-01  -5.010000000000000e-02
  5.124404758001562e-01   1.381389287818313e-01  -5.010000000000000e-02
  5.125191275928224e-01   1.381380551232125e-01  -5.010000000000000e-02
  5.125972762160302e-01   1.381371870537649e-01  -5.010000000000000e-02
  5.126749125402716e-01   1.381357962545342e-01  -5.010000000000000e-02
  5.127520428612257e-01   1.381344070355337e-01  -5.010000000000000e-02
  5.128286578722416e-01   1.381326457744769e-01  -5.010000000000001e-02
  5.129047615531999e-01   1.381307512212681e-01  -5.010000000000001e-02
  5.129803495451483e-01   1.381286427433629e-01  -5.010000000000000e-02
  5.130554186469030e-01   1.381262411827969e-01  -5.010000000000000e-02
  5.131299752554381e-01   1.381238123412877e-01  -5.010000000000000e-02
  5.132040032669134e-01   1.381209240808866e-01  -5.010000000000000e-02
  5.132775190326755e-01   1.381180558061502e-01  -5.010000000000000e-02
  5.133505066181324e-01   1.381148465813117e-01  -5.010000000000000e-02
  5.134229745063607e-01   1.381115072372757e-01  -5.010000000000000e-02
  5.134949217425708e-01   1.381080486827221e-01  -5.010000000000001e-02
  5.135663366276713e-01   1.381042417287426e-01  -5.010000000000000e-02
  5.136372376131750e-01   1.381004621695017e-01  -5.010000000000000e-02
  5.137076016196958e-01   1.380963066942182e-01  -5.009999999999999e-02
  5.137774461358775e-01   1.380920836665281e-01  -5.009999999999999e-02
  5.138467678080859e-01   1.380877513103092e-01  -5.010000000000000e-02
  5.139155531080728e-01   1.380830966952846e-01  -5.010000000000000e-02
  5.139838251008742e-01   1.380784768151138e-01  -5.010000000000000e-02
  5.140515591421241e-01   1.380735422840660e-01  -5.010000000000000e-02
  5.141187705645527e-01   1.380685031413780e-01  -5.010000000000000e-02
  5.141854668834591e-01   1.380634627741436e-01  -5.010000000000000e-02
  5.142516173800873e-01   1.380580238997888e-01  -5.010000000000000e-02
  5.143172572560605e-01   1.380526270085140e-01  -5.010000000000000e-02
  5.143823708512035e-01   1.380470822227079e-01  -5.009999999999999e-02
  5.144469506869487e-01   1.380412940452722e-01  -5.010000000000000e-02
  5.145110223870663e-01   1.380355514111418e-01  -5.010000000000000e-02
  5.145745590103962e-01   1.380295561628106e-01  -5.010000000000000e-02
  5.146375746291999e-01   1.380234491419676e-01  -5.010000000000000e-02
  5.147000852362258e-01   1.380173910632363e-01  -5.010000000000000e-02
  5.147620539354255e-01   1.380110044711041e-01  -5.010000000000001e-02
  5.148235128110926e-01   1.380045970785739e-01  -5.010000000000000e-02
  5.148844704086629e-01   1.379982419467710e-01  -5.010000000000000e-02
  5.149448827355665e-01   1.379915197776179e-01  -5.010000000000001e-02
  5.150047946456661e-01   1.379848339508625e-01  -5.010000000000000e-02
  5.150642095709267e-01   1.379782034955983e-01  -5.010000000000000e-02
  5.151230794499880e-01   1.379711990532513e-01  -5.010000000000000e-02
  5.151814556644743e-01   1.379642533479887e-01  -5.010000000000000e-02
  5.152393397429874e-01   1.379573661979348e-01  -5.010000000000000e-02
  5.152966838662370e-01   1.379501347106507e-01  -5.010000000000000e-02
  5.153535376958243e-01   1.379429502032449e-01  -5.009999999999999e-02
  5.154099047237374e-01   1.379358272120159e-01  -5.010000000000000e-02
  5.154657424549325e-01   1.379284254022272e-01  -5.010000000000001e-02
  5.155210891691489e-01   1.379210252409794e-01  -5.010000000000000e-02
  5.155759548717579e-01   1.379136893936391e-01  -5.010000000000000e-02
  5.156303072315065e-01   1.379061686786136e-01  -5.009999999999999e-02
  5.156841629427091e-01   1.378985704121608e-01  -5.010000000000000e-02
  5.157375438575027e-01   1.378910391326541e-01  -5.010000000000001e-02
  5.157904343577277e-01   1.378834528398259e-01  -5.010000000000000e-02
  5.158428176449607e-01   1.378756810927541e-01  -5.010000000000000e-02
  5.158947327309413e-01   1.378679788094731e-01  -5.010000000000000e-02
  5.159461817285082e-01   1.378603456765158e-01  -5.010000000000000e-02
  5.159971160271606e-01   1.378524475347337e-01  -5.010000000000000e-02
  5.160475839772766e-01   1.378445876788100e-01  -5.010000000000000e-02
  5.160975928972998e-01   1.378367993120270e-01  -5.010000000000000e-02
  5.161471239650496e-01   1.378289498428363e-01  -5.010000000000000e-02
  5.161961664805272e-01   1.378209574428030e-01  -5.010000000000000e-02
  5.162447573211628e-01   1.378130386516779e-01  -5.009999999999999e-02
  5.162928988281881e-01   1.378051930879133e-01  -5.010000000000000e-02
  5.163405526172067e-01   1.377971757382375e-01  -5.010000000000000e-02
  5.163877469979612e-01   1.377891417477285e-01  -5.010000000000000e-02
  5.164344997575241e-01   1.377811829352471e-01  -5.010000000000001e-02
  5.164808133429849e-01   1.377732988842207e-01  -5.010000000000000e-02
  5.165266377436055e-01   1.377651872748804e-01  -5.010000000000000e-02
  5.165720250748066e-01   1.377571331182349e-01  -5.010000000000000e-02
  5.166169812418593e-01   1.377491554733273e-01  -5.010000000000000e-02
  5.166615084904724e-01   1.377412522871991e-01  -5.010000000000000e-02
  5.167055546234456e-01   1.377331206552902e-01  -5.010000000000000e-02
  5.167491777916711e-01   1.377250671095470e-01  -5.010000000000000e-02
  5.167923805862118e-01   1.377170911716172e-01  -5.010000000000000e-02
  5.168351656156747e-01   1.377091923599096e-01  -5.010000000000000e-02
  5.168774853912739e-01   1.377011038999870e-01  -5.010000000000000e-02
  5.169193882214456e-01   1.376930679668156e-01  -5.010000000000000e-02
  5.169608817413642e-01   1.376851105292929e-01  -5.009999999999999e-02
  5.170019686172035e-01   1.376772310761124e-01  -5.010000000000000e-02
  5.170426174637272e-01   1.376692546476437e-01  -5.010000000000000e-02
  5.170828461093918e-01   1.376612582454963e-01  -5.009999999999999e-02
  5.171226767086259e-01   1.376533409645642e-01  -5.010000000000000e-02
  5.171621119711021e-01   1.376455022662352e-01  -5.010000000000001e-02
  5.172011455819585e-01   1.376376969505698e-01  -5.010000000000000e-02
  5.172397454861446e-01   1.376297525289693e-01  -5.010000000000000e-02
  5.172779587669788e-01   1.376218876800769e-01  -5.010000000000000e-02
  5.173157881644660e-01   1.376141018399598e-01  -5.009999999999999e-02
  5.173532364252156e-01   1.376063944433257e-01  -5.010000000000000e-02
  5.173902814259237e-01   1.375986460570044e-01  -5.010000000000000e-02
  5.174269247633992e-01   1.375908505665333e-01  -5.010000000000000e-02
  5.174631957536804e-01   1.375831342890709e-01  -5.010000000000000e-02
  5.174990971587776e-01   1.375754966370280e-01  -5.010000000000000e-02
  5.175346317437854e-01   1.375679370221593e-01  -5.010000000000000e-02
  5.175697745183265e-01   1.375603264517020e-01  -5.010000000000001e-02
  5.176045343559586e-01   1.375526925739264e-01  -5.009999999999999e-02
  5.176389361896778e-01   1.375451373201692e-01  -5.010000000000000e-02
  5.176729827865352e-01   1.375376600827368e-01  -5.010000000000000e-02
  5.177066769135138e-01   1.375302602539507e-01  -5.010000000000000e-02
  5.177400042106933e-01   1.375228604312229e-01  -5.010000000000000e-02
  5.177729541016941e-01   1.375154001833532e-01  -5.010000000000001e-02
  5.178055603139746e-01   1.375080177484401e-01  -5.010000000000000e-02
  5.178378256045279e-01   1.375007125022676e-01  -5.010000000000000e-02
  5.178697527274828e-01   1.374934838212681e-01  -5.010000000000000e-02
  5.179013444335858e-01   1.374863310826399e-01  -5.010000000000000e-02
  5.179325647166224e-01   1.374790849979761e-01  -5.010000000000000e-02
  5.179634486052890e-01   1.374718854669009e-01  -5.010000000000000e-02
  5.179940057824222e-01   1.374647620975377e-01  -5.010000000000000e-02
  5.180242389763148e-01   1.374577142538777e-01  -5.009999999999999e-02
  5.180541509094856e-01   1.374507413012580e-01  -5.010000000000001e-02
  5.180837442982378e-01   1.374438426064646e-01  -5.010000000000000e-02
  5.181129789002998e-01   1.374368358689445e-01  -5.010000000000000e-02
  5.181419003404162e-01   1.374299020016028e-01  -5.009999999999999e-02
  5.181705118041707e-01   1.374230424505802e-01  -5.010000000000000e-02
  5.181988159748447e-01   1.374162565725644e-01  -5.010000000000001e-02
  5.182268155274903e-01   1.374095437262162e-01  -5.010000000000000e-02
  5.182545131285598e-01   1.374029032722580e-01  -5.010000000000000e-02
  5.182818819560128e-01   1.373962132538949e-01  -5.010000000000000e-02
  5.183089432947649e-01   1.373895497335429e-01  -5.010000000000000e-02
  5.183357110636055e-01   1.373829585011548e-01  -5.010000000000000e-02
  5.183621878872077e-01   1.373764389104375e-01  -5.010000000000000e-02
  5.183883763799780e-01   1.373699903176253e-01  -5.010000000000000e-02
  5.184142791457549e-01   1.373636120815555e-01  -5.010000000000000e-02
  5.184398987775132e-01   1.373573035637399e-01  -5.010000000000000e-02
  5.184651999672616e-01   1.373509122390640e-01  -5.010000000000000e-02
  5.184902231741120e-01   1.373445893594798e-01  -5.009999999999999e-02
  5.185149713743349e-01   1.373383359687425e-01  -5.010000000000000e-02
  5.185394471108712e-01   1.373321514243003e-01  -5.010000000000000e-02
  5.185636529144990e-01   1.373260350866744e-01  -5.010000000000000e-02
  5.185875913035996e-01   1.373199863195189e-01  -5.010000000000000e-02
  5.186112647839317e-01   1.373140044896769e-01  -5.010000000000000e-02
  5.186346511142554e-01   1.373079922841910e-01  -5.010000000000001e-02
  5.186577672591666e-01   1.373020056955959e-01  -5.009999999999999e-02
  5.186806263237898e-01   1.372960856853133e-01  -5.009999999999999e-02
  5.187032307576087e-01   1.372902316189791e-01  -5.010000000000000e-02
  5.187255829965085e-01   1.372844428657511e-01  -5.010000000000000e-02
  5.187476854626026e-01   1.372787187983536e-01  -5.010000000000000e-02
  5.187695405640665e-01   1.372730587931204e-01  -5.010000000000000e-02
  5.187911506949795e-01   1.372674622300360e-01  -5.010000000000000e-02
  5.188124939858626e-01   1.372618359617367e-01  -5.009999999999999e-02
  5.188335893020760e-01   1.372562423363516e-01  -5.009999999999999e-02
  5.188544471042111e-01   1.372507116901019e-01  -5.010000000000000e-02
  5.188750697249961e-01   1.372452434044425e-01  -5.010000000000000e-02
  5.188954594824068e-01   1.372398368647398e-01  -5.010000000000000e-02
  5.189156186795534e-01   1.372344914603020e-01  -5.010000000000000e-02
  5.189355496045724e-01   1.372292065844079e-01  -5.010000000000000e-02
  5.189552545305265e-01   1.372239816343330e-01  -5.010000000000000e-02
  5.189747357153091e-01   1.372188160113753e-01  -5.010000000000000e-02
  5.189939658709271e-01   1.372135990264623e-01  -5.009999999999999e-02
  5.190129770280391e-01   1.372084412001972e-01  -5.010000000000000e-02
  5.190317714593364e-01   1.372033421727780e-01  -5.009999999999999e-02
  5.190503513578431e-01   1.371983013492260e-01  -5.010000000000000e-02
  5.190687189010578e-01   1.371933181387743e-01  -5.010000000000000e-02
  5.190868762508955e-01   1.371883919548842e-01  -5.009999999999999e-02
  5.191048255536341e-01   1.371835222152592e-01  -5.010000000000000e-02
  5.191225689398672e-01   1.371787083418581e-01  -5.010000000000000e-02
  5.191401085244601e-01   1.371739497609069e-01  -5.010000000000000e-02
  5.191574399099814e-01   1.371692222154702e-01  -5.010000000000000e-02
  5.191745523334664e-01   1.371644783007053e-01  -5.010000000000000e-02
  5.191914675030396e-01   1.371597890687704e-01  -5.010000000000000e-02
  5.192081874672354e-01   1.371551539517698e-01  -5.010000000000000e-02
  5.192247142587445e-01   1.371505723861998e-01  -5.010000000000000e-02
  5.192410498943996e-01   1.371460438129532e-01  -5.010000000000000e-02
  5.192571963751653e-01   1.371415676773215e-01  -5.010000000000000e-02
  5.192731556861325e-01   1.371371434289968e-01  -5.010000000000000e-02
  5.192889297965169e-01   1.371327705220721e-01  -5.010000000000000e-02
  5.193045206596608e-01   1.371284484150408e-01  -5.010000000000000e-02
  5.193199302130398e-01   1.371241765707950e-01  -5.010000000000000e-02
  5.193351548897663e-01   1.371199348672077e-01  -5.010000000000000e-02
  5.193501844493291e-01   1.371156794237878e-01  -5.010000000000000e-02
  5.193650386862057e-01   1.371114736209291e-01  -5.010000000000000e-02
  5.193797194716592e-01   1.371073169288054e-01  -5.009999999999999e-02
  5.193942286611942e-01   1.371032088220524e-01  -5.009999999999999e-02
  5.194085680945845e-01   1.370991487797596e-01  -5.010000000000000e-02
  5.194227395959021e-01   1.370951362854626e-01  -5.010000000000000e-02
  5.194367449735512e-01   1.370911708271329e-01  -5.010000000000000e-02
  5.194505860203036e-01   1.370872518971681e-01  -5.010000000000000e-02
  5.194642645133375e-01   1.370833789923813e-01  -5.010000000000000e-02
  5.194777822142794e-01   1.370795516139883e-01  -5.009999999999999e-02
  5.194911408692479e-01   1.370757692675964e-01  -5.010000000000000e-02
  5.195043422089002e-01   1.370720314631902e-01  -5.010000000000000e-02
  5.195173771505373e-01   1.370682999551771e-01  -5.010000000000000e-02
  5.195302497372740e-01   1.370645824564278e-01  -5.009999999999999e-02
  5.195429703357224e-01   1.370609088506647e-01  -5.009999999999999e-02
  5.195555406127177e-01   1.370572786565193e-01  -5.010000000000001e-02
  5.195679622199252e-01   1.370536913970041e-01  -5.009999999999999e-02
  5.195802367939009e-01   1.370501465994947e-01  -5.010000000000000e-02
  5.195923659561537e-01   1.370466437957129e-01  -5.010000000000000e-02
  5.196043513132089e-01   1.370431825217068e-01  -5.010000000000000e-02
  5.196161944566751e-01   1.370397623178330e-01  -5.010000000000000e-02
  5.196278969633102e-01   1.370363827287364e-01  -5.010000000000000e-02
  5.196394603950927e-01   1.370330433033305e-01  -5.010000000000000e-02
  5.196508862992911e-01   1.370297435947765e-01  -5.010000000000000e-02
  5.196621762085371e-01   1.370264831604629e-01  -5.010000000000000e-02
  5.196733316408994e-01   1.370232615619837e-01  -5.010000000000000e-02
  5.196843540999592e-01   1.370200783651169e-01  -5.010000000000000e-02
  5.196952335776016e-01   1.370168937844972e-01  -5.010000000000000e-02
  5.197059751437161e-01   1.370137197000958e-01  -5.010000000000000e-02
  5.197165883928641e-01   1.370105835327800e-01  -5.010000000000001e-02
  5.197270747688492e-01   1.370074848559123e-01  -5.010000000000000e-02
  5.197374357014095e-01   1.370044232470116e-01  -5.010000000000000e-02
  5.197476726062997e-01   1.370013982877287e-01  -5.009999999999999e-02
  5.197577868853747e-01   1.369984095638219e-01  -5.010000000000000e-02
  5.197677799266737e-01   1.369954566651317e-01  -5.010000000000000e-02
  5.197776531045064e-01   1.369925391855560e-01  -5.010000000000000e-02
  5.197874077795388e-01   1.369896567230239e-01  -5.010000000000000e-02
  5.197970452988803e-01   1.369868088794707e-01  -5.010000000000000e-02
  5.198065669961715e-01   1.369839952608117e-01  -5.010000000000000e-02
  5.198159741916728e-01   1.369812154769158e-01  -5.010000000000001e-02
  5.198252681923539e-01   1.369784691415794e-01  -5.010000000000000e-02
  5.198344502919831e-01   1.369757558724998e-01  -5.010000000000000e-02
  5.198435217712181e-01   1.369730752912484e-01  -5.010000000000000e-02
  5.198524838976967e-01   1.369704270232439e-01  -5.010000000000000e-02
  5.198613379261287e-01   1.369678106977252e-01  -5.010000000000000e-02
  5.198700692413399e-01   1.369651736805478e-01  -5.010000000000000e-02
  5.198786729080055e-01   1.369624952895552e-01  -5.010000000000000e-02
  5.198871726217684e-01   1.369598492599416e-01  -5.010000000000000e-02
  5.198955695812711e-01   1.369572352185600e-01  -5.010000000000000e-02
  5.199038633515988e-01   1.369546478485558e-01  -5.010000000000000e-02
  5.199119790210347e-01   1.369518545790917e-01  -5.010000000000000e-02
  5.199199964186234e-01   1.369490951330543e-01  -5.010000000000000e-02
  5.199279166827989e-01   1.369463691186147e-01  -5.009999999999999e-02
  5.199357409400757e-01   1.369436761480467e-01  -5.010000000000000e-02
  5.199434385362510e-01   1.369409279094539e-01  -5.010000000000000e-02
  5.199509905467747e-01   1.369380685921600e-01  -5.010000000000000e-02
  5.199584508738624e-01   1.369352439877459e-01  -5.010000000000000e-02
  5.199658205854653e-01   1.369324536918676e-01  -5.010000000000000e-02
  5.199731007382065e-01   1.369296973044699e-01  -5.010000000000000e-02
  5.199802493579105e-01   1.369268660355043e-01  -5.010000000000000e-02
  5.199872645430638e-01   1.369239520963038e-01  -5.010000000000000e-02
  5.199941943549862e-01   1.369210736190902e-01  -5.010000000000000e-02
  5.200010397932358e-01   1.369182301886711e-01  -5.009999999999999e-02
  5.200078018466399e-01   1.369154213943115e-01  -5.010000000000000e-02
  5.200144509960250e-01   1.369125767357904e-01  -5.010000000000000e-02
  5.200209540152383e-01   1.369096172215423e-01  -5.010000000000000e-02
  5.200273777136798e-01   1.369066938060581e-01  -5.010000000000000e-02
  5.200337230245038e-01   1.369038060646605e-01  -5.010000000000000e-02
  5.200399908707358e-01   1.369009535772821e-01  -5.010000000000000e-02
  5.200461821653606e-01   1.368981359284247e-01  -5.010000000000000e-02
  5.200522048303362e-01   1.368951578623455e-01  -5.010000000000000e-02
  5.200581419028423e-01   1.368921911079269e-01  -5.009999999999999e-02
  5.200640063728946e-01   1.368892606329458e-01  -5.010000000000000e-02
  5.200697990991839e-01   1.368863660083144e-01  -5.010000000000000e-02
  5.200755209309653e-01   1.368835068096601e-01  -5.010000000000000e-02
  5.200811531986413e-01   1.368806454049518e-01  -5.010000000000000e-02
  5.200866229131951e-01   1.368776405758659e-01  -5.010000000000000e-02
  5.200920256078512e-01   1.368746725646682e-01  -5.010000000000000e-02
  5.200973620785565e-01   1.368717409340989e-01  -5.010000000000000e-02
  5.201026331124300e-01   1.368688452517485e-01  -5.009999999999999e-02
  5.201078394878447e-01   1.368659850900117e-01  -5.010000000000000e-02
  5.201129607810185e-01   1.368631233374382e-01  -5.010000000000000e-02
  5.201179156143478e-01   1.368601173834006e-01  -5.010000000000000e-02
  5.201228096018673e-01   1.368571483427556e-01  -5.009999999999999e-02
  5.201276434695371e-01   1.368542157750840e-01  -5.010000000000000e-02
  5.201324179351822e-01   1.368513192449024e-01  -5.010000000000000e-02
  5.201371337085698e-01   1.368484583216153e-01  -5.010000000000000e-02
  5.201417914914875e-01   1.368456325794688e-01  -5.010000000000000e-02
  5.201462718778482e-01   1.368426538786549e-01  -5.010000000000000e-02
  5.201506791352202e-01   1.368396837030964e-01  -5.010000000000000e-02
  5.201550321420609e-01   1.368367500885073e-01  -5.010000000000000e-02
  5.201593315488426e-01   1.368338525965160e-01  -5.010000000000000e-02
  5.201635779986673e-01   1.368309907937177e-01  -5.010000000000000e-02
  5.201677721273404e-01   1.368281642516254e-01  -5.010000000000000e-02
  5.201718748097249e-01   1.368253168454044e-01  -5.010000000000000e-02
  5.201758123079407e-01   1.368223439671604e-01  -5.010000000000000e-02
  5.201797012469225e-01   1.368194077519655e-01  -5.010000000000000e-02
  5.201835422111660e-01   1.368165077585155e-01  -5.010000000000000e-02
  5.201873357784876e-01   1.368136435505492e-01  -5.009999999999999e-02
  5.201910825200923e-01   1.368108146967968e-01  -5.010000000000000e-02
  5.201947830006407e-01   1.368080207709303e-01  -5.010000000000000e-02
  5.201983821584271e-01   1.368051921453164e-01  -5.010000000000000e-02
  5.202018202301133e-01   1.368022533550378e-01  -5.010000000000001e-02
  5.202052158160958e-01   1.367993508806314e-01  -5.010000000000001e-02
  5.202085694298936e-01   1.367964842831526e-01  -5.010000000000000e-02
  5.202118815791041e-01   1.367936531287178e-01  -5.010000000000000e-02
  5.202151527654648e-01   1.367908569884525e-01  -5.010000000000000e-02
  5.202183834849137e-01   1.367880954384396e-01  -5.010000000000000e-02
  5.202215657761996e-01   1.367853588414861e-01  -5.010000000000000e-02
  5.202245222412461e-01   1.367824527629928e-01  -5.010000000000001e-02
  5.202274421044928e-01   1.367795826625005e-01  -5.010000000000000e-02
  5.202303258100204e-01   1.367767481034973e-01  -5.010000000000000e-02
  5.202331737967462e-01   1.367739486545463e-01  -5.010000000000000e-02
  5.202359864984794e-01   1.367711838892313e-01  -5.009999999999999e-02
  5.202387643439752e-01   1.367684533861046e-01  -5.010000000000000e-02
  5.202415077569877e-01   1.367657567286339e-01  -5.010000000000000e-02
  5.202441292522814e-01   1.367630109894895e-01  -5.010000000000000e-02
  5.202465851555068e-01   1.367601743760951e-01  -5.010000000000000e-02
  5.202490105956367e-01   1.367573729481364e-01  -5.010000000000000e-02
  5.202514059437253e-01   1.367546062770388e-01  -5.010000000000000e-02
  5.202537715664770e-01   1.367518739392520e-01  -5.010000000000000e-02
  5.202561078262926e-01   1.367491755161964e-01  -5.009999999999999e-02
  5.202584150813162e-01   1.367465105942091e-01  -5.010000000000000e-02
  5.202606936854808e-01   1.367438787644909e-01  -5.010000000000000e-02
  5.202628590158425e-01   1.367412126647733e-01  -5.010000000000000e-02
  5.202648349947416e-01   1.367384516744551e-01  -5.009999999999999e-02
  5.202667864210331e-01   1.367357249909365e-01  -5.010000000000000e-02
  5.202687135948380e-01   1.367330321948651e-01  -5.010000000000000e-02
  5.202706168127322e-01   1.367303728718419e-01  -5.010000000000000e-02
  5.202724963677859e-01   1.367277466123673e-01  -5.010000000000000e-02
  5.202743525496006e-01   1.367251530117870e-01  -5.010000000000000e-02
  5.202761856443487e-01   1.367225916702393e-01  -5.010000000000000e-02
  5.202779959348105e-01   1.367200621926016e-01  -5.010000000000000e-02
  5.202795599832286e-01   1.367174215006674e-01  -5.010000000000000e-02
  5.202810523869245e-01   1.367147803914489e-01  -5.010000000000000e-02
  5.202825262142173e-01   1.367121721569205e-01  -5.010000000000000e-02
  5.202839816929878e-01   1.367095963938019e-01  -5.010000000000000e-02
  5.202854190484039e-01   1.367070527036126e-01  -5.010000000000000e-02
  5.202868385029520e-01   1.367045406926180e-01  -5.010000000000000e-02
  5.202882402764668e-01   1.367020599717765e-01  -5.010000000000000e-02
  5.202896245861602e-01   1.366996101566877e-01  -5.010000000000000e-02
  5.202909916466517e-01   1.366971908675397e-01  -5.010000000000000e-02
  5.202921325136730e-01   1.366946999080948e-01  -5.010000000000000e-02
  5.202931672131815e-01   1.366921952363060e-01  -5.010000000000000e-02
  5.202941890133535e-01   1.366897217896260e-01  -5.010000000000001e-02
  5.202951980729291e-01   1.366872791837952e-01  -5.010000000000000e-02
  5.202961945487479e-01   1.366848670391576e-01  -5.010000000000000e-02
  5.202971785957679e-01   1.366824849806086e-01  -5.010000000000000e-02
  5.202981503670887e-01   1.366801326375441e-01  -5.009999999999999e-02
  5.202991100139723e-01   1.366778096438087e-01  -5.010000000000000e-02
  5.203000576858629e-01   1.366755156376458e-01  -5.010000000000000e-02
  5.203009935304086e-01   1.366732502616471e-01  -5.010000000000000e-02
  5.203016652395492e-01   1.366709286500529e-01  -5.010000000000000e-02
  5.203022666009274e-01   1.366686152790100e-01  -5.010000000000000e-02
  5.203028604537527e-01   1.366663307925429e-01  -5.010000000000001e-02
  5.203034468907145e-01   1.366640748340869e-01  -5.010000000000000e-02
  5.203040260033842e-01   1.366618470513769e-01  -5.010000000000000e-02
  5.203045978822282e-01   1.366596470963982e-01  -5.010000000000000e-02
  5.203051626166207e-01   1.366574746253375e-01  -5.010000000000000e-02
  5.203057202948567e-01   1.366553292985350e-01  -5.010000000000000e-02
  5.203062710041636e-01   1.366532107804359e-01  -5.010000000000000e-02
  5.203068148307138e-01   1.366511187395438e-01  -5.010000000000000e-02
  5.203073518596374e-01   1.366490528483736e-01  -5.010000000000000e-02
  5.203076259971944e-01   1.366469664552719e-01  -5.010000000000000e-02
  5.203078410461446e-01   1.366448960820461e-01  -5.010000000000000e-02
  5.203080534060335e-01   1.366428515976253e-01  -5.010000000000000e-02
  5.203082631101555e-01   1.366408326814695e-01  -5.010000000000001e-02
  5.203084701914013e-01   1.366388390169278e-01  -5.010000000000000e-02
  5.203086746822616e-01   1.366368702911933e-01  -5.010000000000000e-02
  5.203088766148334e-01   1.366349261952583e-01  -5.010000000000000e-02
  5.203090760208227e-01   1.366330064238704e-01  -5.010000000000000e-02
  5.203092729315508e-01   1.366311106754881e-01  -5.010000000000000e-02
  5.203094673779576e-01   1.366292386522381e-01  -5.010000000000000e-02
  5.203096593906067e-01   1.366273900598720e-01  -5.010000000000000e-02
  5.203098489996892e-01   1.366255646077240e-01  -5.010000000000000e-02
  5.203099767936900e-01   1.366237605745417e-01  -5.010000000000000e-02
  5.203098779605271e-01   1.366219736996048e-01  -5.010000000000000e-02
  5.203097803649402e-01   1.366202091996843e-01  -5.010000000000001e-02
  5.203096839915635e-01   1.366184667969660e-01  -5.010000000000000e-02
  5.203095888252181e-01   1.366167462170258e-01  -5.010000000000000e-02
  5.203094948509108e-01   1.366150471887903e-01  -5.010000000000000e-02
  5.203094020538317e-01   1.366133694444968e-01  -5.010000000000000e-02
  5.203093104193515e-01   1.366117127196548e-01  -5.010000000000000e-02
  5.203092199330199e-01   1.366100767530072e-01  -5.010000000000000e-02
  5.203091305805633e-01   1.366084612864919e-01  -5.009999999999999e-02
  5.203090423478829e-01   1.366068660652043e-01  -5.010000000000000e-02
  5.203089552210521e-01   1.366052908373597e-01  -5.010000000000000e-02
  5.203088691863154e-01   1.366037353542566e-01  -5.010000000000000e-02
  5.203087842300852e-01   1.366021993702400e-01  -5.010000000000000e-02
  5.203087003389408e-01   1.366006826426655e-01  -5.010000000000000e-02
  5.203086174996259e-01   1.365991849318630e-01  -5.010000000000000e-02
