888
  4.933702964690230e-01   1.265796000298690e-01  -5.010000000000000e-02
  4.933690779666882e-01   1.265804748167346e-01  -5.010000000000000e-02
  4.933678439927543e-01   1.265813607109664e-01  -5.010000000000000e-02
  4.933665943522315e-01   1.265822578525515e-01  -5.010000000000000e-02
  4.933653288477097e-01   1.265831663832144e-01  -5.010000000000000e-02
  4.933640472793299e-01   1.265840864464378e-01  -5.010000000000000e-02
  4.933627494447546e-01   1.265850181874840e-01  -5.010000000000000e-02
  4.933614351391373e-01   1.265859617534161e-01  -5.010000000000000e-02
  4.933601041550940e-01   1.265869172931194e-01  -5.010000000000000e-02
  4.933587562826712e-01   1.265878849573234e-01  -5.010000000000000e-02
  4.933573913093163e-01   1.265888648986240e-01  -5.010000000000001e-02
  4.933560090198459e-01   1.265898572715055e-01  -5.010000000000000e-02
  4.933546091964149e-01   1.265908622323633e-01  -5.010000000000000e-02
  4.933531916184841e-01   1.265918799395268e-01  -5.010000000000001e-02
  4.933519155045766e-01   1.265930864761390e-01  -5.010000000000000e-02
  4.933507343089599e-01   1.265944308968132e-01  -5.010000000000000e-02
  4.933495381366505e-01   1.265957923637539e-01  -5.010000000000000e-02
  4.933483267994395e-01   1.265971710911779e-01  -5.010000000000000e-02
  4.933471001067958e-01   1.265985672959450e-01  -5.009999999999999e-02
  4.933458578658392e-01   1.265999811975891e-01  -5.010000000000000e-02
  4.933445998813114e-01   1.266014130183502e-01  -5.010000000000000e-02
  4.933433259555493e-01   1.266028629832059e-01  -5.010000000000000e-02
  4.933420358884552e-01   1.266043313199046e-01  -5.010000000000001e-02
  4.933407294774692e-01   1.266058182589973e-01  -5.010000000000000e-02
  4.933394065175392e-01   1.266073240338712e-01  -5.010000000000000e-02
  4.933380668010924e-01   1.266088488807833e-01  -5.010000000000001e-02
  4.933367101180048e-01   1.266103930388934e-01  -5.010000000000000e-02
  4.933355520850816e-01   1.266121165006949e-01  -5.010000000000001e-02
  4.933344440486316e-01   1.266139096417160e-01  -5.010000000000000e-02
  4.933333219849947e-01   1.266157254830050e-01  -5.010000000000001e-02
  4.933321857184548e-01   1.266175643089242e-01  -5.010000000000000e-02
  4.933310350711423e-01   1.266194264073209e-01  -5.010000000000000e-02
  4.933298698630088e-01   1.266213120695680e-01  -5.010000000000000e-02
  4.933286899118020e-01   1.266232215906057e-01  -5.010000000000000e-02
  4.933274950330398e-01   1.266251552689822e-01  -5.010000000000000e-02
  4.933262850399841e-01   1.266271134068968e-01  -5.010000000000001e-02
  4.933250597436150e-01   1.266290963102412e-01  -5.010000000000000e-02
  4.933238189526040e-01   1.266311042886434e-01  -5.010000000000000e-02
  4.933225624732874e-01   1.266331376555104e-01  -5.010000000000000e-02
  4.933213628542539e-01   1.266352357696604e-01  -5.010000000000000e-02
  4.933203374219417e-01   1.266374620270584e-01  -5.010000000000000e-02
  4.933192990300609e-01   1.266397164202339e-01  -5.010000000000000e-02
  4.933182475168293e-01   1.266419993004233e-01  -5.010000000000000e-02
  4.933171827184959e-01   1.266443110231365e-01  -5.009999999999999e-02
  4.933161044693192e-01   1.266466519482060e-01  -5.010000000000000e-02
  4.933150126015433e-01   1.266490224398365e-01  -5.010000000000000e-02
  4.933139069453756e-01   1.266514228666550e-01  -5.010000000000000e-02
  4.933127873289633e-01   1.266538536017617e-01  -5.009999999999999e-02
  4.933116535783695e-01   1.266563150227809e-01  -5.010000000000000e-02
  4.933105055175497e-01   1.266588075119123e-01  -5.010000000000001e-02
  4.933093429683282e-01   1.266613314559838e-01  -5.010000000000000e-02
  4.933081960611868e-01   1.266638995718998e-01  -5.010000000000000e-02
  4.933072437273324e-01   1.266665850895611e-01  -5.010000000000000e-02
  4.933062793813759e-01   1.266693044805458e-01  -5.009999999999999e-02
  4.933053028739665e-01   1.266720581660128e-01  -5.010000000000000e-02
  4.933043140539518e-01   1.266748465722014e-01  -5.010000000000001e-02
  4.933033127683577e-01   1.266776701304890e-01  -5.010000000000000e-02
  4.933022988623672e-01   1.266805292774488e-01  -5.010000000000000e-02
  4.933012721793003e-01   1.266834244549079e-01  -5.010000000000000e-02
  4.933002325605929e-01   1.266863561100067e-01  -5.010000000000000e-02
  4.932991798457755e-01   1.266893246952579e-01  -5.010000000000000e-02
  4.932981138724525e-01   1.266923306686067e-01  -5.009999999999999e-02
  4.932970344762801e-01   1.266953744934917e-01  -5.010000000000000e-02
  4.932960268179973e-01   1.266984836326040e-01  -5.010000000000000e-02
  4.932951371783220e-01   1.267016732549648e-01  -5.010000000000000e-02
  4.932942363429911e-01   1.267049030170750e-01  -5.010000000000000e-02
  4.932933241734598e-01   1.267081734156582e-01  -5.010000000000000e-02
  4.932924005295291e-01   1.267114849533703e-01  -5.009999999999999e-02
  4.932914652693269e-01   1.267148381388644e-01  -5.010000000000000e-02
  4.932905182492900e-01   1.267182334868572e-01  -5.010000000000000e-02
  4.932895593241455e-01   1.267216715181951e-01  -5.010000000000001e-02
  4.932885883468923e-01   1.267251527599215e-01  -5.010000000000000e-02
  4.932876051687815e-01   1.267286777453442e-01  -5.010000000000000e-02
  4.932866096392982e-01   1.267322470141040e-01  -5.010000000000000e-02
  4.932856342104547e-01   1.267358692508745e-01  -5.010000000000000e-02
  4.932848153777317e-01   1.267395791184000e-01  -5.010000000000000e-02
  4.932839862654198e-01   1.267433355594345e-01  -5.010000000000000e-02
  4.932831467469474e-01   1.267471391474324e-01  -5.010000000000001e-02
  4.932822966942480e-01   1.267509904626228e-01  -5.009999999999999e-02
  4.932814359777434e-01   1.267548900920819e-01  -5.010000000000000e-02
  4.932805644663283e-01   1.267588386298068e-01  -5.010000000000000e-02
  4.932796820273532e-01   1.267628366767890e-01  -5.009999999999999e-02
  4.932787885266085e-01   1.267668848410888e-01  -5.010000000000001e-02
  4.932778838283077e-01   1.267709837379109e-01  -5.010000000000001e-02
  4.932769677950711e-01   1.267751339896792e-01  -5.010000000000000e-02
  4.932761271794213e-01   1.267793534195291e-01  -5.010000000000000e-02
  4.932753751398766e-01   1.267836452960825e-01  -5.010000000000001e-02
  4.932746136855963e-01   1.267879909023681e-01  -5.010000000000000e-02
  4.932738427013278e-01   1.267923908961297e-01  -5.010000000000000e-02
  4.932730620704743e-01   1.267968459427840e-01  -5.010000000000000e-02
  4.932722716750803e-01   1.268013567154999e-01  -5.010000000000000e-02
  4.932714713958181e-01   1.268059238952795e-01  -5.010000000000000e-02
  4.932706611119730e-01   1.268105481710384e-01  -5.010000000000000e-02
  4.932698407014297e-01   1.268152302396879e-01  -5.010000000000000e-02
  4.932690100406572e-01   1.268199708062164e-01  -5.010000000000000e-02
  4.932682287791290e-01   1.268247799420368e-01  -5.010000000000000e-02
  4.932675543076304e-01   1.268296673734123e-01  -5.010000000000000e-02
  4.932668714169292e-01   1.268346158129625e-01  -5.009999999999999e-02
  4.932661800045814e-01   1.268396260030279e-01  -5.010000000000000e-02
  4.932654799669641e-01   1.268446986944934e-01  -5.010000000000000e-02
  4.932647711992633e-01   1.268498346468744e-01  -5.010000000000000e-02
  4.932640535954619e-01   1.268550346284031e-01  -5.010000000000000e-02
  4.932633270483280e-01   1.268602994161151e-01  -5.010000000000000e-02
  4.932625914494028e-01   1.268656297959375e-01  -5.010000000000000e-02
  4.932618466889882e-01   1.268710265627763e-01  -5.010000000000000e-02
  4.932612211364598e-01   1.268765062707492e-01  -5.010000000000000e-02
  4.932606257250594e-01   1.268820588282279e-01  -5.010000000000000e-02
  4.932600229057843e-01   1.268876804684440e-01  -5.010000000000000e-02
  4.932594125891166e-01   1.268933720262059e-01  -5.010000000000000e-02
  4.932587946845235e-01   1.268991343457832e-01  -5.010000000000000e-02
  4.932581691004481e-01   1.269049682809982e-01  -5.010000000000000e-02
  4.932575357442992e-01   1.269108746953173e-01  -5.010000000000000e-02
  4.932568945224415e-01   1.269168544619431e-01  -5.010000000000000e-02
  4.932562453401860e-01   1.269229084639073e-01  -5.010000000000000e-02
  4.932557106139304e-01   1.269290491023868e-01  -5.010000000000001e-02
  4.932552087937490e-01   1.269352696290238e-01  -5.010000000000001e-02
  4.932547007509703e-01   1.269415672905267e-01  -5.010000000000000e-02
  4.932541864109273e-01   1.269479430124623e-01  -5.010000000000000e-02
  4.932536656981202e-01   1.269543977307205e-01  -5.010000000000000e-02
  4.932531385362088e-01   1.269609323916091e-01  -5.010000000000001e-02
  4.932526048480046e-01   1.269675479519499e-01  -5.010000000000000e-02
  4.932520645554634e-01   1.269742453791741e-01  -5.010000000000000e-02
  4.932515596547709e-01   1.269810285637896e-01  -5.010000000000000e-02
  4.932511623986970e-01   1.269879035014797e-01  -5.010000000000000e-02
  4.932507602329176e-01   1.269948634068324e-01  -5.010000000000000e-02
  4.932503530989313e-01   1.270019092922755e-01  -5.010000000000000e-02
  4.932499409375946e-01   1.270090421813471e-01  -5.010000000000000e-02
  4.932495236891167e-01   1.270162631087929e-01  -5.009999999999999e-02
  4.932491012930534e-01   1.270235731206643e-01  -5.010000000000000e-02
  4.932486736883015e-01   1.270309732744163e-01  -5.010000000000000e-02
  4.932482854128060e-01   1.270384667577339e-01  -5.010000000000000e-02
  4.932480027401845e-01   1.270460578024963e-01  -5.009999999999999e-02
  4.932477165867880e-01   1.270537423218905e-01  -5.010000000000000e-02
  4.932474269114641e-01   1.270615214210433e-01  -5.010000000000000e-02
  4.932471336726171e-01   1.270693962169883e-01  -5.010000000000000e-02
  4.932468368282043e-01   1.270773678387647e-01  -5.010000000000000e-02
  4.932465363357322e-01   1.270854374275159e-01  -5.010000000000000e-02
  4.932462321522529e-01   1.270936061365880e-01  -5.010000000000000e-02
  4.932460421110929e-01   1.271018784522310e-01  -5.010000000000000e-02
  4.932458820931560e-01   1.271102531840831e-01  -5.010000000000000e-02
  4.932457201127733e-01   1.271187306228995e-01  -5.010000000000000e-02
  4.932455561469447e-01   1.271273119724378e-01  -5.010000000000000e-02
  4.932453901724265e-01   1.271359984491575e-01  -5.010000000000000e-02
  4.932452221657313e-01   1.271447912823177e-01  -5.010000000000000e-02
  4.932450521031249e-01   1.271536917140757e-01  -5.010000000000000e-02
  4.932449915133433e-01   1.271627021911976e-01  -5.010000000000000e-02
  4.932449709141042e-01   1.271718232399728e-01  -5.010000000000000e-02
  4.932449500632232e-01   1.271810557122276e-01  -5.010000000000000e-02
  4.932449289577756e-01   1.271904009029160e-01  -5.010000000000000e-02
  4.932449075948067e-01   1.271998601203773e-01  -5.010000000000000e-02
  4.932448859713312e-01   1.272094346864313e-01  -5.009999999999999e-02
  4.932448805622187e-01   1.272191258451124e-01  -5.010000000000000e-02
  4.932450114868152e-01   1.272289342794655e-01  -5.010000000000000e-02
  4.932451440049898e-01   1.272388620993770e-01  -5.010000000000000e-02
  4.932452781351172e-01   1.272489106814198e-01  -5.010000000000000e-02
  4.932454138957583e-01   1.272590814161172e-01  -5.009999999999999e-02
  4.932455513056615e-01   1.272693757080360e-01  -5.010000000000000e-02
  4.932456903837640e-01   1.272797949758779e-01  -5.010000000000000e-02
  4.932459695663126e-01   1.272903377789232e-01  -5.010000000000001e-02
  4.932462702076763e-01   1.273010080279908e-01  -5.010000000000001e-02
  4.932465744915323e-01   1.273118075550136e-01  -5.010000000000000e-02
  4.932468824594590e-01   1.273227378356774e-01  -5.010000000000001e-02
  4.932471941534456e-01   1.273338003602431e-01  -5.010000000000000e-02
  4.932475161389341e-01   1.273449964041902e-01  -5.010000000000000e-02
  4.932479938256515e-01   1.273563223740187e-01  -5.010000000000000e-02
  4.932484772793663e-01   1.273677850795686e-01  -5.010000000000000e-02
  4.932489665653946e-01   1.273793860694890e-01  -5.010000000000000e-02
  4.932494617496847e-01   1.273911269074154e-01  -5.010000000000001e-02
  4.932499628988202e-01   1.274030091720495e-01  -5.010000000000000e-02
  4.932505610905514e-01   1.274150300013978e-01  -5.010000000000000e-02
  4.932512390831649e-01   1.274271918519981e-01  -5.009999999999999e-02
  4.932519252236682e-01   1.274394998596722e-01  -5.010000000000000e-02
  4.932526196034115e-01   1.274519556630691e-01  -5.010000000000000e-02
  4.932533223146061e-01   1.274645609162703e-01  -5.010000000000000e-02
  4.932540701863095e-01   1.274773151138146e-01  -5.010000000000000e-02
  4.932548788602580e-01   1.274902190203119e-01  -5.010000000000000e-02
  4.932556972129368e-01   1.275032773690652e-01  -5.010000000000000e-02
  4.932565253518727e-01   1.275164918758699e-01  -5.010000000000000e-02
  4.932573633855805e-01   1.275298642722801e-01  -5.010000000000000e-02
  4.932582114235661e-01   1.275433963056688e-01  -5.010000000000000e-02
  4.932590695763306e-01   1.275570897392860e-01  -5.010000000000001e-02
  4.932599379553733e-01   1.275709463523149e-01  -5.009999999999999e-02
  4.932608166731957e-01   1.275849679399250e-01  -5.010000000000000e-02
  4.932617058433042e-01   1.275991563133232e-01  -5.010000000000000e-02
  4.932626055802132e-01   1.276135132998024e-01  -5.010000000000000e-02
  4.932635159994481e-01   1.276280407427872e-01  -5.010000000000000e-02
  4.932644372175481e-01   1.276427405018767e-01  -5.010000000000000e-02
  4.932653693520684e-01   1.276576144528854e-01  -5.010000000000000e-02
  4.932663125215828e-01   1.276726644878796e-01  -5.009999999999999e-02
  4.932672668456857e-01   1.276878925152124e-01  -5.010000000000001e-02
  4.932682324449942e-01   1.277033004595544e-01  -5.010000000000001e-02
  4.932692094411497e-01   1.277188902619221e-01  -5.010000000000000e-02
  4.932701979568193e-01   1.277346638797017e-01  -5.010000000000000e-02
  4.932711959301298e-01   1.277506234215413e-01  -5.010000000000000e-02
  4.932721769883076e-01   1.277667725127732e-01  -5.010000000000000e-02
  4.932731695773546e-01   1.277831114123804e-01  -5.010000000000000e-02
  4.932741738201852e-01   1.277996421436445e-01  -5.010000000000000e-02
  4.932751898407128e-01   1.278163667462885e-01  -5.010000000000000e-02
  4.932762177638497e-01   1.278332872764791e-01  -5.010000000000000e-02
  4.932772577155068e-01   1.278504058068251e-01  -5.010000000000000e-02
  4.932783098225937e-01   1.278677244263716e-01  -5.010000000000000e-02
  4.932793742130181e-01   1.278852452405893e-01  -5.010000000000000e-02
  4.932804510156843e-01   1.279029703713602e-01  -5.010000000000000e-02
  4.932815403604925e-01   1.279209019569579e-01  -5.010000000000000e-02
  4.932826423783373e-01   1.279390421520239e-01  -5.010000000000000e-02
  4.932837572011060e-01   1.279573931275383e-01  -5.010000000000000e-02
  4.932848849616762e-01   1.279759570707864e-01  -5.010000000000000e-02
  4.932860257939137e-01   1.279947361853197e-01  -5.010000000000000e-02
  4.932871798326699e-01   1.280137326909115e-01  -5.010000000000000e-02
  4.932885244174809e-01   1.280329364629338e-01  -5.010000000000000e-02
  4.932900536000843e-01   1.280523501779048e-01  -5.010000000000000e-02
  4.932916004162802e-01   1.280719877598887e-01  -5.010000000000000e-02
  4.932931650457590e-01   1.280918514901407e-01  -5.010000000000001e-02
  4.932947476694633e-01   1.281119436658139e-01  -5.010000000000000e-02
  4.932963484695817e-01   1.281322665998815e-01  -5.010000000000000e-02
  4.932979676295421e-01   1.281528226210519e-01  -5.010000000000000e-02
  4.932996053340052e-01   1.281736140736776e-01  -5.010000000000000e-02
  4.933012617688557e-01   1.281946433176586e-01  -5.009999999999999e-02
  4.933029371211951e-01   1.282159127283376e-01  -5.010000000000000e-02
  4.933046315793324e-01   1.282374246963896e-01  -5.010000000000000e-02
  4.933063453327751e-01   1.282591816277042e-01  -5.010000000000000e-02
  4.933080785722192e-01   1.282811859432606e-01  -5.010000000000000e-02
  4.933102118093420e-01   1.283034055816561e-01  -5.010000000000000e-02
  4.933125175742891e-01   1.283258636440668e-01  -5.010000000000000e-02
  4.933148494367904e-01   1.283485758956569e-01  -5.010000000000001e-02
  4.933172076509140e-01   1.283715448110409e-01  -5.010000000000000e-02
  4.933195924721988e-01   1.283947728791560e-01  -5.010000000000000e-02
  4.933220041576361e-01   1.284182626030910e-01  -5.010000000000000e-02
  4.933244429656525e-01   1.284420164999085e-01  -5.010000000000000e-02
  4.933269091560897e-01   1.284660371004571e-01  -5.010000000000000e-02
  4.933294029901847e-01   1.284903269491763e-01  -5.010000000000000e-02
  4.933319247305492e-01   1.285148886038919e-01  -5.010000000000000e-02
  4.933344746411469e-01   1.285397246356032e-01  -5.010000000000000e-02
  4.933376549343059e-01   1.285647677583552e-01  -5.010000000000000e-02
  4.933409336250595e-01   1.285900823489490e-01  -5.010000000000000e-02
  4.933442487492378e-01   1.286156782400058e-01  -5.010000000000000e-02
  4.933476006453134e-01   1.286415580448554e-01  -5.010000000000000e-02
  4.933509896533046e-01   1.286677243887594e-01  -5.010000000000000e-02
  4.933544161147400e-01   1.286941799086424e-01  -5.010000000000000e-02
  4.933578803726229e-01   1.287209272528127e-01  -5.010000000000000e-02
  4.933613827713932e-01   1.287479690806731e-01  -5.010000000000000e-02
  4.933649236568893e-01   1.287753080624209e-01  -5.010000000000000e-02
  4.933689349473854e-01   1.288028849391000e-01  -5.010000000000000e-02
  4.933733206064616e-01   1.288307162348460e-01  -5.010000000000000e-02
  4.933777541736731e-01   1.288588515545626e-01  -5.010000000000000e-02
  4.933822360744066e-01   1.288872935977427e-01  -5.010000000000000e-02
  4.933867667354821e-01   1.289160450729781e-01  -5.010000000000000e-02
  4.933913465850964e-01   1.289451086975957e-01  -5.010000000000000e-02
  4.933959760527637e-01   1.289744871972823e-01  -5.010000000000001e-02
  4.934006555692542e-01   1.290041833056971e-01  -5.010000000000000e-02
  4.934056923631789e-01   1.290341470539352e-01  -5.010000000000000e-02
  4.934113118596670e-01   1.290643425349461e-01  -5.010000000000000e-02
  4.934169917107796e-01   1.290948623220447e-01  -5.009999999999999e-02
  4.934227324279912e-01   1.291257091635577e-01  -5.010000000000000e-02
  4.934285345238607e-01   1.291568858136406e-01  -5.010000000000000e-02
  4.934343985119468e-01   1.291883950318196e-01  -5.010000000000000e-02
  4.934403249067197e-01   1.292202395825211e-01  -5.010000000000000e-02
  4.934463788614916e-01   1.292524092814163e-01  -5.010000000000000e-02
  4.934533253549166e-01   1.292847537063644e-01  -5.010000000000000e-02
  4.934603452464266e-01   1.293174398891901e-01  -5.010000000000000e-02
  4.934674391295830e-01   1.293504705936483e-01  -5.010000000000000e-02
  4.934746075984492e-01   1.293838485858311e-01  -5.010000000000000e-02
  4.934818512474734e-01   1.294175766336212e-01  -5.010000000000000e-02
  4.934891706713677e-01   1.294516575061312e-01  -5.010000000000000e-02
  4.934970424304640e-01   1.294859849605081e-01  -5.009999999999999e-02
  4.935054586313113e-01   1.295205637107081e-01  -5.010000000000000e-02
  4.935139621834412e-01   1.295555013518421e-01  -5.010000000000000e-02
  4.935225537564169e-01   1.295908006348723e-01  -5.010000000000000e-02
  4.935312340193706e-01   1.296264643089923e-01  -5.010000000000001e-02
  4.935400036408486e-01   1.296624951209868e-01  -5.010000000000000e-02
  4.935493991956410e-01   1.296987577206833e-01  -5.010000000000000e-02
  4.935593350982138e-01   1.297352770738184e-01  -5.010000000000000e-02
  4.935693724197678e-01   1.297721691918393e-01  -5.010000000000000e-02
  4.935795118980553e-01   1.298094367863502e-01  -5.009999999999999e-02
  4.935897542692547e-01   1.298470825631708e-01  -5.010000000000000e-02
  4.936001941472318e-01   1.298850823475349e-01  -5.010000000000000e-02
  4.936116519764744e-01   1.299232041794692e-01  -5.010000000000001e-02
  4.936232250269836e-01   1.299617093689892e-01  -5.010000000000000e-02
  4.936349140968110e-01   1.300006005713269e-01  -5.010000000000000e-02
  4.936467199811633e-01   1.300398804322480e-01  -5.010000000000001e-02
  4.936587142468304e-01   1.300795293149941e-01  -5.010000000000000e-02
  4.936717866740961e-01   1.301192700849167e-01  -5.010000000000000e-02
  4.936849884814872e-01   1.301594041762701e-01  -5.010000000000000e-02
  4.936983205172883e-01   1.301999341678781e-01  -5.009999999999999e-02
  4.937117836253614e-01   1.302408626251188e-01  -5.010000000000000e-02
  4.937258115258421e-01   1.302820435900223e-01  -5.010000000000000e-02
  4.937405943873306e-01   1.303234146432866e-01  -5.009999999999999e-02
  4.937555210896523e-01   1.303651882469482e-01  -5.010000000000000e-02
  4.937705925194005e-01   1.304073668822122e-01  -5.010000000000000e-02
  4.937858907171475e-01   1.304499228704984e-01  -5.010000000000000e-02
  4.938023171638697e-01   1.304925241806006e-01  -5.010000000000000e-02
  4.938189011528242e-01   1.305355340699655e-01  -5.010000000000000e-02
  4.938356436027669e-01   1.305789549213485e-01  -5.010000000000000e-02
  4.938525667293813e-01   1.306227805818915e-01  -5.010000000000000e-02
  4.938707012670678e-01   1.306666018297715e-01  -5.010000000000000e-02
  4.938890071015123e-01   1.307108370081208e-01  -5.010000000000000e-02
  4.939074851719848e-01   1.307554883866403e-01  -5.010000000000000e-02
  4.939263606372459e-01   1.308004622692236e-01  -5.010000000000000e-02
  4.939462655630841e-01   1.308454908265392e-01  -5.010000000000001e-02
  4.939663555146210e-01   1.308909379455889e-01  -5.010000000000000e-02
  4.939866314386787e-01   1.309368057682566e-01  -5.010000000000000e-02
  4.940077580547327e-01   1.309827936643261e-01  -5.010000000000000e-02
  4.940294942231040e-01   1.310290141176837e-01  -5.010000000000000e-02
  4.940514290473178e-01   1.310756569989021e-01  -5.009999999999999e-02
  4.940737973450418e-01   1.311226110316825e-01  -5.010000000000000e-02
  4.940972144575775e-01   1.311695805980059e-01  -5.010000000000000e-02
  4.941208427596202e-01   1.312169737639317e-01  -5.009999999999999e-02
  4.941446831870494e-01   1.312647924066276e-01  -5.010000000000000e-02
  4.941698030209069e-01   1.313124917269223e-01  -5.009999999999999e-02
  4.941951545437200e-01   1.313606110741049e-01  -5.009999999999999e-02
  4.942207304882003e-01   1.314091563927053e-01  -5.010000000000000e-02
  4.942475240362806e-01   1.314575925561693e-01  -5.010000000000000e-02
  4.942746341397792e-01   1.315064091870377e-01  -5.009999999999999e-02
  4.943019807478139e-01   1.315556516869786e-01  -5.010000000000000e-02
  4.943306243220100e-01   1.316047181821256e-01  -5.010000000000000e-02
  4.943595178227042e-01   1.316542069758374e-01  -5.010000000000000e-02
  4.943888690896726e-01   1.317039956681882e-01  -5.010000000000000e-02
  4.944193155906171e-01   1.317537049224716e-01  -5.010000000000000e-02
  4.944500209506255e-01   1.318038368095905e-01  -5.010000000000000e-02
  4.944815255369935e-01   1.318540544410920e-01  -5.009999999999999e-02
  4.945137987990198e-01   1.319043787183102e-01  -5.010000000000000e-02
  4.945463420099107e-01   1.319551239316421e-01  -5.010000000000000e-02
  4.945801292516665e-01   1.320056529983350e-01  -5.010000000000000e-02
  4.946142543902519e-01   1.320565616549494e-01  -5.010000000000000e-02
  4.946491331687698e-01   1.321075650363696e-01  -5.010000000000000e-02
  4.946848397193427e-01   1.321586138206995e-01  -5.010000000000000e-02
  4.947209160123748e-01   1.322100207029840e-01  -5.010000000000000e-02
  4.947582057809421e-01   1.322611845288475e-01  -5.010000000000000e-02
  4.947957949806591e-01   1.323127591924231e-01  -5.010000000000000e-02
  4.948344504867754e-01   1.323641756200649e-01  -5.010000000000001e-02
  4.948736356673691e-01   1.324158339185728e-01  -5.010000000000001e-02
  4.949136562687360e-01   1.324674920812036e-01  -5.010000000000000e-02
  4.949544284250004e-01   1.325192158767599e-01  -5.010000000000000e-02
  4.949958875533995e-01   1.325710449983304e-01  -5.010000000000000e-02
  4.950382507542547e-01   1.326228058042423e-01  -5.009999999999999e-02
  4.950812151081510e-01   1.326747338972190e-01  -5.010000000000000e-02
  4.951251656493095e-01   1.327265088921175e-01  -5.009999999999999e-02
  4.951696887558947e-01   1.327784687002186e-01  -5.010000000000000e-02
  4.952152192446643e-01   1.328302379722602e-01  -5.010000000000000e-02
  4.952613472795481e-01   1.328821631376484e-01  -5.010000000000000e-02
  4.953084587122459e-01   1.329338990372994e-01  -5.010000000000000e-02
  4.953562341978334e-01   1.329857215909166e-01  -5.010000000000000e-02
  4.954049174964789e-01   1.330374049658688e-01  -5.010000000000000e-02
  4.954543690248829e-01   1.330890651878792e-01  -5.010000000000000e-02
  4.955046145525442e-01   1.331406772714495e-01  -5.010000000000000e-02
  4.955557676660987e-01   1.331921145623274e-01  -5.010000000000000e-02
  4.956075704888892e-01   1.332436316459915e-01  -5.010000000000000e-02
  4.956604466071952e-01   1.332947858868002e-01  -5.010000000000000e-02
  4.957138944241111e-01   1.333460857671584e-01  -5.010000000000000e-02
  4.957684160295072e-01   1.333969974812570e-01  -5.010000000000001e-02
  4.958236251631939e-01   1.334479168143190e-01  -5.010000000000000e-02
  4.958796660031272e-01   1.334986857480587e-01  -5.009999999999999e-02
  4.959366381023117e-01   1.335491761962211e-01  -5.010000000000000e-02
  4.959942580171796e-01   1.335997020845639e-01  -5.010000000000000e-02
  4.960529329448891e-01   1.336497847082789e-01  -5.010000000000000e-02
  4.961123281669589e-01   1.336997971004263e-01  -5.009999999999999e-02
  4.961724891414154e-01   1.337496831506439e-01  -5.010000000000000e-02
  4.962336536454070e-01   1.337991366193111e-01  -5.010000000000000e-02
  4.962955060104980e-01   1.338485336875666e-01  -5.010000000000000e-02
  4.963582049036886e-01   1.338976691998748e-01  -5.010000000000000e-02
  4.964218146389307e-01   1.339464410009180e-01  -5.010000000000000e-02
  4.964861319161399e-01   1.339951029567373e-01  -5.010000000000000e-02
  4.965513033163398e-01   1.340434518216387e-01  -5.010000000000000e-02
  4.966173569860983e-01   1.340914289995029e-01  -5.010000000000000e-02
  4.966841293131369e-01   1.341392475264944e-01  -5.010000000000001e-02
  4.967517127243033e-01   1.341867687266420e-01  -5.010000000000000e-02
  4.968201899951196e-01   1.342338537758159e-01  -5.010000000000000e-02
  4.968893858314307e-01   1.342807419175320e-01  -5.010000000000000e-02
  4.969593073913443e-01   1.343274147578635e-01  -5.010000000000000e-02
  4.970301682623735e-01   1.343735309017090e-01  -5.010000000000000e-02
  4.971017440220756e-01   1.344194134136887e-01  -5.010000000000000e-02
  4.971740371449396e-01   1.344650488305829e-01  -5.010000000000000e-02
  4.972471322165555e-01   1.345102881247576e-01  -5.010000000000000e-02
  4.973210326113641e-01   1.345551036960544e-01  -5.010000000000000e-02
  4.973956355141551e-01   1.345996484152219e-01  -5.010000000000001e-02
  4.974709413679048e-01   1.346439095043259e-01  -5.010000000000000e-02
  4.975470477463720e-01   1.346877021439470e-01  -5.010000000000000e-02
  4.976238900178200e-01   1.347311159918280e-01  -5.010000000000000e-02
  4.977014123944951e-01   1.347742338065730e-01  -5.010000000000001e-02
  4.977796125487497e-01   1.348170456868290e-01  -5.010000000000000e-02
  4.978585703783967e-01   1.348593860534632e-01  -5.010000000000000e-02
  4.979382313490771e-01   1.349013333269648e-01  -5.010000000000000e-02
  4.980185439079787e-01   1.349429677390911e-01  -5.010000000000000e-02
  4.980995038883300e-01   1.349842816140053e-01  -5.010000000000000e-02
  4.981811431789469e-01   1.350251939259319e-01  -5.010000000000000e-02
  4.982634785723754e-01   1.350656474806850e-01  -5.010000000000000e-02
  4.983464350319030e-01   1.351057738893999e-01  -5.010000000000000e-02
  4.984300042015905e-01   1.351455732546929e-01  -5.009999999999999e-02
  4.985141765107469e-01   1.351850478325582e-01  -5.010000000000000e-02
  4.985990202705324e-01   1.352240288309869e-01  -5.010000000000001e-02
  4.986844571200655e-01   1.352626624214814e-01  -5.010000000000000e-02
  4.987704679303505e-01   1.353009715920754e-01  -5.010000000000000e-02
  4.988570455697459e-01   1.353389533118841e-01  -5.010000000000001e-02
  4.989441942324590e-01   1.353765776236934e-01  -5.010000000000000e-02
  4.990319476421194e-01   1.354137413972186e-01  -5.010000000000000e-02
  4.991202338276151e-01   1.354505904948292e-01  -5.010000000000000e-02
  4.992090444220586e-01   1.354871246833473e-01  -5.010000000000000e-02
  4.992983705579296e-01   1.355233447918899e-01  -5.010000000000000e-02
  4.993882267229268e-01   1.355591922976087e-01  -5.009999999999999e-02
  4.994786157280499e-01   1.355946341635830e-01  -5.010000000000000e-02
  4.995694865511271e-01   1.356297763667688e-01  -5.010000000000000e-02
  4.996608292843574e-01   1.356646225705022e-01  -5.010000000000000e-02
  4.997526349609474e-01   1.356991738820654e-01  -5.010000000000000e-02
  4.998449299968305e-01   1.357333349803858e-01  -5.010000000000000e-02
  4.999376852453351e-01   1.357671575111640e-01  -5.009999999999999e-02
  5.000308701522009e-01   1.358007006923044e-01  -5.010000000000000e-02
  5.001244765641661e-01   1.358339634010647e-01  -5.010000000000000e-02
  5.002184968136771e-01   1.358669430397118e-01  -5.010000000000000e-02
  5.003129560533135e-01   1.358995403990171e-01  -5.010000000000000e-02
  5.004078110405116e-01   1.359318525573855e-01  -5.010000000000000e-02
  5.005030455534218e-01   1.359639016239745e-01  -5.010000000000000e-02
  5.005986492535124e-01   1.359956927364637e-01  -5.010000000000000e-02
  5.006946221843569e-01   1.360271991200645e-01  -5.010000000000000e-02
  5.007909761017789e-01   1.360583555058864e-01  -5.009999999999999e-02
  5.008876682812191e-01   1.360892650384014e-01  -5.010000000000000e-02
  5.009846885795872e-01   1.361199323950416e-01  -5.009999999999999e-02
  5.010820268661306e-01   1.361503621248788e-01  -5.010000000000000e-02
  5.011797016188722e-01   1.361804652394482e-01  -5.010000000000000e-02
  5.012776825003686e-01   1.362103091126814e-01  -5.010000000000000e-02
  5.013759504819426e-01   1.362399270490214e-01  -5.010000000000000e-02
  5.014744963990557e-01   1.362693204088842e-01  -5.010000000000000e-02
  5.015733267945294e-01   1.362984367986288e-01  -5.010000000000000e-02
  5.016724337483163e-01   1.363272706148579e-01  -5.010000000000001e-02
  5.017717882691066e-01   1.363558899204160e-01  -5.010000000000000e-02
  5.018713814965931e-01   1.363842948438950e-01  -5.010000000000001e-02
  5.019712125785678e-01   1.364124567931591e-01  -5.010000000000000e-02
  5.020712855568923e-01   1.364403275302900e-01  -5.010000000000000e-02
  5.021715665556037e-01   1.364679951216848e-01  -5.010000000000000e-02
  5.022720465910332e-01   1.364954599351105e-01  -5.010000000000001e-02
  5.023727234647076e-01   1.365226969856173e-01  -5.009999999999999e-02
  5.024736037911991e-01   1.365496464442652e-01  -5.010000000000000e-02
  5.025746545123542e-01   1.365763968301917e-01  -5.010000000000000e-02
  5.026758663374459e-01   1.366029494773643e-01  -5.010000000000000e-02
  5.027772399187297e-01   1.366292670509562e-01  -5.010000000000000e-02
  5.028787749720071e-01   1.366553137134410e-01  -5.010000000000000e-02
  5.029804419047260e-01   1.366811684089688e-01  -5.010000000000000e-02
  5.030822314843498e-01   1.367068321974048e-01  -5.010000000000000e-02
  5.031841518565730e-01   1.367322358829275e-01  -5.010000000000000e-02
  5.032861892786028e-01   1.367573960943692e-01  -5.010000000000000e-02
  5.033883210544814e-01   1.367823676346612e-01  -5.009999999999999e-02
  5.034905375763585e-01   1.368071531139674e-01  -5.010000000000000e-02
  5.035928611528883e-01   1.368316210160690e-01  -5.010000000000000e-02
  5.036952516721182e-01   1.368558989632917e-01  -5.010000000000000e-02
  5.037976995576611e-01   1.368799895853662e-01  -5.010000000000000e-02
  5.039002105583148e-01   1.369038293529601e-01  -5.010000000000000e-02
  5.040027772730756e-01   1.369274089393360e-01  -5.010000000000000e-02
  5.041053746789153e-01   1.369507971548536e-01  -5.010000000000001e-02
  5.042079966180350e-01   1.369739818514960e-01  -5.010000000000000e-02
  5.043106589025224e-01   1.369968508164375e-01  -5.010000000000001e-02
  5.044133243464479e-01   1.370195286177234e-01  -5.009999999999999e-02
  5.045159839990379e-01   1.370420159179842e-01  -5.010000000000000e-02
  5.046186541917812e-01   1.370641956617672e-01  -5.010000000000000e-02
  5.047213080275386e-01   1.370861484757155e-01  -5.010000000000000e-02
  5.048239299759562e-01   1.371079057391600e-01  -5.010000000000000e-02
  5.049265301652027e-01   1.371293768653443e-01  -5.010000000000000e-02
  5.050290935250568e-01   1.371505889105660e-01  -5.010000000000000e-02
  5.051315981020892e-01   1.371716053157582e-01  -5.010000000000000e-02
  5.052340510324943e-01   1.371923480231445e-01  -5.010000000000000e-02
  5.053364455236779e-01   1.372128044945608e-01  -5.010000000000000e-02
  5.054387553629512e-01   1.372330619061750e-01  -5.009999999999999e-02
  5.055409872872567e-01   1.372530422386296e-01  -5.010000000000000e-02
  5.056431364382399e-01   1.372727230618079e-01  -5.010000000000000e-02
  5.057451751730817e-01   1.372922028263061e-01  -5.010000000000000e-02
  5.058471123728138e-01   1.373113899997662e-01  -5.009999999999999e-02
  5.059489398006399e-01   1.373302798673994e-01  -5.010000000000000e-02
  5.060506315400590e-01   1.373489665528959e-01  -5.010000000000000e-02
  5.061522019514461e-01   1.373673253869143e-01  -5.010000000000000e-02
  5.062536331939846e-01   1.373854052591142e-01  -5.010000000000000e-02
  5.063549035162256e-01   1.374032826383781e-01  -5.010000000000000e-02
  5.064560354281985e-01   1.374207811920984e-01  -5.009999999999999e-02
  5.065569966286614e-01   1.374380363681468e-01  -5.009999999999999e-02
  5.066577739142349e-01   1.374550802392546e-01  -5.010000000000000e-02
  5.067583943288381e-01   1.374717010310718e-01  -5.010000000000000e-02
  5.068588128961281e-01   1.374881188718636e-01  -5.010000000000000e-02
  5.069590352566420e-01   1.375042528688054e-01  -5.010000000000000e-02
  5.070590661346434e-01   1.375200201329981e-01  -5.010000000000000e-02
  5.071588716487269e-01   1.375355857849651e-01  -5.010000000000000e-02
  5.072584715592416e-01   1.375507726114693e-01  -5.009999999999999e-02
  5.073578414413793e-01   1.375656857255572e-01  -5.010000000000000e-02
  5.074569670692231e-01   1.375803725896394e-01  -5.010000000000000e-02
  5.075558723053429e-01   1.375946160543037e-01  -5.010000000000000e-02
  5.076545135255407e-01   1.376086639396252e-01  -5.010000000000000e-02
  5.077529066572104e-01   1.376223542571678e-01  -5.010000000000000e-02
  5.078510377109726e-01   1.376357294586975e-01  -5.010000000000000e-02
  5.079488858473371e-01   1.376488932866831e-01  -5.010000000000000e-02
  5.080464780688438e-01   1.376615858545266e-01  -5.010000000000000e-02
  5.081437695040296e-01   1.376740935950970e-01  -5.010000000000000e-02
  5.082407790120642e-01   1.376862175797748e-01  -5.010000000000000e-02
  5.083374883402865e-01   1.376980421164389e-01  -5.010000000000001e-02
  5.084338851756213e-01   1.377096174186292e-01  -5.010000000000000e-02
  5.085299848317849e-01   1.377207528814004e-01  -5.010000000000000e-02
  5.086257491345584e-01   1.377317204052419e-01  -5.010000000000000e-02
  5.087212055403958e-01   1.377422204381277e-01  -5.010000000000001e-02
  5.088163187685443e-01   1.377525075033271e-01  -5.010000000000000e-02
  5.089110982660777e-01   1.377624410474606e-01  -5.010000000000001e-02
  5.090055347001903e-01   1.377720419645306e-01  -5.010000000000001e-02
  5.090996133592532e-01   1.377814010443409e-01  -5.010000000000000e-02
  5.091933469853645e-01   1.377903203375636e-01  -5.010000000000000e-02
  5.092867009710417e-01   1.377991031234998e-01  -5.010000000000000e-02
  5.093797063480747e-01   1.378073482224060e-01  -5.010000000000000e-02
  5.094723206042002e-01   1.378154600974728e-01  -5.010000000000000e-02
  5.095645658644141e-01   1.378231240362461e-01  -5.009999999999999e-02
  5.096564166024989e-01   1.378305694155284e-01  -5.010000000000000e-02
  5.097478801495825e-01   1.378376465348236e-01  -5.010000000000000e-02
  5.098389442596235e-01   1.378444326398809e-01  -5.010000000000000e-02
  5.099296044420945e-01   1.378509281590082e-01  -5.010000000000000e-02
  5.100198595012140e-01   1.378570652774135e-01  -5.010000000000001e-02
  5.101096961957908e-01   1.378629750318292e-01  -5.010000000000000e-02
  5.101991208982041e-01   1.378684715681222e-01  -5.010000000000000e-02
  5.102881144379847e-01   1.378737961903701e-01  -5.010000000000000e-02
  5.103766881938350e-01   1.378786645689212e-01  -5.010000000000000e-02
  5.104648196690939e-01   1.378834059168141e-01  -5.010000000000000e-02
  5.105525228493422e-01   1.378876597257112e-01  -5.010000000000000e-02
  5.106397741792988e-01   1.378918198723745e-01  -5.010000000000000e-02
  5.107265881430584e-01   1.378954738948275e-01  -5.010000000000000e-02
  5.108129420598878e-01   1.378990554630306e-01  -5.009999999999999e-02
  5.108988493322746e-01   1.379021213866095e-01  -5.010000000000000e-02
  5.109842895541229e-01   1.379051227647581e-01  -5.010000000000000e-02
  5.110692732488739e-01   1.379076264959590e-01  -5.010000000000000e-02
  5.111537838003312e-01   1.379100613385755e-01  -5.010000000000000e-02
  5.112378286275527e-01   1.379120134523064e-01  -5.010000000000000e-02
  5.113213949954023e-01   1.379138759511799e-01  -5.010000000000000e-02
  5.114044863914441e-01   1.379153030165401e-01  -5.010000000000000e-02
  5.114870943812538e-01   1.379166076038143e-01  -5.010000000000000e-02
  5.115692190731355e-01   1.379175314507687e-01  -5.010000000000000e-02
  5.116508555999508e-01   1.379182829520800e-01  -5.009999999999999e-02
  5.117320015009079e-01   1.379187226919237e-01  -5.010000000000000e-02
  5.118126543085688e-01   1.379189218918507e-01  -5.010000000000000e-02
  5.118928104781728e-01   1.379189010058590e-01  -5.009999999999999e-02
  5.119724680729141e-01   1.379185584023721e-01  -5.009999999999999e-02
  5.120516247695439e-01   1.379181038798375e-01  -5.010000000000000e-02
  5.121302765622101e-01   1.379172302212187e-01  -5.010000000000000e-02
  5.122084251854181e-01   1.379163621517711e-01  -5.010000000000000e-02
  5.122860615096595e-01   1.379149713525404e-01  -5.010000000000000e-02
  5.123631918306135e-01   1.379135821335398e-01  -5.010000000000001e-02
  5.124398068416296e-01   1.379118208724831e-01  -5.010000000000000e-02
  5.125159105225878e-01   1.379099263192744e-01  -5.010000000000000e-02
  5.125914985145362e-01   1.379078178413692e-01  -5.010000000000000e-02
  5.126665676162909e-01   1.379054162808032e-01  -5.010000000000000e-02
  5.127411242248262e-01   1.379029874392940e-01  -5.010000000000000e-02
  5.128151522363016e-01   1.379000991788930e-01  -5.010000000000000e-02
  5.128886680020638e-01   1.378972309041566e-01  -5.010000000000000e-02
  5.129616555875207e-01   1.378940216793181e-01  -5.009999999999999e-02
  5.130341234757490e-01   1.378906823352821e-01  -5.010000000000000e-02
  5.131060707119592e-01   1.378872237807286e-01  -5.010000000000000e-02
  5.131774855970597e-01   1.378834168267490e-01  -5.010000000000000e-02
  5.132483865825636e-01   1.378796372675082e-01  -5.010000000000000e-02
  5.133187505890842e-01   1.378754817922248e-01  -5.010000000000000e-02
  5.133885951052661e-01   1.378712587645347e-01  -5.010000000000000e-02
  5.134579167774744e-01   1.378669264083158e-01  -5.010000000000000e-02
  5.135267020774614e-01   1.378622717932912e-01  -5.010000000000000e-02
  5.135949740702629e-01   1.378576519131203e-01  -5.010000000000000e-02
  5.136627081115129e-01   1.378527173820727e-01  -5.010000000000000e-02
  5.137299195339414e-01   1.378476782393847e-01  -5.010000000000000e-02
  5.137966158528479e-01   1.378426378721503e-01  -5.010000000000000e-02
  5.138627663494761e-01   1.378371989977955e-01  -5.010000000000000e-02
  5.139284062254493e-01   1.378318021065207e-01  -5.009999999999999e-02
  5.139935198205925e-01   1.378262573207146e-01  -5.009999999999999e-02
  5.140580996563378e-01   1.378204691432790e-01  -5.010000000000000e-02
  5.141221713564554e-01   1.378147265091486e-01  -5.010000000000000e-02
  5.141857079797854e-01   1.378087312608174e-01  -5.010000000000000e-02
  5.142487235985891e-01   1.378026242399744e-01  -5.010000000000000e-02
  5.143112342056152e-01   1.377965661612430e-01  -5.010000000000000e-02
  5.143732029048148e-01   1.377901795691109e-01  -5.010000000000000e-02
  5.144346617804820e-01   1.377837721765808e-01  -5.010000000000001e-02
  5.144956193780522e-01   1.377774170447778e-01  -5.010000000000000e-02
  5.145560317049559e-01   1.377706948756247e-01  -5.009999999999999e-02
  5.146159436150556e-01   1.377640090488694e-01  -5.009999999999999e-02
  5.146753585403163e-01   1.377573785936052e-01  -5.010000000000000e-02
  5.147342284193777e-01   1.377503741512582e-01  -5.009999999999999e-02
  5.147926046338640e-01   1.377434284459956e-01  -5.009999999999999e-02
  5.148504887123772e-01   1.377365412959417e-01  -5.010000000000000e-02
  5.149078328356268e-01   1.377293098086577e-01  -5.010000000000000e-02
  5.149646866652142e-01   1.377221253012518e-01  -5.010000000000000e-02
  5.150210536931273e-01   1.377150023100228e-01  -5.010000000000000e-02
  5.150768914243225e-01   1.377076005002342e-01  -5.010000000000000e-02
  5.151322381385388e-01   1.377002003389864e-01  -5.010000000000000e-02
  5.151871038411480e-01   1.376928644916460e-01  -5.010000000000000e-02
  5.152414562008967e-01   1.376853437766206e-01  -5.010000000000000e-02
  5.152953119120993e-01   1.376777455101677e-01  -5.010000000000000e-02
  5.153486928268929e-01   1.376702142306611e-01  -5.010000000000000e-02
  5.154015833271178e-01   1.376626279378329e-01  -5.010000000000000e-02
  5.154539666143509e-01   1.376548561907611e-01  -5.010000000000000e-02
  5.155058817003317e-01   1.376471539074801e-01  -5.010000000000000e-02
  5.155573306978986e-01   1.376395207745228e-01  -5.010000000000000e-02
  5.156082649965511e-01   1.376316226327408e-01  -5.009999999999999e-02
  5.156587329466671e-01   1.376237627768170e-01  -5.010000000000000e-02
  5.157087418666904e-01   1.376159744100340e-01  -5.010000000000000e-02
  5.157582729344402e-01   1.376081249408434e-01  -5.010000000000000e-02
  5.158073154499180e-01   1.376001325408100e-01  -5.010000000000000e-02
  5.158559062905535e-01   1.375922137496849e-01  -5.010000000000001e-02
  5.159040477975789e-01   1.375843681859203e-01  -5.010000000000000e-02
  5.159517015865974e-01   1.375763508362445e-01  -5.010000000000000e-02
  5.159988959673520e-01   1.375683168457355e-01  -5.010000000000000e-02
  5.160456487269151e-01   1.375603580332542e-01  -5.010000000000000e-02
  5.160919623123759e-01   1.375524739822278e-01  -5.010000000000000e-02
  5.161377867129966e-01   1.375443623728875e-01  -5.010000000000000e-02
  5.161831740441977e-01   1.375363082162420e-01  -5.010000000000000e-02
  5.162281302112505e-01   1.375283305713344e-01  -5.010000000000000e-02
  5.162726574598637e-01   1.375204273852062e-01  -5.010000000000000e-02
  5.163167035928369e-01   1.375122957532973e-01  -5.010000000000001e-02
  5.163603267610624e-01   1.375042422075541e-01  -5.010000000000000e-02
  5.164035295556032e-01   1.374962662696243e-01  -5.009999999999999e-02
  5.164463145850661e-01   1.374883674579167e-01  -5.010000000000000e-02
  5.164886343606653e-01   1.374802789979941e-01  -5.010000000000001e-02
  5.165305371908371e-01   1.374722430648226e-01  -5.010000000000000e-02
  5.165720307107558e-01   1.374642856273000e-01  -5.009999999999999e-02
  5.166131175865950e-01   1.374564061741195e-01  -5.010000000000000e-02
  5.166537664331189e-01   1.374484297456508e-01  -5.010000000000000e-02
  5.166939950787834e-01   1.374404333435034e-01  -5.009999999999999e-02
  5.167338256780176e-01   1.374325160625712e-01  -5.010000000000000e-02
  5.167732609404938e-01   1.374246773642422e-01  -5.009999999999999e-02
  5.168122945513504e-01   1.374168720485769e-01  -5.010000000000000e-02
  5.168508944555366e-01   1.374089276269764e-01  -5.010000000000000e-02
  5.168891077363708e-01   1.374010627780840e-01  -5.010000000000000e-02
  5.169269371338580e-01   1.373932769379669e-01  -5.010000000000000e-02
  5.169643853946077e-01   1.373855695413328e-01  -5.010000000000001e-02
  5.170014303953157e-01   1.373778211550114e-01  -5.010000000000000e-02
  5.170380737327914e-01   1.373700256645404e-01  -5.010000000000000e-02
  5.170743447230726e-01   1.373623093870780e-01  -5.010000000000000e-02
  5.171102461281698e-01   1.373546717350350e-01  -5.010000000000000e-02
  5.171457807131777e-01   1.373471121201663e-01  -5.010000000000000e-02
  5.171809234877188e-01   1.373395015497091e-01  -5.010000000000000e-02
  5.172156833253510e-01   1.373318676719335e-01  -5.010000000000000e-02
  5.172500851590702e-01   1.373243124181762e-01  -5.010000000000000e-02
  5.172841317559276e-01   1.373168351807439e-01  -5.010000000000000e-02
  5.173178258829063e-01   1.373094353519577e-01  -5.010000000000000e-02
  5.173511531800858e-01   1.373020355292300e-01  -5.010000000000000e-02
  5.173841030710866e-01   1.372945752813602e-01  -5.010000000000000e-02
  5.174167092833673e-01   1.372871928464471e-01  -5.010000000000000e-02
  5.174489745739205e-01   1.372798876002747e-01  -5.010000000000000e-02
  5.174809016968754e-01   1.372726589192752e-01  -5.010000000000000e-02
  5.175124934029786e-01   1.372655061806469e-01  -5.010000000000000e-02
  5.175437136860152e-01   1.372582600959832e-01  -5.010000000000000e-02
  5.175745975746818e-01   1.372510605649079e-01  -5.010000000000000e-02
  5.176051547518150e-01   1.372439371955447e-01  -5.010000000000000e-02
  5.176353879457076e-01   1.372368893518847e-01  -5.010000000000000e-02
  5.176652998788786e-01   1.372299163992650e-01  -5.010000000000000e-02
  5.176948932676309e-01   1.372230177044716e-01  -5.010000000000000e-02
  5.177241278696929e-01   1.372160109669514e-01  -5.010000000000000e-02
  5.177530493098094e-01   1.372090770996097e-01  -5.010000000000000e-02
  5.177816607735639e-01   1.372022175485871e-01  -5.010000000000000e-02
  5.178099649442379e-01   1.371954316705714e-01  -5.010000000000001e-02
  5.178379644968835e-01   1.371887188242231e-01  -5.010000000000000e-02
  5.178656620979529e-01   1.371820783702649e-01  -5.010000000000000e-02
  5.178930309254061e-01   1.371753883519018e-01  -5.010000000000000e-02
  5.179200922641583e-01   1.371687248315499e-01  -5.010000000000000e-02
  5.179468600329990e-01   1.371621335991618e-01  -5.010000000000000e-02
  5.179733368566011e-01   1.371556140084444e-01  -5.010000000000000e-02
  5.179995253493716e-01   1.371491654156323e-01  -5.010000000000000e-02
  5.180254281151483e-01   1.371427871795624e-01  -5.010000000000001e-02
  5.180510477469067e-01   1.371364786617468e-01  -5.010000000000000e-02
  5.180763489366551e-01   1.371300873370709e-01  -5.010000000000000e-02
  5.181013721435055e-01   1.371237644574867e-01  -5.010000000000000e-02
  5.181261203437285e-01   1.371175110667494e-01  -5.010000000000000e-02
  5.181505960802648e-01   1.371113265223072e-01  -5.010000000000000e-02
  5.181748018838928e-01   1.371052101846813e-01  -5.010000000000001e-02
  5.181987402729933e-01   1.370991614175258e-01  -5.010000000000000e-02
  5.182224137533255e-01   1.370931795876838e-01  -5.010000000000000e-02
  5.182458000836493e-01   1.370871673821978e-01  -5.010000000000000e-02
  5.182689162285604e-01   1.370811807936027e-01  -5.010000000000000e-02
  5.182917752931836e-01   1.370752607833201e-01  -5.009999999999999e-02
  5.183143797270026e-01   1.370694067169860e-01  -5.010000000000000e-02
  5.183367319659025e-01   1.370636179637580e-01  -5.010000000000000e-02
  5.183588344319966e-01   1.370578938963604e-01  -5.010000000000000e-02
  5.183806895334605e-01   1.370522338911272e-01  -5.010000000000000e-02
  5.184022996643735e-01   1.370466373280428e-01  -5.010000000000000e-02
  5.184236429552567e-01   1.370410110597435e-01  -5.010000000000000e-02
  5.184447382714701e-01   1.370354174343584e-01  -5.010000000000000e-02
  5.184655960736053e-01   1.370298867881087e-01  -5.010000000000000e-02
  5.184862186943903e-01   1.370244185024493e-01  -5.010000000000000e-02
  5.185066084518010e-01   1.370190119627466e-01  -5.010000000000000e-02
  5.185267676489476e-01   1.370136665583088e-01  -5.010000000000000e-02
  5.185466985739667e-01   1.370083816824146e-01  -5.010000000000000e-02
  5.185664034999207e-01   1.370031567323398e-01  -5.010000000000000e-02
  5.185858846847034e-01   1.369979911093820e-01  -5.010000000000000e-02
  5.186051148403214e-01   1.369927741244691e-01  -5.010000000000000e-02
  5.186241259974334e-01   1.369876162982039e-01  -5.010000000000000e-02
  5.186429204287308e-01   1.369825172707848e-01  -5.010000000000000e-02
  5.186615003272375e-01   1.369774764472327e-01  -5.010000000000000e-02
  5.186798678704522e-01   1.369724932367811e-01  -5.010000000000000e-02
  5.186980252202899e-01   1.369675670528909e-01  -5.010000000000001e-02
  5.187159745230288e-01   1.369626973132658e-01  -5.010000000000001e-02
  5.187337179092618e-01   1.369578834398648e-01  -5.010000000000000e-02
  5.187512574938548e-01   1.369531248589136e-01  -5.010000000000000e-02
  5.187685888793761e-01   1.369483973134769e-01  -5.010000000000000e-02
  5.187857013028611e-01   1.369436533987120e-01  -5.009999999999999e-02
  5.188026164724342e-01   1.369389641667771e-01  -5.009999999999999e-02
  5.188193364366300e-01   1.369343290497764e-01  -5.010000000000000e-02
  5.188358632281391e-01   1.369297474842065e-01  -5.010000000000000e-02
  5.188521988637943e-01   1.369252189109599e-01  -5.010000000000000e-02
  5.188683453445601e-01   1.369207427753282e-01  -5.010000000000000e-02
  5.188843046555274e-01   1.369163185270034e-01  -5.010000000000001e-02
  5.189000787659117e-01   1.369119456200787e-01  -5.010000000000000e-02
  5.189156696290557e-01   1.369076235130474e-01  -5.010000000000000e-02
  5.189310791824346e-01   1.369033516688017e-01  -5.010000000000000e-02
  5.189463038591612e-01   1.368991099652143e-01  -5.010000000000000e-02
  5.189613334187240e-01   1.368948545217944e-01  -5.010000000000000e-02
  5.189761876556006e-01   1.368906487189357e-01  -5.010000000000000e-02
  5.189908684410541e-01   1.368864920268120e-01  -5.010000000000000e-02
  5.190053776305892e-01   1.368823839200589e-01  -5.010000000000000e-02
  5.190197170639794e-01   1.368783238777662e-01  -5.010000000000000e-02
  5.190338885652972e-01   1.368743113834692e-01  -5.010000000000000e-02
  5.190478939429463e-01   1.368703459251394e-01  -5.010000000000000e-02
  5.190617349896987e-01   1.368664269951747e-01  -5.010000000000000e-02
  5.190754134827327e-01   1.368625540903878e-01  -5.010000000000000e-02
  5.190889311836746e-01   1.368587267119949e-01  -5.010000000000000e-02
  5.191022898386429e-01   1.368549443656030e-01  -5.009999999999999e-02
  5.191154911782954e-01   1.368512065611967e-01  -5.010000000000000e-02
  5.191285261199324e-01   1.368474750531837e-01  -5.010000000000000e-02
  5.191413987066692e-01   1.368437575544344e-01  -5.010000000000000e-02
  5.191541193051177e-01   1.368400839486713e-01  -5.010000000000000e-02
  5.191666895821130e-01   1.368364537545259e-01  -5.010000000000000e-02
  5.191791111893205e-01   1.368328664950106e-01  -5.010000000000001e-02
  5.191913857632962e-01   1.368293216975013e-01  -5.010000000000000e-02
  5.192035149255490e-01   1.368258188937194e-01  -5.010000000000000e-02
  5.192155002826042e-01   1.368223576197133e-01  -5.010000000000000e-02
  5.192273434260704e-01   1.368189374158395e-01  -5.010000000000000e-02
  5.192390459327057e-01   1.368155578267429e-01  -5.009999999999999e-02
  5.192506093644882e-01   1.368122184013370e-01  -5.010000000000000e-02
  5.192620352686865e-01   1.368089186927830e-01  -5.010000000000000e-02
  5.192733251779326e-01   1.368056582584694e-01  -5.010000000000000e-02
  5.192844806102949e-01   1.368024366599902e-01  -5.010000000000000e-02
  5.192955030693546e-01   1.367992534631233e-01  -5.010000000000000e-02
  5.193063825469971e-01   1.367960688825037e-01  -5.010000000000000e-02
  5.193171241131116e-01   1.367928947981023e-01  -5.010000000000000e-02
  5.193277373622596e-01   1.367897586307865e-01  -5.010000000000000e-02
  5.193382237382448e-01   1.367866599539188e-01  -5.010000000000000e-02
  5.193485846708051e-01   1.367835983450181e-01  -5.010000000000000e-02
  5.193588215756955e-01   1.367805733857352e-01  -5.009999999999999e-02
  5.193689358547703e-01   1.367775846618284e-01  -5.010000000000000e-02
  5.193789288960693e-01   1.367746317631382e-01  -5.010000000000000e-02
  5.193888020739021e-01   1.367717142835624e-01  -5.010000000000000e-02
  5.193985567489344e-01   1.367688318210303e-01  -5.010000000000000e-02
  5.194081942682760e-01   1.367659839774771e-01  -5.010000000000000e-02
  5.194177159655672e-01   1.367631703588181e-01  -5.010000000000001e-02
  5.194271231610685e-01   1.367603905749222e-01  -5.010000000000000e-02
  5.194364171617497e-01   1.367576442395858e-01  -5.010000000000000e-02
  5.194455992613788e-01   1.367549309705062e-01  -5.010000000000000e-02
  5.194546707406138e-01   1.367522503892548e-01  -5.010000000000000e-02
  5.194636328670925e-01   1.367496021212503e-01  -5.010000000000000e-02
  5.194724868955245e-01   1.367469857957316e-01  -5.010000000000000e-02
  5.194812182107358e-01   1.367443487785541e-01  -5.010000000000000e-02
  5.194898218774013e-01   1.367416703875616e-01  -5.009999999999999e-02
  5.194983215911644e-01   1.367390243579480e-01  -5.010000000000000e-02
  5.195067185506670e-01   1.367364103165664e-01  -5.010000000000000e-02
  5.195150123209947e-01   1.367338229465622e-01  -5.010000000000000e-02
  5.195231279904307e-01   1.367310296770981e-01  -5.010000000000000e-02
  5.195311453880194e-01   1.367282702310607e-01  -5.010000000000000e-02
  5.195390656521949e-01   1.367255442166211e-01  -5.009999999999999e-02
  5.195468899094717e-01   1.367228512460531e-01  -5.010000000000000e-02
  5.195545875056470e-01   1.367201030074603e-01  -5.010000000000000e-02
  5.195621395161707e-01   1.367172436901664e-01  -5.010000000000000e-02
  5.195695998432585e-01   1.367144190857523e-01  -5.010000000000000e-02
  5.195769695548613e-01   1.367116287898740e-01  -5.010000000000000e-02
  5.195842497076025e-01   1.367088724024763e-01  -5.009999999999999e-02
  5.195913983273067e-01   1.367060411335107e-01  -5.010000000000001e-02
  5.195984135124598e-01   1.367031271943102e-01  -5.010000000000000e-02
  5.196053433243822e-01   1.367002487170966e-01  -5.010000000000000e-02
  5.196121887626318e-01   1.366974052866775e-01  -5.010000000000000e-02
  5.196189508160360e-01   1.366945964923179e-01  -5.010000000000000e-02
  5.196255999654211e-01   1.366917518337968e-01  -5.010000000000000e-02
  5.196321029846346e-01   1.366887923195487e-01  -5.009999999999999e-02
  5.196385266830761e-01   1.366858689040645e-01  -5.010000000000000e-02
  5.196448719939000e-01   1.366829811626669e-01  -5.010000000000000e-02
  5.196511398401320e-01   1.366801286752885e-01  -5.010000000000000e-02
  5.196573311347568e-01   1.366773110264311e-01  -5.009999999999999e-02
  5.196633537997325e-01   1.366743329603519e-01  -5.009999999999999e-02
  5.196692908722386e-01   1.366713662059333e-01  -5.009999999999999e-02
  5.196751553422909e-01   1.366684357309522e-01  -5.010000000000000e-02
  5.196809480685802e-01   1.366655411063208e-01  -5.009999999999999e-02
  5.196866699003617e-01   1.366626819076665e-01  -5.010000000000000e-02
  5.196923021680376e-01   1.366598205029582e-01  -5.010000000000000e-02
  5.196977718825915e-01   1.366568156738723e-01  -5.010000000000000e-02
  5.197031745772476e-01   1.366538476626746e-01  -5.010000000000000e-02
  5.197085110479529e-01   1.366509160321053e-01  -5.010000000000000e-02
  5.197137820818263e-01   1.366480203497549e-01  -5.010000000000000e-02
  5.197189884572411e-01   1.366451601880181e-01  -5.010000000000000e-02
  5.197241097504149e-01   1.366422984354446e-01  -5.010000000000000e-02
  5.197290645837444e-01   1.366392924814070e-01  -5.010000000000000e-02
  5.197339585712637e-01   1.366363234407620e-01  -5.009999999999999e-02
  5.197387924389336e-01   1.366333908730904e-01  -5.010000000000000e-02
  5.197435669045787e-01   1.366304943429088e-01  -5.010000000000001e-02
  5.197482826779664e-01   1.366276334196217e-01  -5.010000000000001e-02
  5.197529404608842e-01   1.366248076774751e-01  -5.010000000000000e-02
  5.197574208472447e-01   1.366218289766613e-01  -5.010000000000000e-02
  5.197618281046167e-01   1.366188588011028e-01  -5.010000000000000e-02
  5.197661811114575e-01   1.366159251865137e-01  -5.010000000000000e-02
  5.197704805182392e-01   1.366130276945224e-01  -5.010000000000000e-02
  5.197747269680639e-01   1.366101658917241e-01  -5.010000000000000e-02
  5.197789210967370e-01   1.366073393496317e-01  -5.010000000000000e-02
  5.197830237791216e-01   1.366044919434107e-01  -5.010000000000000e-02
  5.197869612773373e-01   1.366015190651668e-01  -5.010000000000000e-02
  5.197908502163191e-01   1.365985828499719e-01  -5.010000000000001e-02
  5.197946911805627e-01   1.365956828565219e-01  -5.010000000000000e-02
  5.197984847478842e-01   1.365928186485555e-01  -5.009999999999999e-02
  5.198022314894889e-01   1.365899897948032e-01  -5.010000000000000e-02
  5.198059319700373e-01   1.365871958689366e-01  -5.010000000000000e-02
  5.198095311278238e-01   1.365843672433228e-01  -5.010000000000000e-02
  5.198129691995098e-01   1.365814284530441e-01  -5.009999999999999e-02
  5.198163647854925e-01   1.365785259786378e-01  -5.010000000000001e-02
  5.198197183992903e-01   1.365756593811590e-01  -5.010000000000000e-02
  5.198230305485008e-01   1.365728282267242e-01  -5.010000000000000e-02
  5.198263017348614e-01   1.365700320864589e-01  -5.010000000000000e-02
  5.198295324543103e-01   1.365672705364459e-01  -5.010000000000000e-02
  5.198327147455963e-01   1.365645339394924e-01  -5.010000000000000e-02
  5.198356712106427e-01   1.365616278609991e-01  -5.010000000000000e-02
  5.198385910738896e-01   1.365587577605068e-01  -5.009999999999999e-02
  5.198414747794171e-01   1.365559232015037e-01  -5.010000000000000e-02
  5.198443227661429e-01   1.365531237525526e-01  -5.010000000000000e-02
  5.198471354678762e-01   1.365503589872376e-01  -5.010000000000000e-02
  5.198499133133719e-01   1.365476284841109e-01  -5.010000000000001e-02
  5.198526567263845e-01   1.365449318266402e-01  -5.010000000000000e-02
  5.198552782216781e-01   1.365421860874958e-01  -5.010000000000000e-02
  5.198577341249036e-01   1.365393494741014e-01  -5.010000000000000e-02
  5.198601595650334e-01   1.365365480461427e-01  -5.010000000000000e-02
  5.198625549131222e-01   1.365337813750451e-01  -5.010000000000000e-02
  5.198649205358737e-01   1.365310490372583e-01  -5.010000000000000e-02
  5.198672567956895e-01   1.365283506142027e-01  -5.010000000000001e-02
  5.198695640507131e-01   1.365256856922154e-01  -5.010000000000000e-02
  5.198718426548776e-01   1.365230538624972e-01  -5.010000000000000e-02
  5.198740079852393e-01   1.365203877627796e-01  -5.010000000000000e-02
  5.198759839641385e-01   1.365176267724614e-01  -5.010000000000000e-02
  5.198779353904299e-01   1.365149000889428e-01  -5.010000000000000e-02
  5.198798625642348e-01   1.365122072928713e-01  -5.010000000000000e-02
  5.198817657821292e-01   1.365095479698482e-01  -5.010000000000000e-02
  5.198836453371828e-01   1.365069217103735e-01  -5.010000000000000e-02
  5.198855015189976e-01   1.365043281097933e-01  -5.010000000000000e-02
  5.198873346137456e-01   1.365017667682455e-01  -5.010000000000000e-02
  5.198891449042074e-01   1.364992372906079e-01  -5.010000000000000e-02
  5.198907089526256e-01   1.364965965986736e-01  -5.010000000000000e-02
  5.198922013563213e-01   1.364939554894551e-01  -5.010000000000000e-02
  5.198936751836143e-01   1.364913472549267e-01  -5.009999999999999e-02
  5.198951306623847e-01   1.364887714918082e-01  -5.010000000000000e-02
  5.198965680178008e-01   1.364862278016188e-01  -5.010000000000000e-02
  5.198979874723491e-01   1.364837157906242e-01  -5.010000000000000e-02
  5.198993892458638e-01   1.364812350697828e-01  -5.010000000000000e-02
  5.199007735555573e-01   1.364787852546940e-01  -5.010000000000000e-02
  5.199021406160486e-01   1.364763659655459e-01  -5.010000000000000e-02
  5.199032814830701e-01   1.364738750061010e-01  -5.010000000000000e-02
  5.199043161825786e-01   1.364713703343122e-01  -5.010000000000000e-02
  5.199053379827504e-01   1.364688968876323e-01  -5.010000000000001e-02
  5.199063470423262e-01   1.364664542818014e-01  -5.010000000000000e-02
  5.199073435181448e-01   1.364640421371637e-01  -5.010000000000000e-02
  5.199083275651648e-01   1.364616600786148e-01  -5.010000000000000e-02
  5.199092993364858e-01   1.364593077355503e-01  -5.010000000000001e-02
  5.199102589833693e-01   1.364569847418149e-01  -5.010000000000000e-02
  5.199112066552599e-01   1.364546907356520e-01  -5.010000000000000e-02
  5.199121424998057e-01   1.364524253596533e-01  -5.010000000000000e-02
  5.199128142089463e-01   1.364501037480591e-01  -5.010000000000000e-02
  5.199134155703243e-01   1.364477903770162e-01  -5.010000000000000e-02
  5.199140094231497e-01   1.364455058905491e-01  -5.010000000000000e-02
  5.199145958601116e-01   1.364432499320930e-01  -5.010000000000000e-02
  5.199151749727812e-01   1.364410221493830e-01  -5.010000000000000e-02
  5.199157468516251e-01   1.364388221944043e-01  -5.010000000000000e-02
  5.199163115860177e-01   1.364366497233437e-01  -5.010000000000000e-02
  5.199168692642537e-01   1.364345043965411e-01  -5.010000000000000e-02
  5.199174199735606e-01   1.364323858784420e-01  -5.010000000000000e-02
  5.199179638001109e-01   1.364302938375500e-01  -5.010000000000001e-02
  5.199185008290345e-01   1.364282279463797e-01  -5.010000000000000e-02
  5.199187749665915e-01   1.364261415532780e-01  -5.010000000000000e-02
  5.199189900155415e-01   1.364240711800522e-01  -5.010000000000000e-02
  5.199192023754305e-01   1.364220266956314e-01  -5.010000000000000e-02
  5.199194120795526e-01   1.364200077794756e-01  -5.010000000000000e-02
  5.199196191607983e-01   1.364180141149339e-01  -5.010000000000000e-02
  5.199198236516587e-01   1.364160453891994e-01  -5.010000000000000e-02
  5.199200255842303e-01   1.364141012932644e-01  -5.010000000000000e-02
  5.199202249902197e-01   1.364121815218765e-01  -5.010000000000000e-02
  5.199204219009479e-01   1.364102857734942e-01  -5.010000000000000e-02
  5.199206163473547e-01   1.364084137502442e-01  -5.010000000000000e-02
  5.199208083600037e-01   1.364065651578780e-01  -5.010000000000000e-02
  5.199209979690863e-01   1.364047397057301e-01  -5.010000000000000e-02
  5.199211257630869e-01   1.364029356725477e-01  -5.010000000000000e-02
  5.199210269299242e-01   1.364011487976108e-01  -5.010000000000000e-02
  5.199209293343373e-01   1.363993842976904e-01  -5.010000000000000e-02
  5.199208329609606e-01   1.363976418949721e-01  -5.010000000000000e-02
  5.199207377946151e-01   1.363959213150319e-01  -5.010000000000000e-02
  5.199206438203079e-01   1.363942222867963e-01  -5.009999999999999e-02
  5.199205510232288e-01   1.363925445425028e-01  -5.010000000000000e-02
  5.199204593887485e-01   1.363908878176609e-01  -5.010000000000000e-02
  5.199203689024169e-01   1.363892518510133e-01  -5.010000000000000e-02
  5.199202795499603e-01   1.363876363844980e-01  -5.010000000000000e-02
  5.199201913172800e-01   1.363860411632103e-01  -5.010000000000000e-02
  5.199201041904492e-01   1.363844659353657e-01  -5.010000000000000e-02
  5.199200181557124e-01   1.363829104522626e-01  -5.010000000000000e-02
  5.199199331994823e-01   1.363813744682461e-01  -5.010000000000000e-02
  5.199198493083379e-01   1.363798577406715e-01  -5.010000000000000e-02
  5.199197664690229e-01   1.363783600298690e-01  -5.010000000000000e-02
