468
  4.940107347700000e-01   1.261528904560000e-01  -5.010000000000000e-02
  4.940121461186442e-01   1.261523824254846e-01  -5.010000000000000e-02
  4.940135956105498e-01   1.261518606648815e-01  -5.010000000000000e-02
  4.940150842723150e-01   1.261513248046552e-01  -5.010000000000000e-02
  4.940166131579342e-01   1.261507744654090e-01  -5.010000000000000e-02
  4.940181833495160e-01   1.261502092576257e-01  -5.010000000000000e-02
  4.940197959580196e-01   1.261496287814036e-01  -5.009999999999999e-02
  4.940214521240098e-01   1.261490326261835e-01  -5.010000000000000e-02
  4.940231530184308e-01   1.261484203704713e-01  -5.010000000000000e-02
  4.940248998433995e-01   1.261477915815518e-01  -5.010000000000000e-02
  4.940266938330182e-01   1.261471458151961e-01  -5.010000000000000e-02
  4.940285362542088e-01   1.261464826153617e-01  -5.009999999999999e-02
  4.940304284075662e-01   1.261458015138853e-01  -5.010000000000000e-02
  4.940324327604443e-01   1.261453601826378e-01  -5.010000000000000e-02
  4.940345386400095e-01   1.261451072706312e-01  -5.010000000000000e-02
  4.940367013382996e-01   1.261448475348072e-01  -5.009999999999999e-02
  4.940389223793419e-01   1.261445807921330e-01  -5.010000000000001e-02
  4.940412033275482e-01   1.261443068547258e-01  -5.010000000000000e-02
  4.940435457887589e-01   1.261440255297275e-01  -5.010000000000000e-02
  4.940459514113104e-01   1.261437366191760e-01  -5.010000000000000e-02
  4.940484218871307e-01   1.261434399198740e-01  -5.010000000000000e-02
  4.940509589528596e-01   1.261431352232546e-01  -5.009999999999999e-02
  4.940535643909971e-01   1.261428223152430e-01  -5.010000000000000e-02
  4.940562430515091e-01   1.261425836277706e-01  -5.010000000000000e-02
  4.940590075287256e-01   1.261427121852840e-01  -5.010000000000000e-02
  4.940618464642542e-01   1.261428442053601e-01  -5.010000000000000e-02
  4.940647618481409e-01   1.261429797805426e-01  -5.010000000000000e-02
  4.940677557227752e-01   1.261431190058096e-01  -5.010000000000000e-02
  4.940708301842209e-01   1.261432619786351e-01  -5.010000000000000e-02
  4.940739873835777e-01   1.261434087990524e-01  -5.010000000000001e-02
  4.940772295283749e-01   1.261435595697192e-01  -5.009999999999999e-02
  4.940805588839968e-01   1.261437143959835e-01  -5.010000000000000e-02
  4.940839769684888e-01   1.261438809240785e-01  -5.010000000000000e-02
  4.940874428317667e-01   1.261444642329250e-01  -5.010000000000000e-02
  4.940910018557119e-01   1.261450632208209e-01  -5.010000000000000e-02
  4.940946565199028e-01   1.261456783050820e-01  -5.010000000000000e-02
  4.940984093685725e-01   1.261463099139059e-01  -5.010000000000000e-02
  4.941022630122209e-01   1.261469584866427e-01  -5.010000000000000e-02
  4.941062201292628e-01   1.261476244740727e-01  -5.010000000000000e-02
  4.941102834677128e-01   1.261483083386900e-01  -5.010000000000000e-02
  4.941144558469087e-01   1.261490105549925e-01  -5.010000000000000e-02
  4.941186788555321e-01   1.261500170877375e-01  -5.010000000000000e-02
  4.941229941941642e-01   1.261511480640016e-01  -5.009999999999999e-02
  4.941274252285865e-01   1.261523093621485e-01  -5.010000000000000e-02
  4.941319750218802e-01   1.261535017849594e-01  -5.010000000000000e-02
  4.941366467161045e-01   1.261547261559140e-01  -5.010000000000000e-02
  4.941414435342167e-01   1.261559833196943e-01  -5.010000000000000e-02
  4.941463687820333e-01   1.261572741426981e-01  -5.010000000000000e-02
  4.941514027210928e-01   1.261586768665114e-01  -5.010000000000000e-02
  4.941564898405287e-01   1.261603896831457e-01  -5.010000000000000e-02
  4.941617130097737e-01   1.261621483073099e-01  -5.010000000000000e-02
  4.941670758123665e-01   1.261639539455700e-01  -5.010000000000000e-02
  4.941725819232364e-01   1.261658078352628e-01  -5.010000000000000e-02
  4.941782351108697e-01   1.261677112452254e-01  -5.010000000000000e-02
  4.941840392395179e-01   1.261696654765387e-01  -5.010000000000000e-02
  4.941899581515400e-01   1.261717812100286e-01  -5.009999999999999e-02
  4.941959566200694e-01   1.261741668968667e-01  -5.010000000000000e-02
  4.942021150325451e-01   1.261766161959695e-01  -5.010000000000001e-02
  4.942084375757929e-01   1.261791307725045e-01  -5.010000000000000e-02
  4.942149285419908e-01   1.261817123335395e-01  -5.010000000000001e-02
  4.942215923310872e-01   1.261843626290044e-01  -5.010000000000000e-02
  4.942284296655879e-01   1.261870924067984e-01  -5.010000000000000e-02
  4.942353252724199e-01   1.261901869417284e-01  -5.010000000000001e-02
  4.942424041848800e-01   1.261933637385511e-01  -5.010000000000001e-02
  4.942496711708975e-01   1.261966249369655e-01  -5.010000000000000e-02
  4.942571311167160e-01   1.261999727297666e-01  -5.009999999999999e-02
  4.942647890295171e-01   1.262034093640224e-01  -5.010000000000000e-02
  4.942726203016131e-01   1.262070003468527e-01  -5.010000000000000e-02
  4.942805544929047e-01   1.262109089203008e-01  -5.009999999999999e-02
  4.942886988447165e-01   1.262149210238755e-01  -5.010000000000000e-02
  4.942970587825977e-01   1.262190393303329e-01  -5.010000000000000e-02
  4.943056398645021e-01   1.262232665776546e-01  -5.009999999999999e-02
  4.943144477836006e-01   1.262276055704335e-01  -5.010000000000000e-02
  4.943233684517553e-01   1.262322936693141e-01  -5.010000000000000e-02
  4.943325063520374e-01   1.262371411900520e-01  -5.009999999999999e-02
  4.943418852812105e-01   1.262421165730462e-01  -5.010000000000000e-02
  4.943515114067617e-01   1.262472230900571e-01  -5.010000000000000e-02
  4.943613910436985e-01   1.262524640911028e-01  -5.010000000000000e-02
  4.943713978161526e-01   1.262580856931487e-01  -5.010000000000001e-02
  4.943816559547319e-01   1.262638765434541e-01  -5.010000000000000e-02
  4.943921835748149e-01   1.262698195195117e-01  -5.010000000000000e-02
  4.944029875127479e-01   1.262759184805265e-01  -5.010000000000000e-02
  4.944140263712096e-01   1.262822609021883e-01  -5.010000000000000e-02
  4.944252572677096e-01   1.262889371976602e-01  -5.010000000000000e-02
  4.944367821219462e-01   1.262957882386395e-01  -5.010000000000000e-02
  4.944486083330549e-01   1.263028184236008e-01  -5.010000000000000e-02
  4.944607315433746e-01   1.263100518633767e-01  -5.010000000000000e-02
  4.944730316035586e-01   1.263177034465946e-01  -5.010000000000000e-02
  4.944856522965976e-01   1.263255544881026e-01  -5.010000000000000e-02
  4.944986016226179e-01   1.263336099645945e-01  -5.010000000000001e-02
  4.945118687643995e-01   1.263419048966447e-01  -5.010000000000000e-02
  4.945253443596971e-01   1.263506299697664e-01  -5.009999999999999e-02
  4.945391696415729e-01   1.263595814552206e-01  -5.010000000000000e-02
  4.945533532497500e-01   1.263687649469879e-01  -5.010000000000000e-02
  4.945678335724056e-01   1.263782929962580e-01  -5.010000000000000e-02
  4.945825974767036e-01   1.263882050472201e-01  -5.010000000000000e-02
  4.945977425694129e-01   1.263983730168662e-01  -5.010000000000000e-02
  4.946132771865482e-01   1.264088045926576e-01  -5.010000000000000e-02
  4.946290458004700e-01   1.264197479378850e-01  -5.010000000000001e-02
  4.946452198541442e-01   1.264309726564280e-01  -5.010000000000000e-02
  4.946618091646852e-01   1.264424855613185e-01  -5.010000000000000e-02
  4.946786845581077e-01   1.264544911055778e-01  -5.010000000000000e-02
  4.946959570863112e-01   1.264668533387836e-01  -5.010000000000000e-02
  4.947136710262979e-01   1.264795314976801e-01  -5.010000000000000e-02
  4.947316883637297e-01   1.264927376735366e-01  -5.010000000000000e-02
  4.947501296315706e-01   1.265063284200279e-01  -5.010000000000000e-02
  4.947690363067581e-01   1.265202694513638e-01  -5.010000000000000e-02
  4.947882289902945e-01   1.265348237151031e-01  -5.010000000000000e-02
  4.948079079611666e-01   1.265497467419768e-01  -5.010000000000000e-02
  4.948280425595252e-01   1.265651022491062e-01  -5.010000000000000e-02
  4.948486240704610e-01   1.265809256636725e-01  -5.010000000000000e-02
  4.948697240755406e-01   1.265971477053277e-01  -5.010000000000000e-02
  4.948913545659848e-01   1.266137775931254e-01  -5.010000000000000e-02
  4.949135277537149e-01   1.266308247157981e-01  -5.010000000000000e-02
  4.949362560723350e-01   1.266482986325111e-01  -5.010000000000000e-02
  4.949595521779197e-01   1.266662090734693e-01  -5.010000000000001e-02
  4.949834289495987e-01   1.266845659403662e-01  -5.010000000000000e-02
  4.950078994899227e-01   1.267033793066645e-01  -5.010000000000000e-02
  4.950329771249951e-01   1.267226594176986e-01  -5.010000000000000e-02
  4.950593274202494e-01   1.267415350377840e-01  -5.010000000000000e-02
  4.950863972942146e-01   1.267607832529316e-01  -5.009999999999999e-02
  4.951141337322279e-01   1.267805054329090e-01  -5.010000000000000e-02
  4.951425513487467e-01   1.268007119694241e-01  -5.010000000000000e-02
  4.951716649845924e-01   1.268214134151422e-01  -5.010000000000001e-02
  4.952014897053181e-01   1.268426204825258e-01  -5.010000000000000e-02
  4.952320407992226e-01   1.268643440424221e-01  -5.010000000000000e-02
  4.952634383486196e-01   1.268864465657081e-01  -5.010000000000000e-02
  4.952957039331962e-01   1.269089309194225e-01  -5.010000000000000e-02
  4.953287482558300e-01   1.269319579387096e-01  -5.010000000000000e-02
  4.953625875765229e-01   1.269555389543924e-01  -5.010000000000000e-02
  4.953972383634842e-01   1.269796854423841e-01  -5.010000000000000e-02
  4.954327172885786e-01   1.270044090205153e-01  -5.010000000000000e-02
  4.954690904867665e-01   1.270296504341478e-01  -5.010000000000000e-02
  4.955063842134280e-01   1.270554083246627e-01  -5.010000000000000e-02
  4.955445598098518e-01   1.270817753016599e-01  -5.010000000000000e-02
  4.955836347572071e-01   1.271087634389675e-01  -5.010000000000000e-02
  4.956236267101549e-01   1.271363849302402e-01  -5.010000000000000e-02
  4.956645736038328e-01   1.271646229075661e-01  -5.010000000000000e-02
  4.957065018269933e-01   1.271934775870064e-01  -5.010000000000001e-02
  4.957494021062910e-01   1.272230012279749e-01  -5.010000000000000e-02
  4.957932927262400e-01   1.272532064137329e-01  -5.010000000000000e-02
  4.958381956197215e-01   1.272841006938587e-01  -5.010000000000000e-02
  4.958841547600824e-01   1.273156598053766e-01  -5.010000000000000e-02
  4.959311605544745e-01   1.273479376307571e-01  -5.010000000000000e-02
  4.959792317405428e-01   1.273809470367212e-01  -5.010000000000000e-02
  4.960283997216686e-01   1.274146825922981e-01  -5.010000000000000e-02
  4.960786931495944e-01   1.274491430144804e-01  -5.010000000000000e-02
  4.961301093720122e-01   1.274843727612806e-01  -5.010000000000000e-02
  4.961826706553007e-01   1.275203800199853e-01  -5.010000000000000e-02
  4.962364366700479e-01   1.275571183458909e-01  -5.009999999999999e-02
  4.962913834653298e-01   1.275946634993121e-01  -5.010000000000001e-02
  4.963475388852308e-01   1.276330154576163e-01  -5.010000000000000e-02
  4.964049686196054e-01   1.276721186257444e-01  -5.010000000000000e-02
  4.964636373277744e-01   1.277120653952074e-01  -5.010000000000000e-02
  4.965236093889004e-01   1.277528015066553e-01  -5.010000000000000e-02
  4.965849034632621e-01   1.277943397781178e-01  -5.010000000000001e-02
  4.966475088913401e-01   1.278367358039766e-01  -5.010000000000000e-02
  4.967115276152480e-01   1.278798785586719e-01  -5.010000000000000e-02
  4.967768824323898e-01   1.279239217177978e-01  -5.010000000000000e-02
  4.968437227361745e-01   1.279686820289331e-01  -5.010000000000000e-02
  4.969119427535298e-01   1.280143556158214e-01  -5.010000000000000e-02
  4.969817131028561e-01   1.280607249045866e-01  -5.010000000000000e-02
  4.970529276577825e-01   1.281079863172077e-01  -5.010000000000000e-02
  4.971257239387996e-01   1.281559691786352e-01  -5.010000000000001e-02
  4.972000650838847e-01   1.282047643544065e-01  -5.010000000000000e-02
  4.972759807057590e-01   1.282543624750915e-01  -5.010000000000000e-02
  4.973535838463729e-01   1.283046232956964e-01  -5.010000000000000e-02
  4.974328193272363e-01   1.283556641454868e-01  -5.010000000000000e-02
  4.975137301840235e-01   1.284074507597113e-01  -5.010000000000001e-02
  4.975964064574691e-01   1.284598721680565e-01  -5.010000000000000e-02
  4.976808527647421e-01   1.285129486920112e-01  -5.010000000000000e-02
  4.977670863391546e-01   1.285666801667444e-01  -5.010000000000000e-02
  4.978551444831324e-01   1.286210325075014e-01  -5.010000000000000e-02
  4.979450645977091e-01   1.286759687762323e-01  -5.010000000000000e-02
  4.980368813441073e-01   1.287314538305754e-01  -5.010000000000000e-02
  4.981306242588648e-01   1.287874581573750e-01  -5.010000000000000e-02
  4.982263209343668e-01   1.288439528778243e-01  -5.010000000000000e-02
  4.983239852183020e-01   1.289009298448699e-01  -5.010000000000001e-02
  4.984236427735644e-01   1.289583581454106e-01  -5.010000000000000e-02
  4.985253478205325e-01   1.290161534116859e-01  -5.010000000000000e-02
  4.986290770666060e-01   1.290743639442879e-01  -5.010000000000000e-02
  4.987348266677343e-01   1.291330031721712e-01  -5.010000000000000e-02
  4.988426657322462e-01   1.291919489599542e-01  -5.010000000000000e-02
  4.989525289315674e-01   1.292513211602957e-01  -5.010000000000000e-02
  4.990644711532593e-01   1.293110164226743e-01  -5.010000000000000e-02
  4.991784432783939e-01   1.293711222531477e-01  -5.010000000000000e-02
  4.992944706437058e-01   1.294315838864876e-01  -5.010000000000000e-02
  4.994125399655454e-01   1.294924163659643e-01  -5.010000000000000e-02
  4.995326286227348e-01   1.295536510706587e-01  -5.010000000000001e-02
  4.996547366031552e-01   1.296152723680255e-01  -5.010000000000001e-02
  4.997788620832653e-01   1.296772643634949e-01  -5.010000000000000e-02
  4.999049820033282e-01   1.297396504104962e-01  -5.010000000000000e-02
  5.000330811191533e-01   1.298024353029043e-01  -5.010000000000000e-02
  5.001631480174886e-01   1.298656125617040e-01  -5.010000000000000e-02
  5.002951769893816e-01   1.299291598916274e-01  -5.010000000000000e-02
  5.004291388795205e-01   1.299930997350352e-01  -5.010000000000000e-02
  5.005650188860628e-01   1.300574211982713e-01  -5.010000000000000e-02
  5.007027867335118e-01   1.301221420629828e-01  -5.010000000000000e-02
  5.008424307358563e-01   1.301872367272823e-01  -5.010000000000000e-02
  5.009839263674245e-01   1.302527024888018e-01  -5.010000000000000e-02
  5.011272326311953e-01   1.303185684301861e-01  -5.009999999999999e-02
  5.012723233845462e-01   1.303848275962704e-01  -5.010000000000000e-02
  5.014191848638829e-01   1.304514411933196e-01  -5.010000000000001e-02
  5.015677675837865e-01   1.305184446204878e-01  -5.010000000000000e-02
  5.017180351092657e-01   1.305858406312412e-01  -5.010000000000000e-02
  5.018699689184966e-01   1.306535874181926e-01  -5.010000000000000e-02
  5.020235175719948e-01   1.307217122579247e-01  -5.010000000000000e-02
  5.021786505693741e-01   1.307901912521166e-01  -5.010000000000000e-02
  5.023353292157815e-01   1.308590142529475e-01  -5.010000000000000e-02
  5.024935063819899e-01   1.309281860739162e-01  -5.010000000000000e-02
  5.026531572081269e-01   1.309976560867199e-01  -5.010000000000000e-02
  5.028142236081893e-01   1.310674453766502e-01  -5.010000000000000e-02
  5.029766725142255e-01   1.311375132386001e-01  -5.010000000000000e-02
  5.031404574142433e-01   1.312078455782246e-01  -5.010000000000001e-02
  5.033055357895483e-01   1.312784147913143e-01  -5.010000000000000e-02
  5.034718604368520e-01   1.313491999867516e-01  -5.010000000000000e-02
  5.036393894632755e-01   1.314201637229827e-01  -5.010000000000000e-02
  5.038080729510932e-01   1.314912833453427e-01  -5.010000000000000e-02
  5.039778634665435e-01   1.315625265418171e-01  -5.010000000000000e-02
  5.041487161316642e-01   1.316338509592014e-01  -5.010000000000000e-02
  5.043205776024919e-01   1.317052309128349e-01  -5.010000000000000e-02
  5.044933996325199e-01   1.317766248769063e-01  -5.010000000000001e-02
  5.046671343769541e-01   1.318479869792916e-01  -5.010000000000000e-02
  5.048417194623895e-01   1.319193034341388e-01  -5.010000000000000e-02
  5.050171211010565e-01   1.319904874960277e-01  -5.010000000000000e-02
  5.051932612743364e-01   1.320615582795674e-01  -5.010000000000000e-02
  5.053701114410758e-01   1.321324098343687e-01  -5.010000000000001e-02
  5.055475991170991e-01   1.322030429465058e-01  -5.009999999999999e-02
  5.057256658761713e-01   1.322734212838525e-01  -5.010000000000000e-02
  5.059042769941112e-01   1.323434462865952e-01  -5.010000000000000e-02
  5.060833410043352e-01   1.324131619419137e-01  -5.010000000000001e-02
  5.062628353396946e-01   1.324824341986172e-01  -5.010000000000000e-02
  5.064426776146970e-01   1.325512817315895e-01  -5.010000000000000e-02
  5.066227997810365e-01   1.326196858370472e-01  -5.010000000000000e-02
  5.068031808598128e-01   1.326875024111661e-01  -5.010000000000000e-02
  5.069837162835176e-01   1.327548081926641e-01  -5.010000000000000e-02
  5.071643564000757e-01   1.328215342455520e-01  -5.010000000000000e-02
  5.073450619100620e-01   1.328875825242567e-01  -5.010000000000000e-02
  5.075257374756055e-01   1.329530081131577e-01  -5.009999999999999e-02
  5.077063281734433e-01   1.330177569558249e-01  -5.010000000000000e-02
  5.078867965865561e-01   1.330817258442600e-01  -5.010000000000000e-02
  5.080670472847850e-01   1.331449758404766e-01  -5.010000000000000e-02
  5.082470172412139e-01   1.332074795694704e-01  -5.010000000000000e-02
  5.084266690832986e-01   1.332691366695552e-01  -5.010000000000001e-02
  5.086059232340370e-01   1.333299709853257e-01  -5.010000000000000e-02
  5.087847048280989e-01   1.333899967078289e-01  -5.010000000000001e-02
  5.089629571435800e-01   1.334491777164475e-01  -5.010000000000000e-02
  5.091406416123027e-01   1.335074250798285e-01  -5.010000000000001e-02
  5.093176728129449e-01   1.335647955202159e-01  -5.010000000000000e-02
  5.094939862715782e-01   1.336212872896525e-01  -5.010000000000001e-02
  5.096695228103780e-01   1.336768867017888e-01  -5.010000000000000e-02
  5.098442361629221e-01   1.337315432039451e-01  -5.010000000000000e-02
  5.100180693123868e-01   1.337852444413694e-01  -5.010000000000000e-02
  5.101909513948104e-01   1.338380286295659e-01  -5.010000000000000e-02
  5.103628258906844e-01   1.338898936897471e-01  -5.010000000000000e-02
  5.105336409150219e-01   1.339408280919649e-01  -5.010000000000000e-02
  5.107033434686417e-01   1.339908297515683e-01  -5.010000000000000e-02
  5.108718863220714e-01   1.340398829884492e-01  -5.010000000000000e-02
  5.110392223507423e-01   1.340879776564102e-01  -5.010000000000000e-02
  5.112052940698914e-01   1.341351465460711e-01  -5.010000000000000e-02
  5.113700561174158e-01   1.341813875245577e-01  -5.010000000000000e-02
  5.115334628858554e-01   1.342267064188294e-01  -5.010000000000000e-02
  5.116954695687450e-01   1.342711133544527e-01  -5.010000000000000e-02
  5.118560361158033e-01   1.343146087406043e-01  -5.010000000000000e-02
  5.120151232202923e-01   1.343571975274892e-01  -5.010000000000000e-02
  5.121726935264561e-01   1.343988850673564e-01  -5.009999999999999e-02
  5.123287109720350e-01   1.344396795078378e-01  -5.010000000000000e-02
  5.124831418421683e-01   1.344795878875369e-01  -5.010000000000000e-02
  5.126359545858776e-01   1.345186167425793e-01  -5.010000000000000e-02
  5.127871181584135e-01   1.345567786338502e-01  -5.009999999999999e-02
  5.129366044600381e-01   1.345940825057460e-01  -5.010000000000000e-02
  5.130843887063776e-01   1.346305320060987e-01  -5.010000000000000e-02
  5.132304456045512e-01   1.346661408888513e-01  -5.010000000000000e-02
  5.133747509465820e-01   1.347009266062753e-01  -5.010000000000000e-02
  5.135172855449841e-01   1.347348938792933e-01  -5.010000000000000e-02
  5.136580323637230e-01   1.347680464247912e-01  -5.009999999999999e-02
  5.137969713153959e-01   1.348004086753246e-01  -5.010000000000000e-02
  5.139340969558863e-01   1.348319499083842e-01  -5.010000000000000e-02
  5.140693944503032e-01   1.348626866872085e-01  -5.010000000000000e-02
  5.142028472131414e-01   1.348926516232981e-01  -5.010000000000000e-02
  5.143344441462124e-01   1.349218615739011e-01  -5.010000000000000e-02
  5.144641754253825e-01   1.349503354722978e-01  -5.009999999999999e-02
  5.145920334235646e-01   1.349780899506619e-01  -5.010000000000000e-02
  5.147180333006289e-01   1.350050424235887e-01  -5.010000000000000e-02
  5.148421575786601e-01   1.350312677796288e-01  -5.010000000000000e-02
  5.149643987809538e-01   1.350568034599958e-01  -5.009999999999999e-02
  5.150847557282596e-01   1.350816650162704e-01  -5.010000000000000e-02
  5.152032453275638e-01   1.351057854628303e-01  -5.010000000000000e-02
  5.153198656831153e-01   1.351291937639166e-01  -5.010000000000000e-02
  5.154346053703681e-01   1.351519757900041e-01  -5.009999999999999e-02
  5.155474733095331e-01   1.351741233830502e-01  -5.010000000000000e-02
  5.156585013207971e-01   1.351955129978783e-01  -5.010000000000000e-02
  5.157676636498136e-01   1.352163245306558e-01  -5.010000000000000e-02
  5.158749739133370e-01   1.352365432554665e-01  -5.010000000000000e-02
  5.159804691001187e-01   1.352560296878523e-01  -5.010000000000000e-02
  5.160841226531669e-01   1.352749924796618e-01  -5.010000000000000e-02
  5.161859666173504e-01   1.352933305283934e-01  -5.010000000000000e-02
  5.162860145595585e-01   1.353110429154261e-01  -5.010000000000000e-02
  5.163842518812506e-01   1.353282985710361e-01  -5.010000000000000e-02
  5.164807439771799e-01   1.353448105565887e-01  -5.010000000000000e-02
  5.165754515895314e-01   1.353608999369066e-01  -5.010000000000000e-02
  5.166684254183990e-01   1.353763706401784e-01  -5.010000000000000e-02
  5.167596615660541e-01   1.353913481870416e-01  -5.010000000000000e-02
  5.168491839194338e-01   1.354058016802332e-01  -5.010000000000000e-02
  5.169370113339030e-01   1.354197266670044e-01  -5.010000000000000e-02
  5.170231519916104e-01   1.354331966562554e-01  -5.010000000000001e-02
  5.171076382850808e-01   1.354461266628794e-01  -5.010000000000001e-02
  5.171904735731467e-01   1.354586298262398e-01  -5.010000000000000e-02
  5.172716889620703e-01   1.354706322903844e-01  -5.009999999999999e-02
  5.173512952206153e-01   1.354822062831124e-01  -5.010000000000001e-02
  5.174293126588740e-01   1.354933544602617e-01  -5.010000000000000e-02
  5.175057705834842e-01   1.355040259202278e-01  -5.010000000000000e-02
  5.175806660962410e-01   1.355143940358329e-01  -5.010000000000001e-02
  5.176540587842731e-01   1.355241871401094e-01  -5.010000000000000e-02
  5.177259207292009e-01   1.355337759907029e-01  -5.010000000000000e-02
  5.177963221109696e-01   1.355427969492405e-01  -5.010000000000000e-02
  5.178652468183462e-01   1.355515500550354e-01  -5.010000000000001e-02
  5.179327250513900e-01   1.355599732404753e-01  -5.010000000000001e-02
  5.179987973335234e-01   1.355679257489388e-01  -5.010000000000000e-02
  5.180634497536937e-01   1.355757073617724e-01  -5.010000000000000e-02
  5.181267403915145e-01   1.355830192345754e-01  -5.010000000000000e-02
  5.181886722928288e-01   1.355900336901455e-01  -5.010000000000000e-02
  5.182492517649988e-01   1.355968949685331e-01  -5.010000000000000e-02
  5.183085419823132e-01   1.356032374748883e-01  -5.010000000000001e-02
  5.183665306863257e-01   1.356093832066664e-01  -5.010000000000000e-02
  5.184232341987788e-01   1.356153927318722e-01  -5.010000000000000e-02
  5.184787121922937e-01   1.356209052908899e-01  -5.010000000000000e-02
  5.185329557968528e-01   1.356262305196870e-01  -5.010000000000000e-02
  5.185859807120313e-01   1.356314361067340e-01  -5.010000000000000e-02
  5.186378325657403e-01   1.356362758165081e-01  -5.010000000000000e-02
  5.186885248839165e-01   1.356408427959183e-01  -5.010000000000000e-02
  5.187380639001573e-01   1.356453058718895e-01  -5.010000000000000e-02
  5.187864741738008e-01   1.356496343905004e-01  -5.010000000000000e-02
  5.188338060934331e-01   1.356534945006137e-01  -5.010000000000000e-02
  5.188800486192492e-01   1.356572657662407e-01  -5.010000000000000e-02
  5.189252229263847e-01   1.356609499142995e-01  -5.009999999999999e-02
  5.189693568688700e-01   1.356644592155422e-01  -5.010000000000000e-02
  5.190124866558519e-01   1.356675946447577e-01  -5.010000000000001e-02
  5.190546097206410e-01   1.356706568877510e-01  -5.010000000000000e-02
  5.190957463303103e-01   1.356736474178882e-01  -5.009999999999999e-02
  5.191359165043606e-01   1.356765676905379e-01  -5.010000000000000e-02
  5.191751647707047e-01   1.356790547909314e-01  -5.010000000000000e-02
  5.192134856589550e-01   1.356814776849833e-01  -5.010000000000000e-02
  5.192508980502899e-01   1.356838431379926e-01  -5.009999999999999e-02
  5.192874209364011e-01   1.356861523507368e-01  -5.010000000000000e-02
  5.193230778596304e-01   1.356883238739630e-01  -5.010000000000000e-02
  5.193578974142307e-01   1.356901849661132e-01  -5.010000000000000e-02
  5.193918823340138e-01   1.356920014473450e-01  -5.010000000000000e-02
  5.194250505257911e-01   1.356937742747709e-01  -5.010000000000000e-02
  5.194574196174288e-01   1.356955043905936e-01  -5.010000000000001e-02
  5.194890069566525e-01   1.356971927220427e-01  -5.010000000000000e-02
  5.195198427757681e-01   1.356985674141644e-01  -5.010000000000000e-02
  5.195499325414393e-01   1.356998638669939e-01  -5.010000000000000e-02
  5.195792905454238e-01   1.357011287910133e-01  -5.010000000000000e-02
  5.196079330181403e-01   1.357023628855291e-01  -5.010000000000000e-02
  5.196358759089110e-01   1.357035668377367e-01  -5.010000000000000e-02
  5.196631348866976e-01   1.357047413227515e-01  -5.009999999999999e-02
  5.196897321481694e-01   1.357057061640867e-01  -5.010000000000000e-02
  5.197156798069587e-01   1.357065416545409e-01  -5.010000000000000e-02
  5.197409886272464e-01   1.357073565749903e-01  -5.010000000000000e-02
  5.197656731747955e-01   1.357081513944386e-01  -5.010000000000000e-02
  5.197897477421308e-01   1.357089265730920e-01  -5.010000000000001e-02
  5.198132263505918e-01   1.357096825624245e-01  -5.010000000000001e-02
  5.198361227525534e-01   1.357104198052498e-01  -5.010000000000000e-02
  5.198584520248796e-01   1.357110774485898e-01  -5.010000000000000e-02
  5.198802312542447e-01   1.357115070427256e-01  -5.010000000000000e-02
  5.199014677693139e-01   1.357119259318508e-01  -5.009999999999999e-02
  5.199221742758591e-01   1.357123343665862e-01  -5.009999999999999e-02
  5.199423632238099e-01   1.357127325925060e-01  -5.010000000000000e-02
  5.199620468102361e-01   1.357131208501968e-01  -5.010000000000000e-02
  5.199812369824217e-01   1.357134993753179e-01  -5.010000000000001e-02
  5.199999454410194e-01   1.357138683986643e-01  -5.010000000000000e-02
  5.200181836432769e-01   1.357142281462296e-01  -5.010000000000001e-02
  5.200359628063277e-01   1.357145788392709e-01  -5.010000000000000e-02
  5.200532870859720e-01   1.357151730362360e-01  -5.010000000000000e-02
  5.200701741943593e-01   1.357157534087736e-01  -5.010000000000000e-02
  5.200866178442053e-01   1.357166615108502e-01  -5.010000000000000e-02
  5.201026387056110e-01   1.357176864837408e-01  -5.010000000000000e-02
  5.201182435977306e-01   1.357188153763626e-01  -5.010000000000000e-02
  5.201334265135393e-01   1.357202488384087e-01  -5.010000000000000e-02
  5.201482241114651e-01   1.357216459215030e-01  -5.010000000000000e-02
  5.201626106692914e-01   1.357233253287686e-01  -5.010000000000000e-02
  5.201766163802926e-01   1.357250975997703e-01  -5.010000000000000e-02
  5.201902655454279e-01   1.357268247537553e-01  -5.010000000000000e-02
  5.202035051654190e-01   1.357289375332452e-01  -5.010000000000001e-02
  5.202164046463401e-01   1.357310134304951e-01  -5.009999999999999e-02
  5.202289701735822e-01   1.357330621278254e-01  -5.010000000000000e-02
  5.202411403808234e-01   1.357354722016883e-01  -5.010000000000000e-02
  5.202529993269746e-01   1.357378206363200e-01  -5.009999999999999e-02
  5.202645547129083e-01   1.357401089567291e-01  -5.010000000000000e-02
  5.202757205260216e-01   1.357427668824533e-01  -5.010000000000000e-02
  5.202865978960061e-01   1.357453665247718e-01  -5.010000000000000e-02
  5.202971961527848e-01   1.357478994602943e-01  -5.010000000000000e-02
  5.203074410912540e-01   1.357506773665127e-01  -5.010000000000000e-02
  5.203173894666777e-01   1.357535110046871e-01  -5.010000000000000e-02
  5.203270819925393e-01   1.357562717681402e-01  -5.009999999999999e-02
  5.203364930677455e-01   1.357590644752403e-01  -5.010000000000000e-02
  5.203455579097873e-01   1.357621195080267e-01  -5.010000000000001e-02
  5.203543891407693e-01   1.357650958092209e-01  -5.010000000000000e-02
  5.203629926319757e-01   1.357679953575630e-01  -5.010000000000001e-02
  5.203712871131031e-01   1.357710571187545e-01  -5.010000000000000e-02
  5.203792935930189e-01   1.357742409821128e-01  -5.010000000000000e-02
  5.203870932168084e-01   1.357773425868946e-01  -5.010000000000001e-02
  5.203946912102022e-01   1.357803640111681e-01  -5.010000000000000e-02
  5.204019782287085e-01   1.357835714832935e-01  -5.010000000000000e-02
  5.204090013673246e-01   1.357868697500577e-01  -5.010000000000000e-02
  5.204158426445543e-01   1.357900826095134e-01  -5.010000000000000e-02
  5.204225066759415e-01   1.357932122292520e-01  -5.010000000000000e-02
  5.204289099242613e-01   1.357964324202839e-01  -5.010000000000000e-02
  5.204350113631084e-01   1.357998338234580e-01  -5.010000000000000e-02
  5.204409544861829e-01   1.358031469694544e-01  -5.010000000000000e-02
  5.204467433280858e-01   1.358063741074649e-01  -5.009999999999999e-02
  5.204523818243887e-01   1.358095174314744e-01  -5.010000000000001e-02
  5.204576460680965e-01   1.358129517396531e-01  -5.010000000000000e-02
  5.204627398425050e-01   1.358163517972508e-01  -5.010000000000000e-02
  5.204677011492296e-01   1.358196634336270e-01  -5.010000000000000e-02
  5.204725333795847e-01   1.358228889124596e-01  -5.010000000000000e-02
  5.204772398408400e-01   1.358260304413274e-01  -5.010000000000000e-02
  5.204815270043721e-01   1.358294931458848e-01  -5.010000000000000e-02
  5.204856976956541e-01   1.358328721781735e-01  -5.010000000000000e-02
  5.204897597108522e-01   1.358361631627090e-01  -5.010000000000000e-02
  5.204937158432802e-01   1.358393683625928e-01  -5.010000000000000e-02
  5.204975688164486e-01   1.358424899843727e-01  -5.010000000000000e-02
  5.205011007515923e-01   1.358457745898945e-01  -5.010000000000000e-02
  5.205044204008498e-01   1.358491066193036e-01  -5.010000000000000e-02
  5.205076534005004e-01   1.358523516759589e-01  -5.010000000000000e-02
  5.205108019854495e-01   1.358555120031001e-01  -5.010000000000000e-02
  5.205138683343494e-01   1.358585897875047e-01  -5.010000000000000e-02
  5.205168545709440e-01   1.358615871608367e-01  -5.010000000000000e-02
  5.205194918650887e-01   1.358647448493010e-01  -5.010000000000000e-02
  5.205219548160505e-01   1.358679128434770e-01  -5.010000000000000e-02
  5.205243533640918e-01   1.358709979987822e-01  -5.010000000000000e-02
  5.205266891762861e-01   1.358740024595054e-01  -5.010000000000000e-02
  5.205289638774356e-01   1.358769283155642e-01  -5.010000000000000e-02
  5.205311790510978e-01   1.358797776038242e-01  -5.010000000000000e-02
  5.205333362405878e-01   1.358825523093898e-01  -5.010000000000000e-02
  5.205350611562186e-01   1.358855072783015e-01  -5.010000000000000e-02
  5.205367285582643e-01   1.358883931664575e-01  -5.010000000000000e-02
  5.205383522835374e-01   1.358912034601995e-01  -5.010000000000000e-02
  5.205399334665841e-01   1.358939401231650e-01  -5.010000000000000e-02
  5.205414732129753e-01   1.358966050688419e-01  -5.009999999999999e-02
  5.205429726000208e-01   1.358992001618053e-01  -5.010000000000001e-02
  5.205444326774676e-01   1.359017272189249e-01  -5.010000000000000e-02
  5.205458544681818e-01   1.359041880105458e-01  -5.010000000000000e-02
  5.205468711606920e-01   1.359067612322131e-01  -5.010000000000000e-02
  5.205478531685075e-01   1.359092708077417e-01  -5.010000000000000e-02
  5.205488094109525e-01   1.359117145384344e-01  -5.009999999999999e-02
  5.205497405594994e-01   1.359140941402764e-01  -5.010000000000000e-02
  5.205506472683575e-01   1.359164112851362e-01  -5.010000000000000e-02
  5.205515301749050e-01   1.359186676018684e-01  -5.009999999999999e-02
  5.205523899001093e-01   1.359208646773907e-01  -5.010000000000000e-02
  5.205532270489399e-01   1.359230040577353e-01  -5.010000000000000e-02
  5.205540422107685e-01   1.359250872490752e-01  -5.010000000000000e-02
  5.205548359597626e-01   1.359271157187267e-01  -5.010000000000000e-02
  5.205553079051366e-01   1.359291819463543e-01  -5.010000000000000e-02
  5.205557476958357e-01   1.359311998581899e-01  -5.010000000000000e-02
  5.205561759289549e-01   1.359331647398516e-01  -5.010000000000000e-02
  5.205565929066647e-01   1.359350779778017e-01  -5.010000000000000e-02
  5.205569989233161e-01   1.359369409226257e-01  -5.010000000000000e-02
  5.205573942656399e-01   1.359387548899416e-01  -5.010000000000000e-02
  5.205577792129383e-01   1.359405211612871e-01  -5.010000000000000e-02
  5.205581540372755e-01   1.359422409849844e-01  -5.010000000000000e-02
  5.205585190036599e-01   1.359439155769851e-01  -5.010000000000001e-02
  5.205588743702247e-01   1.359455461216936e-01  -5.010000000000000e-02
  5.205592203884030e-01   1.359471337727708e-01  -5.010000000000000e-02
  5.205595573030980e-01   1.359486796539181e-01  -5.010000000000000e-02
  5.205598853528501e-01   1.359501848596420e-01  -5.010000000000000e-02
  5.205602047699999e-01   1.359516504560000e-01  -5.010000000000000e-02
