888
  4.940107347700000e-01   1.261528904560000e-01  -5.010000000000000e-02
  4.940095162676653e-01   1.261537652428656e-01  -5.010000000000000e-02
  4.940082822937313e-01   1.261546511370974e-01  -5.010000000000001e-02
  4.940070326532084e-01   1.261555482786825e-01  -5.010000000000000e-02
  4.940057671486867e-01   1.261564568093453e-01  -5.010000000000001e-02
  4.940044855803070e-01   1.261573768725688e-01  -5.009999999999999e-02
  4.940031877457315e-01   1.261583086136150e-01  -5.009999999999999e-02
  4.940018734401144e-01   1.261592521795471e-01  -5.010000000000000e-02
  4.940005424560710e-01   1.261602077192504e-01  -5.010000000000000e-02
  4.939991945836482e-01   1.261611753834544e-01  -5.010000000000001e-02
  4.939978296102933e-01   1.261621553247550e-01  -5.010000000000000e-02
  4.939964473208229e-01   1.261631476976365e-01  -5.010000000000000e-02
  4.939950474973919e-01   1.261641526584943e-01  -5.010000000000000e-02
  4.939936299194611e-01   1.261651703656578e-01  -5.010000000000000e-02
  4.939923538055536e-01   1.261663769022700e-01  -5.010000000000000e-02
  4.939911726099369e-01   1.261677213229442e-01  -5.010000000000000e-02
  4.939899764376274e-01   1.261690827898849e-01  -5.010000000000000e-02
  4.939887651004165e-01   1.261704615173089e-01  -5.010000000000000e-02
  4.939875384077728e-01   1.261718577220760e-01  -5.010000000000000e-02
  4.939862961668162e-01   1.261732716237201e-01  -5.010000000000000e-02
  4.939850381822885e-01   1.261747034444812e-01  -5.010000000000000e-02
  4.939837642565262e-01   1.261761534093369e-01  -5.010000000000000e-02
  4.939824741894322e-01   1.261776217460356e-01  -5.010000000000001e-02
  4.939811677784461e-01   1.261791086851283e-01  -5.010000000000000e-02
  4.939798448185162e-01   1.261806144600022e-01  -5.010000000000000e-02
  4.939785051020694e-01   1.261821393069143e-01  -5.010000000000000e-02
  4.939771484189818e-01   1.261836834650244e-01  -5.010000000000000e-02
  4.939759903860586e-01   1.261854069268259e-01  -5.010000000000000e-02
  4.939748823496086e-01   1.261872000678470e-01  -5.010000000000000e-02
  4.939737602859717e-01   1.261890159091360e-01  -5.010000000000000e-02
  4.939726240194318e-01   1.261908547350552e-01  -5.010000000000000e-02
  4.939714733721192e-01   1.261927168334519e-01  -5.010000000000001e-02
  4.939703081639858e-01   1.261946024956990e-01  -5.010000000000000e-02
  4.939691282127791e-01   1.261965120167367e-01  -5.010000000000000e-02
  4.939679333340168e-01   1.261984456951132e-01  -5.010000000000000e-02
  4.939667233409611e-01   1.262004038330278e-01  -5.010000000000000e-02
  4.939654980445920e-01   1.262023867363722e-01  -5.010000000000000e-02
  4.939642572535810e-01   1.262043947147744e-01  -5.010000000000000e-02
  4.939630007742644e-01   1.262064280816414e-01  -5.010000000000000e-02
  4.939618011552309e-01   1.262085261957914e-01  -5.010000000000000e-02
  4.939607757229187e-01   1.262107524531894e-01  -5.010000000000000e-02
  4.939597373310379e-01   1.262130068463649e-01  -5.010000000000000e-02
  4.939586858178062e-01   1.262152897265543e-01  -5.010000000000000e-02
  4.939576210194728e-01   1.262176014492675e-01  -5.009999999999999e-02
  4.939565427702961e-01   1.262199423743370e-01  -5.010000000000000e-02
  4.939554509025202e-01   1.262223128659675e-01  -5.010000000000000e-02
  4.939543452463526e-01   1.262247132927860e-01  -5.010000000000000e-02
  4.939532256299403e-01   1.262271440278928e-01  -5.010000000000000e-02
  4.939520918793465e-01   1.262296054489119e-01  -5.010000000000000e-02
  4.939509438185268e-01   1.262320979380433e-01  -5.010000000000000e-02
  4.939497812693051e-01   1.262346218821148e-01  -5.009999999999999e-02
  4.939486343621638e-01   1.262371899980308e-01  -5.010000000000000e-02
  4.939476820283094e-01   1.262398755156922e-01  -5.010000000000000e-02
  4.939467176823529e-01   1.262425949066769e-01  -5.010000000000001e-02
  4.939457411749434e-01   1.262453485921438e-01  -5.010000000000000e-02
  4.939447523549289e-01   1.262481369983324e-01  -5.010000000000000e-02
  4.939437510693346e-01   1.262509605566200e-01  -5.010000000000000e-02
  4.939427371633441e-01   1.262538197035798e-01  -5.010000000000000e-02
  4.939417104802772e-01   1.262567148810390e-01  -5.010000000000000e-02
  4.939406708615698e-01   1.262596465361378e-01  -5.010000000000000e-02
  4.939396181467525e-01   1.262626151213889e-01  -5.010000000000000e-02
  4.939385521734295e-01   1.262656210947377e-01  -5.010000000000000e-02
  4.939374727772571e-01   1.262686649196227e-01  -5.010000000000000e-02
  4.939364651189743e-01   1.262717740587350e-01  -5.010000000000000e-02
  4.939355754792990e-01   1.262749636810959e-01  -5.010000000000000e-02
  4.939346746439681e-01   1.262781934432060e-01  -5.010000000000000e-02
  4.939337624744369e-01   1.262814638417892e-01  -5.010000000000000e-02
  4.939328388305061e-01   1.262847753795013e-01  -5.010000000000001e-02
  4.939319035703039e-01   1.262881285649954e-01  -5.010000000000000e-02
  4.939309565502670e-01   1.262915239129883e-01  -5.010000000000000e-02
  4.939299976251226e-01   1.262949619443262e-01  -5.010000000000000e-02
  4.939290266478692e-01   1.262984431860525e-01  -5.010000000000000e-02
  4.939280434697584e-01   1.263019681714753e-01  -5.010000000000000e-02
  4.939270479402751e-01   1.263055374402350e-01  -5.009999999999999e-02
  4.939260725114317e-01   1.263091596770056e-01  -5.010000000000000e-02
  4.939252536787087e-01   1.263128695445310e-01  -5.010000000000000e-02
  4.939244245663967e-01   1.263166259855655e-01  -5.010000000000000e-02
  4.939235850479243e-01   1.263204295735634e-01  -5.010000000000000e-02
  4.939227349952250e-01   1.263242808887538e-01  -5.009999999999999e-02
  4.939218742787204e-01   1.263281805182130e-01  -5.010000000000000e-02
  4.939210027673052e-01   1.263321290559379e-01  -5.010000000000000e-02
  4.939201203283301e-01   1.263361271029200e-01  -5.010000000000001e-02
  4.939192268275854e-01   1.263401752672199e-01  -5.010000000000000e-02
  4.939183221292847e-01   1.263442741640419e-01  -5.010000000000000e-02
  4.939174060960481e-01   1.263484244158103e-01  -5.010000000000000e-02
  4.939165654803983e-01   1.263526438456601e-01  -5.010000000000001e-02
  4.939158134408536e-01   1.263569357222136e-01  -5.010000000000000e-02
  4.939150519865733e-01   1.263612813284992e-01  -5.010000000000000e-02
  4.939142810023048e-01   1.263656813222608e-01  -5.009999999999999e-02
  4.939135003714512e-01   1.263701363689150e-01  -5.010000000000000e-02
  4.939127099760573e-01   1.263746471416309e-01  -5.010000000000000e-02
  4.939119096967951e-01   1.263792143214105e-01  -5.010000000000000e-02
  4.939110994129500e-01   1.263838385971695e-01  -5.010000000000000e-02
  4.939102790024067e-01   1.263885206658190e-01  -5.010000000000000e-02
  4.939094483416342e-01   1.263932612323474e-01  -5.010000000000000e-02
  4.939086670801060e-01   1.263980703681679e-01  -5.010000000000001e-02
  4.939079926086073e-01   1.264029577995433e-01  -5.010000000000000e-02
  4.939073097179061e-01   1.264079062390936e-01  -5.009999999999999e-02
  4.939066183055584e-01   1.264129164291590e-01  -5.010000000000000e-02
  4.939059182679411e-01   1.264179891206245e-01  -5.010000000000000e-02
  4.939052095002403e-01   1.264231250730055e-01  -5.010000000000000e-02
  4.939044918964388e-01   1.264283250545341e-01  -5.010000000000001e-02
  4.939037653493050e-01   1.264335898422462e-01  -5.010000000000000e-02
  4.939030297503797e-01   1.264389202220686e-01  -5.010000000000000e-02
  4.939022849899651e-01   1.264443169889074e-01  -5.010000000000000e-02
  4.939016594374368e-01   1.264497966968803e-01  -5.010000000000000e-02
  4.939010640260363e-01   1.264553492543590e-01  -5.010000000000001e-02
  4.939004612067613e-01   1.264609708945751e-01  -5.010000000000000e-02
  4.938998508900936e-01   1.264666624523370e-01  -5.010000000000000e-02
  4.938992329855004e-01   1.264724247719143e-01  -5.010000000000000e-02
  4.938986074014250e-01   1.264782587071293e-01  -5.010000000000000e-02
  4.938979740452761e-01   1.264841651214483e-01  -5.010000000000001e-02
  4.938973328234185e-01   1.264901448880742e-01  -5.010000000000000e-02
  4.938966836411630e-01   1.264961988900384e-01  -5.010000000000000e-02
  4.938961489149073e-01   1.265023395285180e-01  -5.010000000000000e-02
  4.938956470947260e-01   1.265085600551549e-01  -5.010000000000000e-02
  4.938951390519473e-01   1.265148577166579e-01  -5.010000000000001e-02
  4.938946247119043e-01   1.265212334385935e-01  -5.010000000000000e-02
  4.938941039990972e-01   1.265276881568516e-01  -5.010000000000000e-02
  4.938935768371858e-01   1.265342228177402e-01  -5.010000000000001e-02
  4.938930431489816e-01   1.265408383780811e-01  -5.009999999999999e-02
  4.938925028564404e-01   1.265475358053052e-01  -5.010000000000000e-02
  4.938919979557479e-01   1.265543189899207e-01  -5.010000000000000e-02
  4.938916006996740e-01   1.265611939276108e-01  -5.010000000000000e-02
  4.938911985338946e-01   1.265681538329636e-01  -5.010000000000000e-02
  4.938907913999082e-01   1.265751997184066e-01  -5.010000000000000e-02
  4.938903792385716e-01   1.265823326074782e-01  -5.010000000000000e-02
  4.938899619900937e-01   1.265895535349240e-01  -5.010000000000001e-02
  4.938895395940304e-01   1.265968635467955e-01  -5.010000000000001e-02
  4.938891119892785e-01   1.266042637005475e-01  -5.010000000000000e-02
  4.938887237137830e-01   1.266117571838650e-01  -5.010000000000000e-02
  4.938884410411615e-01   1.266193482286275e-01  -5.010000000000000e-02
  4.938881548877649e-01   1.266270327480217e-01  -5.010000000000000e-02
  4.938878652124411e-01   1.266348118471745e-01  -5.010000000000000e-02
  4.938875719735941e-01   1.266426866431195e-01  -5.010000000000000e-02
  4.938872751291813e-01   1.266506582648959e-01  -5.009999999999999e-02
  4.938869746367092e-01   1.266587278536471e-01  -5.010000000000000e-02
  4.938866704532298e-01   1.266668965627192e-01  -5.010000000000000e-02
  4.938864804120698e-01   1.266751688783622e-01  -5.010000000000000e-02
  4.938863203941329e-01   1.266835436102143e-01  -5.010000000000000e-02
  4.938861584137504e-01   1.266920210490307e-01  -5.010000000000000e-02
  4.938859944479216e-01   1.267006023985690e-01  -5.010000000000000e-02
  4.938858284734035e-01   1.267092888752887e-01  -5.010000000000000e-02
  4.938856604667083e-01   1.267180817084490e-01  -5.010000000000000e-02
  4.938854904041019e-01   1.267269821402069e-01  -5.010000000000000e-02
  4.938854298143203e-01   1.267359926173289e-01  -5.010000000000000e-02
  4.938854092150812e-01   1.267451136661041e-01  -5.010000000000000e-02
  4.938853883642003e-01   1.267543461383588e-01  -5.010000000000000e-02
  4.938853672587527e-01   1.267636913290473e-01  -5.010000000000000e-02
  4.938853458957837e-01   1.267731505465085e-01  -5.010000000000001e-02
  4.938853242723082e-01   1.267827251125626e-01  -5.010000000000000e-02
  4.938853188631957e-01   1.267924162712436e-01  -5.010000000000000e-02
  4.938854497877922e-01   1.268022247055967e-01  -5.010000000000000e-02
  4.938855823059667e-01   1.268121525255083e-01  -5.010000000000000e-02
  4.938857164360941e-01   1.268222011075511e-01  -5.010000000000000e-02
  4.938858521967353e-01   1.268323718422485e-01  -5.010000000000000e-02
  4.938859896066385e-01   1.268426661341673e-01  -5.009999999999999e-02
  4.938861286847410e-01   1.268530854020092e-01  -5.010000000000000e-02
  4.938864078672897e-01   1.268636282050545e-01  -5.010000000000001e-02
  4.938867085086532e-01   1.268742984541221e-01  -5.010000000000001e-02
  4.938870127925092e-01   1.268850979811449e-01  -5.010000000000000e-02
  4.938873207604360e-01   1.268960282618087e-01  -5.010000000000000e-02
  4.938876324544226e-01   1.269070907863744e-01  -5.010000000000000e-02
  4.938879544399111e-01   1.269182868303215e-01  -5.010000000000000e-02
  4.938884321266285e-01   1.269296128001501e-01  -5.010000000000000e-02
  4.938889155803433e-01   1.269410755056999e-01  -5.009999999999999e-02
  4.938894048663716e-01   1.269526764956203e-01  -5.010000000000000e-02
  4.938899000506617e-01   1.269644173335467e-01  -5.010000000000000e-02
  4.938904011997972e-01   1.269762995981809e-01  -5.010000000000000e-02
  4.938909993915284e-01   1.269883204275291e-01  -5.010000000000000e-02
  4.938916773841420e-01   1.270004822781295e-01  -5.010000000000001e-02
  4.938923635246452e-01   1.270127902858037e-01  -5.010000000000000e-02
  4.938930579043885e-01   1.270252460892005e-01  -5.009999999999999e-02
  4.938937606155830e-01   1.270378513424017e-01  -5.010000000000000e-02
  4.938945084872865e-01   1.270506055399460e-01  -5.010000000000000e-02
  4.938953171612350e-01   1.270635094464433e-01  -5.010000000000000e-02
  4.938961355139138e-01   1.270765677951966e-01  -5.010000000000000e-02
  4.938969636528497e-01   1.270897823020014e-01  -5.009999999999999e-02
  4.938978016865575e-01   1.271031546984116e-01  -5.010000000000000e-02
  4.938986497245431e-01   1.271166867318003e-01  -5.009999999999999e-02
  4.938995078773076e-01   1.271303801654175e-01  -5.010000000000000e-02
  4.939003762563503e-01   1.271442367784464e-01  -5.010000000000001e-02
  4.939012549741727e-01   1.271582583660565e-01  -5.010000000000000e-02
  4.939021441442812e-01   1.271724467394547e-01  -5.010000000000000e-02
  4.939030438811902e-01   1.271868037259339e-01  -5.010000000000000e-02
  4.939039543004251e-01   1.272013311689187e-01  -5.010000000000000e-02
  4.939048755185251e-01   1.272160309280083e-01  -5.010000000000000e-02
  4.939058076530454e-01   1.272309048790169e-01  -5.010000000000000e-02
  4.939067508225599e-01   1.272459549140111e-01  -5.010000000000000e-02
  4.939077051466627e-01   1.272611829413439e-01  -5.010000000000000e-02
  4.939086707459712e-01   1.272765908856860e-01  -5.010000000000000e-02
  4.939096477421267e-01   1.272921806880537e-01  -5.010000000000000e-02
  4.939106362577964e-01   1.273079543058333e-01  -5.010000000000000e-02
  4.939116342311068e-01   1.273239138476729e-01  -5.010000000000000e-02
  4.939126152892846e-01   1.273400629389048e-01  -5.010000000000000e-02
  4.939136078783316e-01   1.273564018385120e-01  -5.010000000000000e-02
  4.939146121211623e-01   1.273729325697761e-01  -5.010000000000000e-02
  4.939156281416898e-01   1.273896571724201e-01  -5.010000000000000e-02
  4.939166560648267e-01   1.274065777026107e-01  -5.009999999999999e-02
  4.939176960164837e-01   1.274236962329568e-01  -5.009999999999999e-02
  4.939187481235707e-01   1.274410148525033e-01  -5.010000000000000e-02
  4.939198125139951e-01   1.274585356667210e-01  -5.010000000000000e-02
  4.939208893166613e-01   1.274762607974919e-01  -5.010000000000000e-02
  4.939219786614695e-01   1.274941923830897e-01  -5.009999999999999e-02
  4.939230806793143e-01   1.275123325781556e-01  -5.010000000000000e-02
  4.939241955020831e-01   1.275306835536700e-01  -5.010000000000000e-02
  4.939253232626532e-01   1.275492474969182e-01  -5.010000000000001e-02
  4.939264640948908e-01   1.275680266114515e-01  -5.010000000000000e-02
  4.939276181336470e-01   1.275870231170433e-01  -5.010000000000000e-02
  4.939289627184580e-01   1.276062268890655e-01  -5.010000000000000e-02
  4.939304919010613e-01   1.276256406040366e-01  -5.010000000000000e-02
  4.939320387172572e-01   1.276452781860205e-01  -5.010000000000001e-02
  4.939336033467361e-01   1.276651419162725e-01  -5.010000000000000e-02
  4.939351859704403e-01   1.276852340919457e-01  -5.010000000000001e-02
  4.939367867705587e-01   1.277055570260134e-01  -5.010000000000000e-02
  4.939384059305193e-01   1.277261130471837e-01  -5.010000000000000e-02
  4.939400436349823e-01   1.277469044998095e-01  -5.010000000000000e-02
  4.939417000698328e-01   1.277679337437905e-01  -5.010000000000000e-02
  4.939433754221722e-01   1.277892031544695e-01  -5.010000000000001e-02
  4.939450698803094e-01   1.278107151225215e-01  -5.010000000000001e-02
  4.939467836337521e-01   1.278324720538362e-01  -5.010000000000000e-02
  4.939485168731963e-01   1.278544763693925e-01  -5.010000000000000e-02
  4.939506501103191e-01   1.278766960077881e-01  -5.010000000000001e-02
  4.939529558752662e-01   1.278991540701988e-01  -5.010000000000000e-02
  4.939552877377675e-01   1.279218663217889e-01  -5.010000000000000e-02
  4.939576459518912e-01   1.279448352371730e-01  -5.009999999999999e-02
  4.939600307731759e-01   1.279680633052880e-01  -5.010000000000000e-02
  4.939624424586132e-01   1.279915530292231e-01  -5.010000000000000e-02
  4.939648812666296e-01   1.280153069260406e-01  -5.010000000000000e-02
  4.939673474570668e-01   1.280393275265892e-01  -5.010000000000001e-02
  4.939698412911618e-01   1.280636173753084e-01  -5.009999999999999e-02
  4.939723630315263e-01   1.280881790300240e-01  -5.010000000000000e-02
  4.939749129421240e-01   1.281130150617353e-01  -5.010000000000000e-02
  4.939780932352831e-01   1.281380581844874e-01  -5.010000000000000e-02
  4.939813719260368e-01   1.281633727750812e-01  -5.010000000000000e-02
  4.939846870502149e-01   1.281889686661380e-01  -5.010000000000000e-02
  4.939880389462906e-01   1.282148484709876e-01  -5.010000000000000e-02
  4.939914279542817e-01   1.282410148148916e-01  -5.010000000000000e-02
  4.939948544157172e-01   1.282674703347747e-01  -5.010000000000000e-02
  4.939983186736000e-01   1.282942176789450e-01  -5.010000000000000e-02
  4.940018210723704e-01   1.283212595068054e-01  -5.010000000000000e-02
  4.940053619578664e-01   1.283485984885532e-01  -5.010000000000000e-02
  4.940093732483626e-01   1.283761753652324e-01  -5.010000000000000e-02
  4.940137589074388e-01   1.284040066609783e-01  -5.010000000000000e-02
  4.940181924746503e-01   1.284321419806950e-01  -5.010000000000000e-02
  4.940226743753837e-01   1.284605840238751e-01  -5.010000000000000e-02
  4.940272050364593e-01   1.284893354991105e-01  -5.010000000000000e-02
  4.940317848860737e-01   1.285183991237281e-01  -5.009999999999999e-02
  4.940364143537409e-01   1.285477776234148e-01  -5.010000000000000e-02
  4.940410938702314e-01   1.285774737318297e-01  -5.010000000000000e-02
  4.940461306641562e-01   1.286074374800678e-01  -5.010000000000000e-02
  4.940517501606443e-01   1.286376329610786e-01  -5.010000000000000e-02
  4.940574300117570e-01   1.286681527481773e-01  -5.009999999999999e-02
  4.940631707289686e-01   1.286989995896903e-01  -5.010000000000000e-02
  4.940689728248381e-01   1.287301762397732e-01  -5.010000000000000e-02
  4.940748368129240e-01   1.287616854579523e-01  -5.010000000000000e-02
  4.940807632076971e-01   1.287935300086537e-01  -5.010000000000000e-02
  4.940868171624689e-01   1.288256997075490e-01  -5.010000000000000e-02
  4.940937636558940e-01   1.288580441324971e-01  -5.010000000000000e-02
  4.941007835474039e-01   1.288907303153229e-01  -5.010000000000000e-02
  4.941078774305603e-01   1.289237610197811e-01  -5.010000000000000e-02
  4.941150458994266e-01   1.289571390119639e-01  -5.010000000000000e-02
  4.941222895484508e-01   1.289908670597540e-01  -5.010000000000000e-02
  4.941296089723450e-01   1.290249479322641e-01  -5.010000000000000e-02
  4.941374807314415e-01   1.290592753866409e-01  -5.010000000000000e-02
  4.941458969322888e-01   1.290938541368410e-01  -5.010000000000000e-02
  4.941544004844187e-01   1.291287917779750e-01  -5.010000000000000e-02
  4.941629920573943e-01   1.291640910610053e-01  -5.010000000000000e-02
  4.941716723203481e-01   1.291997547351253e-01  -5.009999999999999e-02
  4.941804419418261e-01   1.292357855471198e-01  -5.010000000000000e-02
  4.941898374966185e-01   1.292720481468163e-01  -5.010000000000000e-02
  4.941997733991914e-01   1.293085674999514e-01  -5.010000000000001e-02
  4.942098107207454e-01   1.293454596179723e-01  -5.010000000000000e-02
  4.942199501990329e-01   1.293827272124833e-01  -5.010000000000000e-02
  4.942301925702322e-01   1.294203729893039e-01  -5.010000000000000e-02
  4.942406324482094e-01   1.294583727736681e-01  -5.010000000000000e-02
  4.942520902774521e-01   1.294964946056024e-01  -5.010000000000000e-02
  4.942636633279613e-01   1.295349997951224e-01  -5.010000000000000e-02
  4.942753523977887e-01   1.295738909974602e-01  -5.010000000000000e-02
  4.942871582821409e-01   1.296131708583812e-01  -5.009999999999999e-02
  4.942991525478082e-01   1.296528197411274e-01  -5.010000000000000e-02
  4.943122249750738e-01   1.296925605110500e-01  -5.010000000000000e-02
  4.943254267824649e-01   1.297326946024035e-01  -5.010000000000000e-02
  4.943387588182661e-01   1.297732245940114e-01  -5.009999999999999e-02
  4.943522219263392e-01   1.298141530512522e-01  -5.010000000000000e-02
  4.943662498268200e-01   1.298553340161558e-01  -5.010000000000000e-02
  4.943810326883086e-01   1.298967050694201e-01  -5.009999999999999e-02
  4.943959593906302e-01   1.299384786730817e-01  -5.010000000000000e-02
  4.944110308203784e-01   1.299806573083457e-01  -5.010000000000000e-02
  4.944263290181254e-01   1.300232132966319e-01  -5.010000000000000e-02
  4.944427554648477e-01   1.300658146067342e-01  -5.010000000000000e-02
  4.944593394538023e-01   1.301088244960992e-01  -5.010000000000000e-02
  4.944760819037449e-01   1.301522453474822e-01  -5.010000000000000e-02
  4.944930050303594e-01   1.301960710080251e-01  -5.010000000000000e-02
  4.945111395680459e-01   1.302398922559052e-01  -5.010000000000000e-02
  4.945294454024904e-01   1.302841274342545e-01  -5.010000000000000e-02
  4.945479234729630e-01   1.303287788127741e-01  -5.010000000000001e-02
  4.945667989382241e-01   1.303737526953574e-01  -5.010000000000000e-02
  4.945867038640623e-01   1.304187812526730e-01  -5.010000000000001e-02
  4.946067938155992e-01   1.304642283717228e-01  -5.010000000000000e-02
  4.946270697396569e-01   1.305100961943905e-01  -5.009999999999999e-02
  4.946481963557111e-01   1.305560840904600e-01  -5.010000000000000e-02
  4.946699325240824e-01   1.306023045438177e-01  -5.010000000000000e-02
  4.946918673482962e-01   1.306489474250361e-01  -5.010000000000000e-02
  4.947142356460202e-01   1.306959014578165e-01  -5.010000000000000e-02
  4.947376527585560e-01   1.307428710241400e-01  -5.009999999999999e-02
  4.947612810605988e-01   1.307902641900657e-01  -5.010000000000000e-02
  4.947851214880280e-01   1.308380828327617e-01  -5.010000000000000e-02
  4.948102413218855e-01   1.308857821530565e-01  -5.010000000000001e-02
  4.948355928446987e-01   1.309339015002391e-01  -5.009999999999999e-02
  4.948611687891790e-01   1.309824468188395e-01  -5.010000000000000e-02
  4.948879623372594e-01   1.310308829823036e-01  -5.010000000000001e-02
  4.949150724407581e-01   1.310796996131719e-01  -5.010000000000000e-02
  4.949424190487927e-01   1.311289421131129e-01  -5.010000000000000e-02
  4.949710626229890e-01   1.311780086082598e-01  -5.010000000000000e-02
  4.949999561236831e-01   1.312274974019717e-01  -5.010000000000000e-02
  4.950293073906515e-01   1.312772860943225e-01  -5.010000000000000e-02
  4.950597538915962e-01   1.313269953486060e-01  -5.010000000000000e-02
  4.950904592516045e-01   1.313771272357249e-01  -5.010000000000000e-02
  4.951219638379727e-01   1.314273448672264e-01  -5.010000000000000e-02
  4.951542370999991e-01   1.314776691444446e-01  -5.010000000000000e-02
  4.951867803108899e-01   1.315284143577766e-01  -5.010000000000001e-02
  4.952205675526458e-01   1.315789434244694e-01  -5.010000000000000e-02
  4.952546926912312e-01   1.316298520810839e-01  -5.010000000000000e-02
  4.952895714697493e-01   1.316808554625042e-01  -5.010000000000000e-02
  4.953252780203221e-01   1.317319042468341e-01  -5.010000000000000e-02
  4.953613543133544e-01   1.317833111291185e-01  -5.010000000000000e-02
  4.953986440819217e-01   1.318344749549821e-01  -5.010000000000000e-02
  4.954362332816388e-01   1.318860496185577e-01  -5.010000000000000e-02
  4.954748887877550e-01   1.319374660461995e-01  -5.010000000000001e-02
  4.955140739683489e-01   1.319891243447074e-01  -5.010000000000000e-02
  4.955540945697159e-01   1.320407825073382e-01  -5.010000000000000e-02
  4.955948667259803e-01   1.320925063028946e-01  -5.010000000000000e-02
  4.956363258543796e-01   1.321443354244650e-01  -5.010000000000000e-02
  4.956786890552347e-01   1.321960962303770e-01  -5.010000000000000e-02
  4.957216534091311e-01   1.322480243233537e-01  -5.010000000000000e-02
  4.957656039502897e-01   1.322997993182523e-01  -5.010000000000001e-02
  4.958101270568750e-01   1.323517591263533e-01  -5.010000000000000e-02
  4.958556575456446e-01   1.324035283983949e-01  -5.010000000000000e-02
  4.959017855805285e-01   1.324554535637831e-01  -5.009999999999999e-02
  4.959488970132264e-01   1.325071894634342e-01  -5.009999999999999e-02
  4.959966724988139e-01   1.325590120170514e-01  -5.010000000000000e-02
  4.960453557974595e-01   1.326106953920036e-01  -5.010000000000000e-02
  4.960948073258636e-01   1.326623556140140e-01  -5.010000000000000e-02
  4.961450528535250e-01   1.327139676975843e-01  -5.010000000000000e-02
  4.961962059670795e-01   1.327654049884622e-01  -5.010000000000000e-02
  4.962480087898700e-01   1.328169220721264e-01  -5.010000000000000e-02
  4.963008849081761e-01   1.328680763129350e-01  -5.010000000000000e-02
  4.963543327250921e-01   1.329193761932932e-01  -5.010000000000000e-02
  4.964088543304882e-01   1.329702879073918e-01  -5.010000000000001e-02
  4.964640634641751e-01   1.330212072404538e-01  -5.010000000000000e-02
  4.965201043041085e-01   1.330719761741936e-01  -5.010000000000000e-02
  4.965770764032931e-01   1.331224666223559e-01  -5.010000000000000e-02
  4.966346963181610e-01   1.331729925106987e-01  -5.010000000000000e-02
  4.966933712458705e-01   1.332230751344138e-01  -5.010000000000000e-02
  4.967527664679405e-01   1.332730875265611e-01  -5.010000000000000e-02
  4.968129274423970e-01   1.333229735767788e-01  -5.009999999999999e-02
  4.968740919463888e-01   1.333724270454459e-01  -5.010000000000000e-02
  4.969359443114799e-01   1.334218241137014e-01  -5.010000000000000e-02
  4.969986432046705e-01   1.334709596260097e-01  -5.010000000000000e-02
  4.970622529399127e-01   1.335197314270528e-01  -5.010000000000000e-02
  4.971265702171220e-01   1.335683933828721e-01  -5.010000000000000e-02
  4.971917416173219e-01   1.336167422477735e-01  -5.010000000000000e-02
  4.972577952870806e-01   1.336647194256377e-01  -5.010000000000000e-02
  4.973245676141192e-01   1.337125379526292e-01  -5.010000000000000e-02
  4.973921510252856e-01   1.337600591527768e-01  -5.010000000000000e-02
  4.974606282961021e-01   1.338071442019506e-01  -5.010000000000000e-02
  4.975298241324133e-01   1.338540323436667e-01  -5.010000000000000e-02
  4.975997456923270e-01   1.339007051839982e-01  -5.010000000000000e-02
  4.976706065633562e-01   1.339468213278437e-01  -5.010000000000000e-02
  4.977421823230584e-01   1.339927038398234e-01  -5.010000000000000e-02
  4.978144754459225e-01   1.340383392567175e-01  -5.010000000000000e-02
  4.978875705175384e-01   1.340835785508923e-01  -5.010000000000000e-02
  4.979614709123471e-01   1.341283941221891e-01  -5.010000000000000e-02
  4.980360738151382e-01   1.341729388413565e-01  -5.010000000000000e-02
  4.981113796688880e-01   1.342171999304604e-01  -5.010000000000000e-02
  4.981874860473552e-01   1.342609925700816e-01  -5.010000000000000e-02
  4.982643283188033e-01   1.343044064179626e-01  -5.010000000000000e-02
  4.983418506954784e-01   1.343475242327075e-01  -5.010000000000001e-02
  4.984200508497332e-01   1.343903361129635e-01  -5.010000000000000e-02
  4.984990086793802e-01   1.344326764795977e-01  -5.010000000000000e-02
  4.985786696500608e-01   1.344746237530992e-01  -5.010000000000000e-02
  4.986589822089623e-01   1.345162581652255e-01  -5.010000000000000e-02
  4.987399421893138e-01   1.345575720401397e-01  -5.010000000000000e-02
  4.988215814799307e-01   1.345984843520663e-01  -5.010000000000000e-02
  4.989039168733593e-01   1.346389379068194e-01  -5.010000000000000e-02
  4.989868733328871e-01   1.346790643155343e-01  -5.010000000000000e-02
  4.990704425025745e-01   1.347188636808272e-01  -5.010000000000000e-02
  4.991546148117310e-01   1.347583382586925e-01  -5.010000000000000e-02
  4.992394585715165e-01   1.347973192571212e-01  -5.009999999999999e-02
  4.993248954210498e-01   1.348359528476157e-01  -5.010000000000000e-02
  4.994109062313348e-01   1.348742620182097e-01  -5.010000000000000e-02
  4.994974838707302e-01   1.349122437380183e-01  -5.010000000000000e-02
  4.995846325334435e-01   1.349498680498276e-01  -5.010000000000000e-02
  4.996723859431040e-01   1.349870318233528e-01  -5.010000000000000e-02
  4.997606721285998e-01   1.350238809209634e-01  -5.010000000000000e-02
  4.998494827230433e-01   1.350604151094814e-01  -5.010000000000001e-02
  4.999388088589145e-01   1.350966352180240e-01  -5.010000000000000e-02
  5.000286650239116e-01   1.351324827237428e-01  -5.010000000000000e-02
  5.001190540290348e-01   1.351679245897171e-01  -5.010000000000000e-02
  5.002099248521121e-01   1.352030667929029e-01  -5.010000000000000e-02
  5.003012675853424e-01   1.352379129966362e-01  -5.010000000000000e-02
  5.003930732619325e-01   1.352724643081994e-01  -5.010000000000000e-02
  5.004853682978157e-01   1.353066254065198e-01  -5.010000000000000e-02
  5.005781235463203e-01   1.353404479372980e-01  -5.010000000000000e-02
  5.006713084531862e-01   1.353739911184383e-01  -5.010000000000000e-02
  5.007649148651514e-01   1.354072538271986e-01  -5.010000000000000e-02
  5.008589351146626e-01   1.354402334658457e-01  -5.010000000000000e-02
  5.009533943542990e-01   1.354728308251510e-01  -5.010000000000001e-02
  5.010482493414971e-01   1.355051429835193e-01  -5.010000000000000e-02
  5.011434838544073e-01   1.355371920501083e-01  -5.010000000000000e-02
  5.012390875544980e-01   1.355689831625975e-01  -5.010000000000000e-02
  5.013350604853425e-01   1.356004895461984e-01  -5.010000000000000e-02
  5.014314144027646e-01   1.356316459320203e-01  -5.009999999999999e-02
  5.015281065822049e-01   1.356625554645352e-01  -5.010000000000000e-02
  5.016251268805730e-01   1.356932228211754e-01  -5.010000000000001e-02
  5.017224651671165e-01   1.357236525510126e-01  -5.010000000000000e-02
  5.018201399198581e-01   1.357537556655820e-01  -5.010000000000000e-02
  5.019181208013546e-01   1.357835995388152e-01  -5.010000000000000e-02
  5.020163887829288e-01   1.358132174751552e-01  -5.009999999999999e-02
  5.021149347000419e-01   1.358426108350179e-01  -5.010000000000000e-02
  5.022137650955155e-01   1.358717272247625e-01  -5.009999999999999e-02
  5.023128720493024e-01   1.359005610409917e-01  -5.010000000000001e-02
  5.024122265700928e-01   1.359291803465497e-01  -5.010000000000000e-02
  5.025118197975793e-01   1.359575852700286e-01  -5.010000000000001e-02
  5.026116508795542e-01   1.359857472192928e-01  -5.010000000000000e-02
  5.027117238578788e-01   1.360136179564236e-01  -5.010000000000000e-02
  5.028120048565902e-01   1.360412855478184e-01  -5.010000000000000e-02
  5.029124848920197e-01   1.360687503612441e-01  -5.010000000000000e-02
  5.030131617656941e-01   1.360959874117509e-01  -5.010000000000000e-02
  5.031140420921856e-01   1.361229368703987e-01  -5.010000000000000e-02
  5.032150928133408e-01   1.361496872563252e-01  -5.010000000000000e-02
  5.033163046384326e-01   1.361762399034978e-01  -5.009999999999999e-02
  5.034176782197164e-01   1.362025574770898e-01  -5.010000000000000e-02
  5.035192132729938e-01   1.362286041395746e-01  -5.010000000000000e-02
  5.036208802057127e-01   1.362544588351023e-01  -5.010000000000000e-02
  5.037226697853366e-01   1.362801226235382e-01  -5.010000000000000e-02
  5.038245901575598e-01   1.363055263090609e-01  -5.010000000000000e-02
  5.039266275795896e-01   1.363306865205026e-01  -5.010000000000000e-02
  5.040287593554682e-01   1.363556580607946e-01  -5.010000000000000e-02
  5.041309758773455e-01   1.363804435401008e-01  -5.010000000000000e-02
  5.042332994538752e-01   1.364049114422024e-01  -5.010000000000000e-02
  5.043356899731051e-01   1.364291893894251e-01  -5.010000000000000e-02
  5.044381378586481e-01   1.364532800114996e-01  -5.010000000000000e-02
  5.045406488593018e-01   1.364771197790934e-01  -5.010000000000000e-02
  5.046432155740627e-01   1.365006993654693e-01  -5.010000000000000e-02
  5.047458129799024e-01   1.365240875809868e-01  -5.010000000000000e-02
  5.048484349190221e-01   1.365472722776293e-01  -5.010000000000000e-02
  5.049510972035095e-01   1.365701412425708e-01  -5.010000000000000e-02
  5.050537626474351e-01   1.365928190438566e-01  -5.010000000000001e-02
  5.051564223000250e-01   1.366153063441174e-01  -5.010000000000000e-02
  5.052590924927684e-01   1.366374860879004e-01  -5.010000000000000e-02
  5.053617463285258e-01   1.366594389018486e-01  -5.010000000000000e-02
  5.054643682769434e-01   1.366811961652932e-01  -5.010000000000000e-02
  5.055669684661901e-01   1.367026672914775e-01  -5.010000000000001e-02
  5.056695318260440e-01   1.367238793366991e-01  -5.010000000000000e-02
  5.057720364030764e-01   1.367448957418913e-01  -5.010000000000000e-02
  5.058744893334817e-01   1.367656384492776e-01  -5.010000000000000e-02
  5.059768838246652e-01   1.367860949206938e-01  -5.010000000000000e-02
  5.060791936639386e-01   1.368063523323080e-01  -5.010000000000000e-02
  5.061814255882441e-01   1.368263326647627e-01  -5.010000000000000e-02
  5.062835747392273e-01   1.368460134879409e-01  -5.010000000000000e-02
  5.063856134740691e-01   1.368654932524391e-01  -5.010000000000000e-02
  5.064875506738011e-01   1.368846804258991e-01  -5.009999999999999e-02
  5.065893781016274e-01   1.369035702935323e-01  -5.010000000000000e-02
  5.066910698410465e-01   1.369222569790288e-01  -5.010000000000000e-02
  5.067926402524335e-01   1.369406158130472e-01  -5.010000000000000e-02
  5.068940714949721e-01   1.369586956852471e-01  -5.010000000000000e-02
  5.069953418172131e-01   1.369765730645109e-01  -5.009999999999999e-02
  5.070964737291860e-01   1.369940716182312e-01  -5.010000000000000e-02
  5.071974349296489e-01   1.370113267942796e-01  -5.010000000000001e-02
  5.072982122152223e-01   1.370283706653873e-01  -5.010000000000000e-02
  5.073988326298256e-01   1.370449914572046e-01  -5.010000000000000e-02
  5.074992511971156e-01   1.370614092979963e-01  -5.010000000000000e-02
  5.075994735576295e-01   1.370775432949381e-01  -5.010000000000000e-02
  5.076995044356308e-01   1.370933105591308e-01  -5.010000000000000e-02
  5.077993099497143e-01   1.371088762110977e-01  -5.010000000000000e-02
  5.078989098602291e-01   1.371240630376019e-01  -5.010000000000001e-02
  5.079982797423668e-01   1.371389761516898e-01  -5.010000000000001e-02
  5.080974053702105e-01   1.371536630157720e-01  -5.010000000000000e-02
  5.081963106063304e-01   1.371679064804363e-01  -5.010000000000000e-02
  5.082949518265283e-01   1.371819543657576e-01  -5.010000000000000e-02
  5.083933449581979e-01   1.371956446833003e-01  -5.010000000000001e-02
  5.084914760119601e-01   1.372090198848299e-01  -5.010000000000000e-02
  5.085893241483246e-01   1.372221837128155e-01  -5.010000000000000e-02
  5.086869163698313e-01   1.372348762806590e-01  -5.010000000000000e-02
  5.087842078050171e-01   1.372473840212293e-01  -5.010000000000000e-02
  5.088812173130517e-01   1.372595080059071e-01  -5.010000000000000e-02
  5.089779266412740e-01   1.372713325425711e-01  -5.010000000000001e-02
  5.090743234766086e-01   1.372829078447615e-01  -5.009999999999999e-02
  5.091704231327724e-01   1.372940433075326e-01  -5.010000000000000e-02
  5.092661874355459e-01   1.373050108313740e-01  -5.010000000000000e-02
  5.093616438413832e-01   1.373155108642599e-01  -5.009999999999999e-02
  5.094567570695316e-01   1.373257979294592e-01  -5.010000000000000e-02
  5.095515365670651e-01   1.373357314735927e-01  -5.009999999999999e-02
  5.096459730011778e-01   1.373453323906627e-01  -5.010000000000000e-02
  5.097400516602406e-01   1.373546914704729e-01  -5.010000000000000e-02
  5.098337852863519e-01   1.373636107636956e-01  -5.010000000000000e-02
  5.099271392720289e-01   1.373723935496317e-01  -5.010000000000000e-02
  5.100201446490621e-01   1.373806386485379e-01  -5.010000000000000e-02
  5.101127589051875e-01   1.373887505236047e-01  -5.009999999999999e-02
  5.102050041654014e-01   1.373964144623780e-01  -5.010000000000000e-02
  5.102968549034862e-01   1.374038598416602e-01  -5.009999999999999e-02
  5.103883184505696e-01   1.374109369609554e-01  -5.010000000000000e-02
  5.104793825606107e-01   1.374177230660126e-01  -5.010000000000000e-02
  5.105700427430816e-01   1.374242185851399e-01  -5.010000000000000e-02
  5.106602978022010e-01   1.374303557035451e-01  -5.010000000000001e-02
  5.107501344967780e-01   1.374362654579609e-01  -5.010000000000000e-02
  5.108395591991911e-01   1.374417619942537e-01  -5.010000000000000e-02
  5.109285527389718e-01   1.374470866165017e-01  -5.010000000000000e-02
  5.110171264948220e-01   1.374519549950528e-01  -5.010000000000000e-02
  5.111052579700809e-01   1.374566963429457e-01  -5.010000000000000e-02
  5.111929611503291e-01   1.374609501518427e-01  -5.010000000000000e-02
  5.112802124802858e-01   1.374651102985059e-01  -5.010000000000000e-02
  5.113670264440452e-01   1.374687643209590e-01  -5.010000000000000e-02
  5.114533803608747e-01   1.374723458891620e-01  -5.010000000000000e-02
  5.115392876332614e-01   1.374754118127409e-01  -5.010000000000000e-02
  5.116247278551097e-01   1.374784131908894e-01  -5.010000000000000e-02
  5.117097115498606e-01   1.374809169220903e-01  -5.010000000000000e-02
  5.117942221013179e-01   1.374833517647068e-01  -5.010000000000000e-02
  5.118782669285393e-01   1.374853038784376e-01  -5.010000000000000e-02
  5.119618332963889e-01   1.374871663773111e-01  -5.010000000000000e-02
  5.120449246924307e-01   1.374885934426713e-01  -5.010000000000000e-02
  5.121275326822404e-01   1.374898980299455e-01  -5.010000000000000e-02
  5.122096573741219e-01   1.374908218768998e-01  -5.009999999999999e-02
  5.122912939009373e-01   1.374915733782111e-01  -5.010000000000000e-02
  5.123724398018943e-01   1.374920131180547e-01  -5.010000000000000e-02
  5.124530926095553e-01   1.374922123179817e-01  -5.010000000000000e-02
  5.125332487791591e-01   1.374921914319900e-01  -5.010000000000000e-02
  5.126129063739005e-01   1.374918488285030e-01  -5.010000000000000e-02
  5.126920630705302e-01   1.374913943059684e-01  -5.010000000000000e-02
  5.127707148631964e-01   1.374905206473495e-01  -5.010000000000000e-02
  5.128488634864042e-01   1.374896525779019e-01  -5.010000000000000e-02
  5.129264998106456e-01   1.374882617786712e-01  -5.010000000000000e-02
  5.130036301315997e-01   1.374868725596707e-01  -5.010000000000000e-02
  5.130802451426157e-01   1.374851112986139e-01  -5.010000000000001e-02
  5.131563488235739e-01   1.374832167454052e-01  -5.010000000000001e-02
  5.132319368155223e-01   1.374811082674999e-01  -5.010000000000000e-02
  5.133070059172770e-01   1.374787067069340e-01  -5.010000000000000e-02
  5.133815625258121e-01   1.374762778654247e-01  -5.010000000000000e-02
  5.134555905372874e-01   1.374733896050236e-01  -5.010000000000000e-02
  5.135291063030496e-01   1.374705213302872e-01  -5.010000000000000e-02
  5.136020938885064e-01   1.374673121054487e-01  -5.010000000000000e-02
  5.136745617767347e-01   1.374639727614127e-01  -5.010000000000000e-02
  5.137465090129448e-01   1.374605142068592e-01  -5.010000000000001e-02
  5.138179238980454e-01   1.374567072528796e-01  -5.010000000000000e-02
  5.138888248835490e-01   1.374529276936387e-01  -5.010000000000000e-02
  5.139591888900696e-01   1.374487722183553e-01  -5.009999999999999e-02
  5.140290334062515e-01   1.374445491906652e-01  -5.009999999999999e-02
  5.140983550784598e-01   1.374402168344462e-01  -5.010000000000000e-02
  5.141671403784467e-01   1.374355622194216e-01  -5.010000000000000e-02
  5.142354123712482e-01   1.374309423392508e-01  -5.010000000000000e-02
  5.143031464124981e-01   1.374260078082031e-01  -5.010000000000000e-02
  5.143703578349266e-01   1.374209686655150e-01  -5.010000000000000e-02
  5.144370541538330e-01   1.374159282982806e-01  -5.010000000000000e-02
  5.145032046504613e-01   1.374104894239259e-01  -5.010000000000000e-02
  5.145688445264344e-01   1.374050925326510e-01  -5.010000000000000e-02
  5.146339581215775e-01   1.373995477468449e-01  -5.009999999999999e-02
  5.146985379573226e-01   1.373937595694092e-01  -5.010000000000000e-02
  5.147626096574403e-01   1.373880169352788e-01  -5.010000000000000e-02
  5.148261462807702e-01   1.373820216869476e-01  -5.010000000000000e-02
  5.148891618995739e-01   1.373759146661046e-01  -5.010000000000000e-02
  5.149516725065999e-01   1.373698565873733e-01  -5.010000000000000e-02
  5.150136412057995e-01   1.373634699952411e-01  -5.010000000000001e-02
  5.150751000814666e-01   1.373570626027109e-01  -5.010000000000000e-02
  5.151360576790368e-01   1.373507074709080e-01  -5.010000000000000e-02
  5.151964700059405e-01   1.373439853017549e-01  -5.010000000000001e-02
  5.152563819160401e-01   1.373372994749995e-01  -5.010000000000000e-02
  5.153157968413007e-01   1.373306690197353e-01  -5.010000000000000e-02
  5.153746667203620e-01   1.373236645773883e-01  -5.010000000000000e-02
  5.154330429348483e-01   1.373167188721257e-01  -5.010000000000000e-02
  5.154909270133614e-01   1.373098317220718e-01  -5.010000000000000e-02
  5.155482711366110e-01   1.373026002347877e-01  -5.010000000000000e-02
  5.156051249661983e-01   1.372954157273819e-01  -5.009999999999999e-02
  5.156614919941114e-01   1.372882927361529e-01  -5.010000000000000e-02
  5.157173297253065e-01   1.372808909263642e-01  -5.010000000000001e-02
  5.157726764395229e-01   1.372734907651164e-01  -5.010000000000000e-02
  5.158275421421319e-01   1.372661549177761e-01  -5.010000000000000e-02
  5.158818945018806e-01   1.372586342027506e-01  -5.009999999999999e-02
  5.159357502130831e-01   1.372510359362978e-01  -5.010000000000000e-02
  5.159891311278766e-01   1.372435046567911e-01  -5.010000000000001e-02
  5.160420216281016e-01   1.372359183639629e-01  -5.010000000000000e-02
  5.160944049153347e-01   1.372281466168911e-01  -5.010000000000000e-02
  5.161463200013153e-01   1.372204443336101e-01  -5.010000000000000e-02
  5.161977689988821e-01   1.372128112006528e-01  -5.010000000000000e-02
  5.162487032975347e-01   1.372049130588707e-01  -5.010000000000000e-02
  5.162991712476506e-01   1.371970532029470e-01  -5.010000000000000e-02
  5.163491801676738e-01   1.371892648361640e-01  -5.010000000000000e-02
  5.163987112354236e-01   1.371814153669733e-01  -5.010000000000000e-02
  5.164477537509012e-01   1.371734229669400e-01  -5.010000000000000e-02
  5.164963445915367e-01   1.371655041758149e-01  -5.009999999999999e-02
  5.165444860985621e-01   1.371576586120503e-01  -5.010000000000000e-02
  5.165921398875807e-01   1.371496412623745e-01  -5.010000000000000e-02
  5.166393342683352e-01   1.371416072718655e-01  -5.010000000000000e-02
  5.166860870278981e-01   1.371336484593841e-01  -5.010000000000001e-02
  5.167324006133588e-01   1.371257644083578e-01  -5.010000000000000e-02
  5.167782250139795e-01   1.371176527990174e-01  -5.010000000000000e-02
  5.168236123451806e-01   1.371095986423719e-01  -5.010000000000000e-02
  5.168685685122333e-01   1.371016209974643e-01  -5.010000000000000e-02
  5.169130957608465e-01   1.370937178113361e-01  -5.010000000000000e-02
  5.169571418938196e-01   1.370855861794272e-01  -5.010000000000000e-02
  5.170007650620452e-01   1.370775326336840e-01  -5.010000000000000e-02
  5.170439678565859e-01   1.370695566957542e-01  -5.010000000000000e-02
  5.170867528860487e-01   1.370616578840466e-01  -5.010000000000000e-02
  5.171290726616479e-01   1.370535694241240e-01  -5.010000000000000e-02
  5.171709754918196e-01   1.370455334909526e-01  -5.010000000000000e-02
  5.172124690117381e-01   1.370375760534299e-01  -5.009999999999999e-02
  5.172535558875775e-01   1.370296966002494e-01  -5.010000000000000e-02
  5.172942047341012e-01   1.370217201717807e-01  -5.010000000000000e-02
  5.173344333797658e-01   1.370137237696333e-01  -5.009999999999999e-02
  5.173742639790000e-01   1.370058064887011e-01  -5.010000000000000e-02
  5.174136992414761e-01   1.369979677903722e-01  -5.010000000000001e-02
  5.174527328523325e-01   1.369901624747068e-01  -5.010000000000000e-02
  5.174913327565186e-01   1.369822180531063e-01  -5.010000000000000e-02
  5.175295460373528e-01   1.369743532042139e-01  -5.010000000000000e-02
  5.175673754348400e-01   1.369665673640968e-01  -5.009999999999999e-02
  5.176048236955897e-01   1.369588599674627e-01  -5.010000000000000e-02
  5.176418686962976e-01   1.369511115811414e-01  -5.010000000000000e-02
  5.176785120337732e-01   1.369433160906703e-01  -5.010000000000000e-02
  5.177147830240544e-01   1.369355998132080e-01  -5.010000000000000e-02
  5.177506844291516e-01   1.369279621611650e-01  -5.010000000000000e-02
  5.177862190141594e-01   1.369204025462963e-01  -5.010000000000000e-02
  5.178213617887006e-01   1.369127919758390e-01  -5.010000000000001e-02
  5.178561216263325e-01   1.369051580980634e-01  -5.009999999999999e-02
  5.178905234600519e-01   1.368976028443062e-01  -5.010000000000000e-02
  5.179245700569093e-01   1.368901256068738e-01  -5.010000000000000e-02
  5.179582641838878e-01   1.368827257780877e-01  -5.010000000000000e-02
  5.179915914810673e-01   1.368753259553599e-01  -5.010000000000000e-02
  5.180245413720681e-01   1.368678657074902e-01  -5.010000000000001e-02
  5.180571475843486e-01   1.368604832725771e-01  -5.010000000000000e-02
  5.180894128749018e-01   1.368531780264046e-01  -5.010000000000000e-02
  5.181213399978568e-01   1.368459493454052e-01  -5.010000000000000e-02
  5.181529317039597e-01   1.368387966067770e-01  -5.010000000000000e-02
  5.181841519869964e-01   1.368315505221131e-01  -5.010000000000000e-02
  5.182150358756630e-01   1.368243509910379e-01  -5.010000000000000e-02
  5.182455930527961e-01   1.368172276216748e-01  -5.010000000000000e-02
  5.182758262466888e-01   1.368101797780147e-01  -5.009999999999999e-02
  5.183057381798597e-01   1.368032068253950e-01  -5.010000000000001e-02
  5.183353315686118e-01   1.367963081306016e-01  -5.010000000000000e-02
  5.183645661706738e-01   1.367893013930815e-01  -5.010000000000000e-02
  5.183934876107903e-01   1.367823675257398e-01  -5.009999999999999e-02
  5.184220990745447e-01   1.367755079747172e-01  -5.010000000000000e-02
  5.184504032452189e-01   1.367687220967014e-01  -5.010000000000001e-02
  5.184784027978643e-01   1.367620092503532e-01  -5.010000000000000e-02
  5.185061003989337e-01   1.367553687963949e-01  -5.010000000000000e-02
  5.185334692263868e-01   1.367486787780319e-01  -5.010000000000000e-02
  5.185605305651388e-01   1.367420152576799e-01  -5.010000000000000e-02
  5.185872983339797e-01   1.367354240252919e-01  -5.010000000000000e-02
  5.186137751575817e-01   1.367289044345745e-01  -5.010000000000000e-02
  5.186399636503520e-01   1.367224558417624e-01  -5.010000000000000e-02
  5.186658664161289e-01   1.367160776056925e-01  -5.010000000000000e-02
  5.186914860478873e-01   1.367097690878769e-01  -5.010000000000000e-02
  5.187167872376356e-01   1.367033777632010e-01  -5.010000000000000e-02
  5.187418104444859e-01   1.366970548836168e-01  -5.009999999999999e-02
  5.187665586447089e-01   1.366908014928795e-01  -5.010000000000000e-02
  5.187910343812452e-01   1.366846169484373e-01  -5.010000000000000e-02
  5.188152401848730e-01   1.366785006108114e-01  -5.010000000000000e-02
  5.188391785739737e-01   1.366724518436559e-01  -5.010000000000000e-02
  5.188628520543057e-01   1.366664700138139e-01  -5.010000000000000e-02
  5.188862383846296e-01   1.366604578083280e-01  -5.010000000000001e-02
  5.189093545295406e-01   1.366544712197329e-01  -5.009999999999999e-02
  5.189322135941638e-01   1.366485512094503e-01  -5.009999999999999e-02
  5.189548180279826e-01   1.366426971431162e-01  -5.010000000000000e-02
  5.189771702668825e-01   1.366369083898882e-01  -5.010000000000000e-02
  5.189992727329766e-01   1.366311843224906e-01  -5.010000000000000e-02
  5.190211278344405e-01   1.366255243172574e-01  -5.010000000000000e-02
  5.190427379653535e-01   1.366199277541730e-01  -5.010000000000000e-02
  5.190640812562366e-01   1.366143014858737e-01  -5.009999999999999e-02
  5.190851765724500e-01   1.366087078604886e-01  -5.009999999999999e-02
  5.191060343745851e-01   1.366031772142389e-01  -5.010000000000000e-02
  5.191266569953701e-01   1.365977089285795e-01  -5.010000000000000e-02
  5.191470467527808e-01   1.365923023888768e-01  -5.010000000000000e-02
  5.191672059499274e-01   1.365869569844390e-01  -5.010000000000000e-02
  5.191871368749464e-01   1.365816721085449e-01  -5.010000000000000e-02
  5.192068418009004e-01   1.365764471584700e-01  -5.010000000000000e-02
  5.192263229856829e-01   1.365712815355123e-01  -5.010000000000000e-02
  5.192455531413011e-01   1.365660645505993e-01  -5.009999999999999e-02
  5.192645642984131e-01   1.365609067243342e-01  -5.010000000000000e-02
  5.192833587297103e-01   1.365558076969150e-01  -5.009999999999999e-02
  5.193019386282171e-01   1.365507668733630e-01  -5.010000000000000e-02
  5.193203061714317e-01   1.365457836629114e-01  -5.010000000000000e-02
  5.193384635212694e-01   1.365408574790212e-01  -5.009999999999999e-02
  5.193564128240082e-01   1.365359877393962e-01  -5.010000000000000e-02
  5.193741562102412e-01   1.365311738659951e-01  -5.010000000000000e-02
  5.193916957948341e-01   1.365264152850439e-01  -5.010000000000000e-02
  5.194090271803554e-01   1.365216877396073e-01  -5.010000000000000e-02
  5.194261396038404e-01   1.365169438248423e-01  -5.010000000000000e-02
  5.194430547734136e-01   1.365122545929074e-01  -5.010000000000000e-02
  5.194597747376093e-01   1.365076194759068e-01  -5.010000000000000e-02
  5.194763015291185e-01   1.365030379103368e-01  -5.010000000000000e-02
  5.194926371647736e-01   1.364985093370902e-01  -5.010000000000000e-02
  5.195087836455392e-01   1.364940332014585e-01  -5.010000000000000e-02
  5.195247429565065e-01   1.364896089531338e-01  -5.010000000000000e-02
  5.195405170668909e-01   1.364852360462091e-01  -5.010000000000000e-02
  5.195561079300348e-01   1.364809139391778e-01  -5.010000000000000e-02
  5.195715174834138e-01   1.364766420949320e-01  -5.010000000000000e-02
  5.195867421601403e-01   1.364724003913447e-01  -5.010000000000000e-02
  5.196017717197031e-01   1.364681449479248e-01  -5.010000000000000e-02
  5.196166259565797e-01   1.364639391450661e-01  -5.010000000000000e-02
  5.196313067420332e-01   1.364597824529424e-01  -5.009999999999999e-02
  5.196458159315682e-01   1.364556743461894e-01  -5.009999999999999e-02
  5.196601553649585e-01   1.364516143038966e-01  -5.010000000000000e-02
  5.196743268662760e-01   1.364476018095996e-01  -5.010000000000000e-02
  5.196883322439252e-01   1.364436363512699e-01  -5.010000000000000e-02
  5.197021732906775e-01   1.364397174213052e-01  -5.010000000000000e-02
  5.197158517837115e-01   1.364358445165183e-01  -5.010000000000000e-02
  5.197293694846534e-01   1.364320171381253e-01  -5.009999999999999e-02
  5.197427281396219e-01   1.364282347917334e-01  -5.010000000000000e-02
  5.197559294792742e-01   1.364244969873272e-01  -5.010000000000000e-02
  5.197689644209111e-01   1.364207654793141e-01  -5.010000000000000e-02
  5.197818370076479e-01   1.364170479805648e-01  -5.009999999999999e-02
  5.197945576060965e-01   1.364133743748018e-01  -5.009999999999999e-02
  5.198071278830917e-01   1.364097441806564e-01  -5.010000000000001e-02
  5.198195494902992e-01   1.364061569211411e-01  -5.009999999999999e-02
  5.198318240642749e-01   1.364026121236318e-01  -5.010000000000000e-02
  5.198439532265275e-01   1.363991093198498e-01  -5.010000000000000e-02
  5.198559385835829e-01   1.363956480458438e-01  -5.010000000000000e-02
  5.198677817270490e-01   1.363922278419700e-01  -5.010000000000000e-02
  5.198794842336842e-01   1.363888482528735e-01  -5.010000000000000e-02
  5.198910476654668e-01   1.363855088274675e-01  -5.010000000000000e-02
  5.199024735696651e-01   1.363822091189135e-01  -5.010000000000000e-02
  5.199137634789111e-01   1.363789486845999e-01  -5.010000000000000e-02
  5.199249189112734e-01   1.363757270861207e-01  -5.010000000000000e-02
  5.199359413703332e-01   1.363725438892539e-01  -5.010000000000000e-02
  5.199468208479756e-01   1.363693593086342e-01  -5.010000000000000e-02
  5.199575624140902e-01   1.363661852242328e-01  -5.010000000000000e-02
  5.199681756632381e-01   1.363630490569170e-01  -5.010000000000001e-02
  5.199786620392232e-01   1.363599503800493e-01  -5.010000000000000e-02
  5.199890229717835e-01   1.363568887711486e-01  -5.010000000000000e-02
  5.199992598766738e-01   1.363538638118657e-01  -5.009999999999999e-02
  5.200093741557487e-01   1.363508750879589e-01  -5.010000000000000e-02
  5.200193671970477e-01   1.363479221892688e-01  -5.010000000000000e-02
  5.200292403748803e-01   1.363450047096930e-01  -5.010000000000000e-02
  5.200389950499128e-01   1.363421222471609e-01  -5.010000000000000e-02
  5.200486325692543e-01   1.363392744036077e-01  -5.010000000000000e-02
  5.200581542665455e-01   1.363364607849487e-01  -5.010000000000000e-02
  5.200675614620468e-01   1.363336810010528e-01  -5.010000000000001e-02
  5.200768554627279e-01   1.363309346657164e-01  -5.010000000000000e-02
  5.200860375623571e-01   1.363282213966368e-01  -5.010000000000000e-02
  5.200951090415921e-01   1.363255408153854e-01  -5.010000000000000e-02
  5.201040711680707e-01   1.363228925473809e-01  -5.010000000000000e-02
  5.201129251965027e-01   1.363202762218622e-01  -5.010000000000000e-02
  5.201216565117139e-01   1.363176392046848e-01  -5.010000000000000e-02
  5.201302601783795e-01   1.363149608136922e-01  -5.010000000000000e-02
  5.201387598921424e-01   1.363123147840786e-01  -5.010000000000000e-02
  5.201471568516451e-01   1.363097007426971e-01  -5.010000000000000e-02
  5.201554506219728e-01   1.363071133726928e-01  -5.010000000000000e-02
  5.201635662914087e-01   1.363043201032287e-01  -5.010000000000000e-02
  5.201715836889974e-01   1.363015606571913e-01  -5.010000000000000e-02
  5.201795039531729e-01   1.362988346427517e-01  -5.009999999999999e-02
  5.201873282104497e-01   1.362961416721837e-01  -5.010000000000000e-02
  5.201950258066250e-01   1.362933934335909e-01  -5.010000000000000e-02
  5.202025778171487e-01   1.362905341162970e-01  -5.010000000000000e-02
  5.202100381442365e-01   1.362877095118829e-01  -5.010000000000000e-02
  5.202174078558393e-01   1.362849192160046e-01  -5.010000000000000e-02
  5.202246880085805e-01   1.362821628286069e-01  -5.010000000000000e-02
  5.202318366282845e-01   1.362793315596413e-01  -5.010000000000000e-02
  5.202388518134378e-01   1.362764176204408e-01  -5.010000000000000e-02
  5.202457816253602e-01   1.362735391432272e-01  -5.010000000000000e-02
  5.202526270636098e-01   1.362706957128081e-01  -5.009999999999999e-02
  5.202593891170139e-01   1.362678869184485e-01  -5.010000000000000e-02
  5.202660382663989e-01   1.362650422599274e-01  -5.010000000000000e-02
  5.202725412856124e-01   1.362620827456793e-01  -5.010000000000000e-02
  5.202789649840538e-01   1.362591593301951e-01  -5.010000000000000e-02
  5.202853102948779e-01   1.362562715887975e-01  -5.010000000000000e-02
  5.202915781411097e-01   1.362534191014191e-01  -5.010000000000000e-02
  5.202977694357346e-01   1.362506014525617e-01  -5.010000000000000e-02
  5.203037921007102e-01   1.362476233864825e-01  -5.010000000000000e-02
  5.203097291732163e-01   1.362446566320639e-01  -5.009999999999999e-02
  5.203155936432686e-01   1.362417261570828e-01  -5.010000000000000e-02
  5.203213863695579e-01   1.362388315324514e-01  -5.010000000000000e-02
  5.203271082013394e-01   1.362359723337971e-01  -5.010000000000000e-02
  5.203327404690153e-01   1.362331109290887e-01  -5.010000000000000e-02
  5.203382101835692e-01   1.362301061000029e-01  -5.010000000000000e-02
  5.203436128782252e-01   1.362271380888052e-01  -5.010000000000000e-02
  5.203489493489305e-01   1.362242064582359e-01  -5.010000000000000e-02
  5.203542203828040e-01   1.362213107758855e-01  -5.009999999999999e-02
  5.203594267582187e-01   1.362184506141487e-01  -5.010000000000000e-02
  5.203645480513927e-01   1.362155888615752e-01  -5.010000000000000e-02
  5.203695028847218e-01   1.362125829075376e-01  -5.010000000000000e-02
  5.203743968722413e-01   1.362096138668926e-01  -5.009999999999999e-02
  5.203792307399111e-01   1.362066812992210e-01  -5.010000000000000e-02
  5.203840052055562e-01   1.362037847690394e-01  -5.010000000000000e-02
  5.203887209789438e-01   1.362009238457523e-01  -5.010000000000000e-02
  5.203933787618617e-01   1.361980981036058e-01  -5.010000000000000e-02
  5.203978591482222e-01   1.361951194027919e-01  -5.010000000000000e-02
  5.204022664055942e-01   1.361921492272334e-01  -5.010000000000000e-02
  5.204066194124351e-01   1.361892156126443e-01  -5.010000000000000e-02
  5.204109188192166e-01   1.361863181206530e-01  -5.010000000000000e-02
  5.204151652690414e-01   1.361834563178548e-01  -5.010000000000000e-02
  5.204193593977144e-01   1.361806297757624e-01  -5.010000000000000e-02
  5.204234620800989e-01   1.361777823695414e-01  -5.010000000000000e-02
  5.204273995783146e-01   1.361748094912974e-01  -5.010000000000000e-02
  5.204312885172966e-01   1.361718732761025e-01  -5.010000000000000e-02
  5.204351294815400e-01   1.361689732826525e-01  -5.010000000000000e-02
  5.204389230488615e-01   1.361661090746861e-01  -5.009999999999999e-02
  5.204426697904663e-01   1.361632802209338e-01  -5.010000000000000e-02
  5.204463702710147e-01   1.361604862950673e-01  -5.010000000000000e-02
  5.204499694288011e-01   1.361576576694535e-01  -5.010000000000000e-02
  5.204534075004872e-01   1.361547188791748e-01  -5.010000000000001e-02
  5.204568030864698e-01   1.361518164047685e-01  -5.010000000000001e-02
  5.204601567002676e-01   1.361489498072896e-01  -5.010000000000000e-02
  5.204634688494781e-01   1.361461186528548e-01  -5.010000000000000e-02
  5.204667400358388e-01   1.361433225125895e-01  -5.010000000000000e-02
  5.204699707552876e-01   1.361405609625766e-01  -5.010000000000000e-02
  5.204731530465737e-01   1.361378243656231e-01  -5.010000000000000e-02
  5.204761095116199e-01   1.361349182871298e-01  -5.010000000000001e-02
  5.204790293748669e-01   1.361320481866375e-01  -5.010000000000000e-02
  5.204819130803944e-01   1.361292136276343e-01  -5.010000000000000e-02
  5.204847610671202e-01   1.361264141786833e-01  -5.010000000000000e-02
  5.204875737688535e-01   1.361236494133683e-01  -5.009999999999999e-02
  5.204903516143492e-01   1.361209189102416e-01  -5.010000000000000e-02
  5.204930950273617e-01   1.361182222527709e-01  -5.010000000000000e-02
  5.204957165226554e-01   1.361154765136265e-01  -5.010000000000000e-02
  5.204981724258808e-01   1.361126399002321e-01  -5.010000000000000e-02
  5.205005978660107e-01   1.361098384722734e-01  -5.010000000000000e-02
  5.205029932140992e-01   1.361070718011758e-01  -5.010000000000000e-02
  5.205053588368509e-01   1.361043394633890e-01  -5.010000000000000e-02
  5.205076950966666e-01   1.361016410403335e-01  -5.009999999999999e-02
  5.205100023516902e-01   1.360989761183461e-01  -5.010000000000000e-02
  5.205122809558548e-01   1.360963442886280e-01  -5.010000000000000e-02
  5.205144462862165e-01   1.360936781889103e-01  -5.010000000000000e-02
  5.205164222651155e-01   1.360909171985921e-01  -5.009999999999999e-02
  5.205183736914071e-01   1.360881905150735e-01  -5.010000000000000e-02
  5.205203008652120e-01   1.360854977190021e-01  -5.010000000000000e-02
  5.205222040831063e-01   1.360828383959789e-01  -5.010000000000000e-02
  5.205240836381599e-01   1.360802121365043e-01  -5.010000000000000e-02
  5.205259398199746e-01   1.360776185359240e-01  -5.010000000000000e-02
  5.205277729147227e-01   1.360750571943763e-01  -5.010000000000000e-02
  5.205295832051845e-01   1.360725277167386e-01  -5.010000000000000e-02
  5.205311472536026e-01   1.360698870248044e-01  -5.010000000000000e-02
  5.205326396572985e-01   1.360672459155859e-01  -5.010000000000000e-02
  5.205341134845913e-01   1.360646376810575e-01  -5.010000000000000e-02
  5.205355689633617e-01   1.360620619179389e-01  -5.010000000000000e-02
  5.205370063187779e-01   1.360595182277496e-01  -5.010000000000000e-02
  5.205384257733261e-01   1.360570062167550e-01  -5.010000000000000e-02
  5.205398275468408e-01   1.360545254959136e-01  -5.010000000000000e-02
  5.205412118565344e-01   1.360520756808248e-01  -5.010000000000000e-02
  5.205425789170257e-01   1.360496563916767e-01  -5.010000000000000e-02
  5.205437197840470e-01   1.360471654322318e-01  -5.010000000000000e-02
  5.205447544835556e-01   1.360446607604430e-01  -5.010000000000000e-02
  5.205457762837275e-01   1.360421873137631e-01  -5.010000000000001e-02
  5.205467853433032e-01   1.360397447079322e-01  -5.010000000000000e-02
  5.205477818191218e-01   1.360373325632945e-01  -5.010000000000000e-02
  5.205487658661419e-01   1.360349505047456e-01  -5.010000000000000e-02
  5.205497376374628e-01   1.360325981616811e-01  -5.009999999999999e-02
  5.205506972843463e-01   1.360302751679457e-01  -5.010000000000000e-02
  5.205516449562369e-01   1.360279811617828e-01  -5.010000000000000e-02
  5.205525808007826e-01   1.360257157857842e-01  -5.010000000000000e-02
  5.205532525099232e-01   1.360233941741899e-01  -5.010000000000000e-02
  5.205538538713013e-01   1.360210808031471e-01  -5.010000000000000e-02
  5.205544477241267e-01   1.360187963166799e-01  -5.010000000000001e-02
  5.205550341610885e-01   1.360165403582239e-01  -5.010000000000000e-02
  5.205556132737582e-01   1.360143125755139e-01  -5.010000000000000e-02
  5.205561851526022e-01   1.360121126205352e-01  -5.010000000000000e-02
  5.205567498869947e-01   1.360099401494745e-01  -5.010000000000000e-02
  5.205573075652307e-01   1.360077948226720e-01  -5.010000000000000e-02
  5.205578582745376e-01   1.360056763045729e-01  -5.010000000000000e-02
  5.205584021010878e-01   1.360035842636808e-01  -5.010000000000000e-02
  5.205589391300115e-01   1.360015183725106e-01  -5.010000000000000e-02
  5.205592132675684e-01   1.359994319794089e-01  -5.010000000000000e-02
  5.205594283165186e-01   1.359973616061831e-01  -5.010000000000000e-02
  5.205596406764075e-01   1.359953171217623e-01  -5.010000000000000e-02
  5.205598503805295e-01   1.359932982056065e-01  -5.010000000000001e-02
  5.205600574617753e-01   1.359913045410648e-01  -5.010000000000000e-02
  5.205602619526357e-01   1.359893358153302e-01  -5.010000000000000e-02
  5.205604638852073e-01   1.359873917193953e-01  -5.010000000000000e-02
  5.205606632911968e-01   1.359854719480074e-01  -5.010000000000000e-02
  5.205608602019248e-01   1.359835761996251e-01  -5.010000000000000e-02
  5.205610546483316e-01   1.359817041763751e-01  -5.010000000000000e-02
  5.205612466609806e-01   1.359798555840090e-01  -5.010000000000000e-02
  5.205614362700632e-01   1.359780301318610e-01  -5.010000000000000e-02
  5.205615640640640e-01   1.359762260986787e-01  -5.010000000000000e-02
  5.205614652309011e-01   1.359744392237418e-01  -5.010000000000000e-02
  5.205613676353142e-01   1.359726747238214e-01  -5.010000000000001e-02
  5.205612712619374e-01   1.359709323211030e-01  -5.010000000000000e-02
  5.205611760955921e-01   1.359692117411628e-01  -5.010000000000000e-02
  5.205610821212848e-01   1.359675127129272e-01  -5.010000000000000e-02
  5.205609893242057e-01   1.359658349686338e-01  -5.010000000000000e-02
  5.205608976897254e-01   1.359641782437918e-01  -5.010000000000000e-02
  5.205608072033938e-01   1.359625422771442e-01  -5.010000000000000e-02
  5.205607178509373e-01   1.359609268106289e-01  -5.009999999999999e-02
  5.205606296182569e-01   1.359593315893413e-01  -5.010000000000000e-02
  5.205605424914261e-01   1.359577563614967e-01  -5.010000000000000e-02
  5.205604564566894e-01   1.359562008783936e-01  -5.010000000000000e-02
  5.205603715004592e-01   1.359546648943771e-01  -5.010000000000000e-02
  5.205602876093148e-01   1.359531481668025e-01  -5.010000000000000e-02
  5.205602047699999e-01   1.359516504560000e-01  -5.010000000000000e-02
