888
  4.937668254000000e-01   1.260629107930000e-01  -5.010000000000000e-02
  4.937656068976652e-01   1.260637855798656e-01  -5.010000000000000e-02
  4.937643729237313e-01   1.260646714740974e-01  -5.010000000000000e-02
  4.937631232832085e-01   1.260655686156825e-01  -5.010000000000000e-02
  4.937618577786867e-01   1.260664771463453e-01  -5.010000000000000e-02
  4.937605762103070e-01   1.260673972095688e-01  -5.010000000000000e-02
  4.937592783757315e-01   1.260683289506150e-01  -5.010000000000000e-02
  4.937579640701143e-01   1.260692725165471e-01  -5.010000000000000e-02
  4.937566330860709e-01   1.260702280562504e-01  -5.010000000000000e-02
  4.937552852136482e-01   1.260711957204544e-01  -5.010000000000000e-02
  4.937539202402932e-01   1.260721756617550e-01  -5.010000000000001e-02
  4.937525379508229e-01   1.260731680346365e-01  -5.010000000000000e-02
  4.937511381273918e-01   1.260741729954943e-01  -5.010000000000000e-02
  4.937497205494610e-01   1.260751907026577e-01  -5.010000000000001e-02
  4.937484444355536e-01   1.260763972392700e-01  -5.010000000000000e-02
  4.937472632399368e-01   1.260777416599442e-01  -5.010000000000000e-02
  4.937460670676274e-01   1.260791031268849e-01  -5.010000000000000e-02
  4.937448557304164e-01   1.260804818543089e-01  -5.010000000000000e-02
  4.937436290377728e-01   1.260818780590760e-01  -5.009999999999999e-02
  4.937423867968162e-01   1.260832919607201e-01  -5.010000000000000e-02
  4.937411288122884e-01   1.260847237814811e-01  -5.010000000000000e-02
  4.937398548865262e-01   1.260861737463369e-01  -5.010000000000000e-02
  4.937385648194322e-01   1.260876420830356e-01  -5.010000000000001e-02
  4.937372584084461e-01   1.260891290221283e-01  -5.010000000000000e-02
  4.937359354485162e-01   1.260906347970022e-01  -5.010000000000000e-02
  4.937345957320694e-01   1.260921596439143e-01  -5.010000000000001e-02
  4.937332390489818e-01   1.260937038020244e-01  -5.010000000000000e-02
  4.937320810160586e-01   1.260954272638259e-01  -5.010000000000001e-02
  4.937309729796086e-01   1.260972204048469e-01  -5.010000000000000e-02
  4.937298509159717e-01   1.260990362461360e-01  -5.010000000000001e-02
  4.937287146494318e-01   1.261008750720552e-01  -5.010000000000000e-02
  4.937275640021193e-01   1.261027371704518e-01  -5.010000000000000e-02
  4.937263987939857e-01   1.261046228326990e-01  -5.010000000000000e-02
  4.937252188427790e-01   1.261065323537366e-01  -5.010000000000000e-02
  4.937240239640168e-01   1.261084660321132e-01  -5.010000000000000e-02
  4.937228139709611e-01   1.261104241700277e-01  -5.010000000000001e-02
  4.937215886745920e-01   1.261124070733722e-01  -5.010000000000000e-02
  4.937203478835810e-01   1.261144150517744e-01  -5.010000000000000e-02
  4.937190914042643e-01   1.261164484186414e-01  -5.010000000000000e-02
  4.937178917852308e-01   1.261185465327914e-01  -5.010000000000000e-02
  4.937168663529187e-01   1.261207727901894e-01  -5.010000000000000e-02
  4.937158279610379e-01   1.261230271833649e-01  -5.010000000000000e-02
  4.937147764478063e-01   1.261253100635543e-01  -5.010000000000000e-02
  4.937137116494729e-01   1.261276217862675e-01  -5.009999999999999e-02
  4.937126334002961e-01   1.261299627113370e-01  -5.010000000000000e-02
  4.937115415325202e-01   1.261323332029674e-01  -5.010000000000000e-02
  4.937104358763526e-01   1.261347336297860e-01  -5.010000000000000e-02
  4.937093162599403e-01   1.261371643648927e-01  -5.009999999999999e-02
  4.937081825093465e-01   1.261396257859118e-01  -5.010000000000000e-02
  4.937070344485267e-01   1.261421182750433e-01  -5.010000000000001e-02
  4.937058718993051e-01   1.261446422191148e-01  -5.010000000000000e-02
  4.937047249921637e-01   1.261472103350308e-01  -5.010000000000000e-02
  4.937037726583093e-01   1.261498958526921e-01  -5.010000000000000e-02
  4.937028083123528e-01   1.261526152436768e-01  -5.009999999999999e-02
  4.937018318049434e-01   1.261553689291438e-01  -5.010000000000000e-02
  4.937008429849288e-01   1.261581573353324e-01  -5.010000000000001e-02
  4.936998416993347e-01   1.261609808936200e-01  -5.010000000000000e-02
  4.936988277933442e-01   1.261638400405798e-01  -5.010000000000000e-02
  4.936978011102773e-01   1.261667352180389e-01  -5.010000000000000e-02
  4.936967614915698e-01   1.261696668731377e-01  -5.010000000000000e-02
  4.936957087767525e-01   1.261726354583889e-01  -5.010000000000000e-02
  4.936946428034295e-01   1.261756414317377e-01  -5.009999999999999e-02
  4.936935634072571e-01   1.261786852566227e-01  -5.010000000000000e-02
  4.936925557489743e-01   1.261817943957350e-01  -5.010000000000000e-02
  4.936916661092990e-01   1.261849840180958e-01  -5.010000000000000e-02
  4.936907652739681e-01   1.261882137802060e-01  -5.010000000000000e-02
  4.936898531044368e-01   1.261914841787892e-01  -5.010000000000000e-02
  4.936889294605061e-01   1.261947957165013e-01  -5.009999999999999e-02
  4.936879942003039e-01   1.261981489019954e-01  -5.010000000000000e-02
  4.936870471802670e-01   1.262015442499882e-01  -5.010000000000000e-02
  4.936860882551225e-01   1.262049822813261e-01  -5.010000000000001e-02
  4.936851172778692e-01   1.262084635230525e-01  -5.010000000000000e-02
  4.936841340997584e-01   1.262119885084752e-01  -5.010000000000000e-02
  4.936831385702751e-01   1.262155577772350e-01  -5.010000000000000e-02
  4.936821631414317e-01   1.262191800140055e-01  -5.010000000000000e-02
  4.936813443087087e-01   1.262228898815310e-01  -5.010000000000000e-02
  4.936805151963967e-01   1.262266463225655e-01  -5.010000000000000e-02
  4.936796756779244e-01   1.262304499105634e-01  -5.010000000000001e-02
  4.936788256252250e-01   1.262343012257537e-01  -5.009999999999999e-02
  4.936779649087205e-01   1.262382008552129e-01  -5.010000000000000e-02
  4.936770933973053e-01   1.262421493929378e-01  -5.010000000000000e-02
  4.936762109583301e-01   1.262461474399200e-01  -5.009999999999999e-02
  4.936753174575854e-01   1.262501956042198e-01  -5.010000000000001e-02
  4.936744127592847e-01   1.262542945010419e-01  -5.010000000000001e-02
  4.936734967260481e-01   1.262584447528102e-01  -5.010000000000000e-02
  4.936726561103982e-01   1.262626641826601e-01  -5.010000000000000e-02
  4.936719040708536e-01   1.262669560592135e-01  -5.010000000000001e-02
  4.936711426165732e-01   1.262713016654991e-01  -5.010000000000000e-02
  4.936703716323048e-01   1.262757016592607e-01  -5.010000000000000e-02
  4.936695910014513e-01   1.262801567059149e-01  -5.010000000000000e-02
  4.936688006060573e-01   1.262846674786309e-01  -5.010000000000000e-02
  4.936680003267950e-01   1.262892346584105e-01  -5.010000000000000e-02
  4.936671900429500e-01   1.262938589341695e-01  -5.010000000000000e-02
  4.936663696324067e-01   1.262985410028189e-01  -5.010000000000000e-02
  4.936655389716342e-01   1.263032815693473e-01  -5.010000000000000e-02
  4.936647577101059e-01   1.263080907051678e-01  -5.010000000000000e-02
  4.936640832386073e-01   1.263129781365432e-01  -5.010000000000000e-02
  4.936634003479061e-01   1.263179265760935e-01  -5.009999999999999e-02
  4.936627089355584e-01   1.263229367661589e-01  -5.010000000000000e-02
  4.936620088979411e-01   1.263280094576244e-01  -5.010000000000000e-02
  4.936613001302402e-01   1.263331454100054e-01  -5.010000000000000e-02
  4.936605825264388e-01   1.263383453915341e-01  -5.010000000000000e-02
  4.936598559793050e-01   1.263436101792461e-01  -5.010000000000000e-02
  4.936591203803797e-01   1.263489405590685e-01  -5.010000000000000e-02
  4.936583756199651e-01   1.263543373259073e-01  -5.010000000000000e-02
  4.936577500674368e-01   1.263598170338803e-01  -5.010000000000000e-02
  4.936571546560363e-01   1.263653695913589e-01  -5.010000000000000e-02
  4.936565518367613e-01   1.263709912315750e-01  -5.010000000000000e-02
  4.936559415200935e-01   1.263766827893369e-01  -5.010000000000000e-02
  4.936553236155005e-01   1.263824451089142e-01  -5.010000000000000e-02
  4.936546980314250e-01   1.263882790441292e-01  -5.010000000000000e-02
  4.936540646752761e-01   1.263941854584482e-01  -5.010000000000000e-02
  4.936534234534185e-01   1.264001652250741e-01  -5.010000000000000e-02
  4.936527742711630e-01   1.264062192270382e-01  -5.010000000000000e-02
  4.936522395449073e-01   1.264123598655179e-01  -5.010000000000001e-02
  4.936517377247259e-01   1.264185803921548e-01  -5.010000000000001e-02
  4.936512296819473e-01   1.264248780536577e-01  -5.010000000000000e-02
  4.936507153419043e-01   1.264312537755933e-01  -5.010000000000000e-02
  4.936501946290972e-01   1.264377084938514e-01  -5.010000000000000e-02
  4.936496674671858e-01   1.264442431547401e-01  -5.010000000000001e-02
  4.936491337789816e-01   1.264508587150809e-01  -5.010000000000000e-02
  4.936485934864404e-01   1.264575561423051e-01  -5.010000000000000e-02
  4.936480885857479e-01   1.264643393269206e-01  -5.010000000000000e-02
  4.936476913296740e-01   1.264712142646107e-01  -5.010000000000000e-02
  4.936472891638946e-01   1.264781741699634e-01  -5.010000000000000e-02
  4.936468820299083e-01   1.264852200554065e-01  -5.010000000000000e-02
  4.936464698685715e-01   1.264923529444781e-01  -5.010000000000000e-02
  4.936460526200936e-01   1.264995738719239e-01  -5.009999999999999e-02
  4.936456302240304e-01   1.265068838837953e-01  -5.010000000000000e-02
  4.936452026192785e-01   1.265142840375473e-01  -5.010000000000000e-02
  4.936448143437830e-01   1.265217775208649e-01  -5.010000000000000e-02
  4.936445316711615e-01   1.265293685656273e-01  -5.009999999999999e-02
  4.936442455177649e-01   1.265370530850215e-01  -5.010000000000000e-02
  4.936439558424410e-01   1.265448321841743e-01  -5.010000000000000e-02
  4.936436626035941e-01   1.265527069801193e-01  -5.010000000000000e-02
  4.936433657591812e-01   1.265606786018957e-01  -5.010000000000000e-02
  4.936430652667092e-01   1.265687481906469e-01  -5.010000000000000e-02
  4.936427610832298e-01   1.265769168997190e-01  -5.010000000000000e-02
  4.936425710420699e-01   1.265851892153620e-01  -5.010000000000000e-02
  4.936424110241330e-01   1.265935639472141e-01  -5.010000000000000e-02
  4.936422490437504e-01   1.266020413860305e-01  -5.010000000000000e-02
  4.936420850779216e-01   1.266106227355688e-01  -5.010000000000000e-02
  4.936419191034035e-01   1.266193092122885e-01  -5.010000000000000e-02
  4.936417510967083e-01   1.266281020454487e-01  -5.010000000000000e-02
  4.936415810341018e-01   1.266370024772066e-01  -5.010000000000000e-02
  4.936415204443203e-01   1.266460129543286e-01  -5.010000000000000e-02
  4.936414998450812e-01   1.266551340031038e-01  -5.010000000000000e-02
  4.936414789942002e-01   1.266643664753586e-01  -5.010000000000000e-02
  4.936414578887526e-01   1.266737116660470e-01  -5.010000000000000e-02
  4.936414365257837e-01   1.266831708835083e-01  -5.010000000000000e-02
  4.936414149023082e-01   1.266927454495623e-01  -5.009999999999999e-02
  4.936414094931957e-01   1.267024366082434e-01  -5.010000000000000e-02
  4.936415404177922e-01   1.267122450425965e-01  -5.010000000000000e-02
  4.936416729359667e-01   1.267221728625080e-01  -5.010000000000000e-02
  4.936418070660941e-01   1.267322214445508e-01  -5.010000000000000e-02
  4.936419428267352e-01   1.267423921792482e-01  -5.009999999999999e-02
  4.936420802366385e-01   1.267526864711670e-01  -5.010000000000000e-02
  4.936422193147410e-01   1.267631057390088e-01  -5.010000000000000e-02
  4.936424984972896e-01   1.267736485420541e-01  -5.010000000000001e-02
  4.936427991386532e-01   1.267843187911218e-01  -5.010000000000001e-02
  4.936431034225092e-01   1.267951183181446e-01  -5.010000000000000e-02
  4.936434113904360e-01   1.268060485988083e-01  -5.010000000000001e-02
  4.936437230844227e-01   1.268171111233740e-01  -5.010000000000000e-02
  4.936440450699110e-01   1.268283071673212e-01  -5.010000000000000e-02
  4.936445227566285e-01   1.268396331371497e-01  -5.010000000000000e-02
  4.936450062103432e-01   1.268510958426996e-01  -5.010000000000000e-02
  4.936454954963715e-01   1.268626968326200e-01  -5.010000000000000e-02
  4.936459906806616e-01   1.268744376705464e-01  -5.010000000000001e-02
  4.936464918297972e-01   1.268863199351805e-01  -5.010000000000000e-02
  4.936470900215284e-01   1.268983407645288e-01  -5.010000000000000e-02
  4.936477680141420e-01   1.269105026151291e-01  -5.009999999999999e-02
  4.936484541546451e-01   1.269228106228033e-01  -5.010000000000000e-02
  4.936491485343885e-01   1.269352664262001e-01  -5.010000000000000e-02
  4.936498512455830e-01   1.269478716794013e-01  -5.010000000000000e-02
  4.936505991172865e-01   1.269606258769456e-01  -5.010000000000000e-02
  4.936514077912350e-01   1.269735297834429e-01  -5.010000000000000e-02
  4.936522261439137e-01   1.269865881321962e-01  -5.010000000000000e-02
  4.936530542828497e-01   1.269998026390009e-01  -5.010000000000000e-02
  4.936538923165575e-01   1.270131750354111e-01  -5.010000000000000e-02
  4.936547403545431e-01   1.270267070687998e-01  -5.010000000000000e-02
  4.936555985073076e-01   1.270404005024171e-01  -5.010000000000001e-02
  4.936564668863502e-01   1.270542571154459e-01  -5.009999999999999e-02
  4.936573456041727e-01   1.270682787030560e-01  -5.010000000000000e-02
  4.936582347742812e-01   1.270824670764542e-01  -5.010000000000000e-02
  4.936591345111901e-01   1.270968240629334e-01  -5.010000000000000e-02
  4.936600449304250e-01   1.271113515059181e-01  -5.010000000000000e-02
  4.936609661485251e-01   1.271260512650077e-01  -5.010000000000000e-02
  4.936618982830454e-01   1.271409252160164e-01  -5.010000000000000e-02
  4.936628414525598e-01   1.271559752510106e-01  -5.009999999999999e-02
  4.936637957766627e-01   1.271712032783434e-01  -5.010000000000001e-02
  4.936647613759712e-01   1.271866112226854e-01  -5.010000000000001e-02
  4.936657383721266e-01   1.272022010250531e-01  -5.010000000000000e-02
  4.936667268877963e-01   1.272179746428327e-01  -5.010000000000000e-02
  4.936677248611068e-01   1.272339341846723e-01  -5.010000000000000e-02
  4.936687059192846e-01   1.272500832759042e-01  -5.010000000000000e-02
  4.936696985083315e-01   1.272664221755114e-01  -5.010000000000000e-02
  4.936707027511622e-01   1.272829529067755e-01  -5.010000000000000e-02
  4.936717187716898e-01   1.272996775094195e-01  -5.010000000000000e-02
  4.936727466948266e-01   1.273165980396100e-01  -5.010000000000000e-02
  4.936737866464837e-01   1.273337165699561e-01  -5.010000000000000e-02
  4.936748387535707e-01   1.273510351895026e-01  -5.010000000000000e-02
  4.936759031439951e-01   1.273685560037203e-01  -5.010000000000000e-02
  4.936769799466613e-01   1.273862811344912e-01  -5.010000000000000e-02
  4.936780692914695e-01   1.274042127200889e-01  -5.010000000000000e-02
  4.936791713093144e-01   1.274223529151549e-01  -5.010000000000000e-02
  4.936802861320830e-01   1.274407038906693e-01  -5.010000000000000e-02
  4.936814138926532e-01   1.274592678339174e-01  -5.010000000000000e-02
  4.936825547248906e-01   1.274780469484507e-01  -5.010000000000000e-02
  4.936837087636469e-01   1.274970434540425e-01  -5.010000000000000e-02
  4.936850533484579e-01   1.275162472260648e-01  -5.010000000000000e-02
  4.936865825310612e-01   1.275356609410358e-01  -5.010000000000000e-02
  4.936881293472571e-01   1.275552985230197e-01  -5.010000000000000e-02
  4.936896939767360e-01   1.275751622532717e-01  -5.010000000000001e-02
  4.936912766004402e-01   1.275952544289449e-01  -5.010000000000000e-02
  4.936928774005586e-01   1.276155773630125e-01  -5.010000000000000e-02
  4.936944965605191e-01   1.276361333841828e-01  -5.010000000000000e-02
  4.936961342649822e-01   1.276569248368086e-01  -5.010000000000000e-02
  4.936977906998327e-01   1.276779540807896e-01  -5.009999999999999e-02
  4.936994660521721e-01   1.276992234914686e-01  -5.010000000000000e-02
  4.937011605103093e-01   1.277207354595206e-01  -5.010000000000000e-02
  4.937028742637520e-01   1.277424923908352e-01  -5.010000000000000e-02
  4.937046075031962e-01   1.277644967063915e-01  -5.010000000000000e-02
  4.937067407403190e-01   1.277867163447871e-01  -5.010000000000000e-02
  4.937090465052661e-01   1.278091744071978e-01  -5.010000000000000e-02
  4.937113783677675e-01   1.278318866587879e-01  -5.010000000000001e-02
  4.937137365818911e-01   1.278548555741719e-01  -5.010000000000000e-02
  4.937161214031757e-01   1.278780836422870e-01  -5.010000000000000e-02
  4.937185330886131e-01   1.279015733662220e-01  -5.010000000000000e-02
  4.937209718966295e-01   1.279253272630395e-01  -5.010000000000000e-02
  4.937234380870667e-01   1.279493478635881e-01  -5.010000000000000e-02
  4.937259319211617e-01   1.279736377123072e-01  -5.010000000000000e-02
  4.937284536615261e-01   1.279981993670229e-01  -5.010000000000000e-02
  4.937310035721239e-01   1.280230353987342e-01  -5.010000000000000e-02
  4.937341838652828e-01   1.280480785214862e-01  -5.010000000000000e-02
  4.937374625560366e-01   1.280733931120800e-01  -5.010000000000000e-02
  4.937407776802147e-01   1.280989890031368e-01  -5.010000000000000e-02
  4.937441295762904e-01   1.281248688079864e-01  -5.010000000000000e-02
  4.937475185842816e-01   1.281510351518904e-01  -5.010000000000000e-02
  4.937509450457169e-01   1.281774906717734e-01  -5.010000000000000e-02
  4.937544093035999e-01   1.282042380159437e-01  -5.010000000000000e-02
  4.937579117023703e-01   1.282312798438041e-01  -5.010000000000000e-02
  4.937614525878663e-01   1.282586188255519e-01  -5.010000000000000e-02
  4.937654638783624e-01   1.282861957022310e-01  -5.010000000000000e-02
  4.937698495374385e-01   1.283140269979770e-01  -5.010000000000000e-02
  4.937742831046501e-01   1.283421623176936e-01  -5.010000000000000e-02
  4.937787650053835e-01   1.283706043608737e-01  -5.010000000000000e-02
  4.937832956664591e-01   1.283993558361090e-01  -5.010000000000000e-02
  4.937878755160735e-01   1.284284194607267e-01  -5.010000000000000e-02
  4.937925049837407e-01   1.284577979604133e-01  -5.010000000000001e-02
  4.937971845002312e-01   1.284874940688281e-01  -5.010000000000000e-02
  4.938022212941559e-01   1.285174578170662e-01  -5.010000000000000e-02
  4.938078407906439e-01   1.285476532980771e-01  -5.010000000000000e-02
  4.938135206417567e-01   1.285781730851757e-01  -5.009999999999999e-02
  4.938192613589681e-01   1.286090199266887e-01  -5.010000000000000e-02
  4.938250634548377e-01   1.286401965767716e-01  -5.010000000000000e-02
  4.938309274429237e-01   1.286717057949506e-01  -5.010000000000000e-02
  4.938368538376967e-01   1.287035503456520e-01  -5.010000000000000e-02
  4.938429077924685e-01   1.287357200445473e-01  -5.010000000000000e-02
  4.938498542858936e-01   1.287680644694954e-01  -5.010000000000000e-02
  4.938568741774035e-01   1.288007506523211e-01  -5.010000000000000e-02
  4.938639680605600e-01   1.288337813567793e-01  -5.010000000000000e-02
  4.938711365294262e-01   1.288671593489621e-01  -5.010000000000000e-02
  4.938783801784504e-01   1.289008873967522e-01  -5.010000000000000e-02
  4.938856996023446e-01   1.289349682692622e-01  -5.010000000000000e-02
  4.938935713614410e-01   1.289692957236391e-01  -5.009999999999999e-02
  4.939019875622883e-01   1.290038744738391e-01  -5.010000000000000e-02
  4.939104911144182e-01   1.290388121149731e-01  -5.010000000000000e-02
  4.939190826873938e-01   1.290741113980033e-01  -5.010000000000000e-02
  4.939277629503476e-01   1.291097750721233e-01  -5.010000000000001e-02
  4.939365325718256e-01   1.291458058841178e-01  -5.010000000000000e-02
  4.939459281266180e-01   1.291820684838143e-01  -5.010000000000000e-02
  4.939558640291908e-01   1.292185878369493e-01  -5.010000000000000e-02
  4.939659013507448e-01   1.292554799549702e-01  -5.010000000000000e-02
  4.939760408290323e-01   1.292927475494812e-01  -5.009999999999999e-02
  4.939862832002316e-01   1.293303933263018e-01  -5.010000000000000e-02
  4.939967230782087e-01   1.293683931106660e-01  -5.010000000000000e-02
  4.940081809074514e-01   1.294065149426002e-01  -5.010000000000001e-02
  4.940197539579606e-01   1.294450201321201e-01  -5.010000000000000e-02
  4.940314430277880e-01   1.294839113344579e-01  -5.010000000000000e-02
  4.940432489121402e-01   1.295231911953789e-01  -5.010000000000001e-02
  4.940552431778074e-01   1.295628400781251e-01  -5.010000000000000e-02
  4.940683156050730e-01   1.296025808480477e-01  -5.010000000000000e-02
  4.940815174124642e-01   1.296427149394011e-01  -5.010000000000000e-02
  4.940948494482653e-01   1.296832449310090e-01  -5.009999999999999e-02
  4.941083125563384e-01   1.297241733882498e-01  -5.010000000000000e-02
  4.941223404568191e-01   1.297653543531533e-01  -5.010000000000000e-02
  4.941371233183076e-01   1.298067254064176e-01  -5.009999999999999e-02
  4.941520500206292e-01   1.298484990100792e-01  -5.010000000000000e-02
  4.941671214503774e-01   1.298906776453432e-01  -5.010000000000000e-02
  4.941824196481245e-01   1.299332336336294e-01  -5.010000000000000e-02
  4.941988460948467e-01   1.299758349437316e-01  -5.010000000000000e-02
  4.942154300838012e-01   1.300188448330965e-01  -5.010000000000000e-02
  4.942321725337439e-01   1.300622656844795e-01  -5.010000000000000e-02
  4.942490956603583e-01   1.301060913450224e-01  -5.010000000000000e-02
  4.942672301980448e-01   1.301499125929025e-01  -5.010000000000000e-02
  4.942855360324893e-01   1.301941477712517e-01  -5.010000000000000e-02
  4.943040141029617e-01   1.302387991497712e-01  -5.010000000000000e-02
  4.943228895682229e-01   1.302837730323546e-01  -5.010000000000000e-02
  4.943427944940610e-01   1.303288015896702e-01  -5.010000000000001e-02
  4.943628844455979e-01   1.303742487087199e-01  -5.010000000000000e-02
  4.943831603696556e-01   1.304201165313876e-01  -5.010000000000000e-02
  4.944042869857097e-01   1.304661044274571e-01  -5.010000000000000e-02
  4.944260231540809e-01   1.305123248808147e-01  -5.010000000000000e-02
  4.944479579782948e-01   1.305589677620331e-01  -5.009999999999999e-02
  4.944703262760187e-01   1.306059217948135e-01  -5.010000000000000e-02
  4.944937433885545e-01   1.306528913611370e-01  -5.010000000000000e-02
  4.945173716905972e-01   1.307002845270626e-01  -5.009999999999999e-02
  4.945412121180264e-01   1.307481031697585e-01  -5.010000000000000e-02
  4.945663319518838e-01   1.307958024900534e-01  -5.009999999999999e-02
  4.945916834746970e-01   1.308439218372359e-01  -5.009999999999999e-02
  4.946172594191773e-01   1.308924671558363e-01  -5.010000000000000e-02
  4.946440529672576e-01   1.309409033193003e-01  -5.010000000000000e-02
  4.946711630707562e-01   1.309897199501686e-01  -5.009999999999999e-02
  4.946985096787909e-01   1.310389624501096e-01  -5.010000000000000e-02
  4.947271532529870e-01   1.310880289452565e-01  -5.010000000000000e-02
  4.947560467536811e-01   1.311375177389683e-01  -5.010000000000000e-02
  4.947853980206495e-01   1.311873064313192e-01  -5.010000000000000e-02
  4.948158445215941e-01   1.312370156856026e-01  -5.010000000000000e-02
  4.948465498816024e-01   1.312871475727215e-01  -5.010000000000000e-02
  4.948780544679705e-01   1.313373652042230e-01  -5.009999999999999e-02
  4.949103277299968e-01   1.313876894814412e-01  -5.010000000000000e-02
  4.949428709408877e-01   1.314384346947731e-01  -5.010000000000000e-02
  4.949766581826435e-01   1.314889637614660e-01  -5.010000000000000e-02
  4.950107833212288e-01   1.315398724180804e-01  -5.010000000000000e-02
  4.950456620997468e-01   1.315908757995006e-01  -5.010000000000000e-02
  4.950813686503196e-01   1.316419245838305e-01  -5.010000000000000e-02
  4.951174449433518e-01   1.316933314661150e-01  -5.010000000000000e-02
  4.951547347119191e-01   1.317444952919785e-01  -5.010000000000000e-02
  4.951923239116361e-01   1.317960699555541e-01  -5.010000000000000e-02
  4.952309794177524e-01   1.318474863831959e-01  -5.010000000000001e-02
  4.952701645983462e-01   1.318991446817038e-01  -5.010000000000001e-02
  4.953101851997130e-01   1.319508028443346e-01  -5.010000000000000e-02
  4.953509573559773e-01   1.320025266398909e-01  -5.010000000000000e-02
  4.953924164843765e-01   1.320543557614614e-01  -5.010000000000000e-02
  4.954347796852317e-01   1.321061165673733e-01  -5.009999999999999e-02
  4.954777440391280e-01   1.321580446603500e-01  -5.010000000000000e-02
  4.955216945802865e-01   1.322098196552485e-01  -5.009999999999999e-02
  4.955662176868717e-01   1.322617794633496e-01  -5.010000000000000e-02
  4.956117481756412e-01   1.323135487353912e-01  -5.010000000000000e-02
  4.956578762105250e-01   1.323654739007794e-01  -5.010000000000000e-02
  4.957049876432229e-01   1.324172098004304e-01  -5.010000000000000e-02
  4.957527631288103e-01   1.324690323540476e-01  -5.010000000000000e-02
  4.958014464274558e-01   1.325207157289998e-01  -5.010000000000000e-02
  4.958508979558599e-01   1.325723759510102e-01  -5.010000000000000e-02
  4.959011434835212e-01   1.326239880345805e-01  -5.010000000000000e-02
  4.959522965970757e-01   1.326754253254584e-01  -5.010000000000000e-02
  4.960040994198661e-01   1.327269424091225e-01  -5.010000000000000e-02
  4.960569755381722e-01   1.327780966499312e-01  -5.010000000000000e-02
  4.961104233550880e-01   1.328293965302894e-01  -5.010000000000000e-02
  4.961649449604841e-01   1.328803082443880e-01  -5.010000000000001e-02
  4.962201540941709e-01   1.329312275774500e-01  -5.010000000000000e-02
  4.962761949341042e-01   1.329819965111897e-01  -5.009999999999999e-02
  4.963331670332887e-01   1.330324869593521e-01  -5.010000000000000e-02
  4.963907869481566e-01   1.330830128476949e-01  -5.010000000000000e-02
  4.964494618758661e-01   1.331330954714099e-01  -5.010000000000000e-02
  4.965088570979359e-01   1.331831078635573e-01  -5.009999999999999e-02
  4.965690180723924e-01   1.332329939137749e-01  -5.010000000000000e-02
  4.966301825763839e-01   1.332824473824421e-01  -5.010000000000000e-02
  4.966920349414750e-01   1.333318444506976e-01  -5.010000000000000e-02
  4.967547338346656e-01   1.333809799630058e-01  -5.010000000000000e-02
  4.968183435699076e-01   1.334297517640490e-01  -5.010000000000000e-02
  4.968826608471169e-01   1.334784137198683e-01  -5.010000000000000e-02
  4.969478322473168e-01   1.335267625847696e-01  -5.010000000000000e-02
  4.970138859170753e-01   1.335747397626340e-01  -5.010000000000000e-02
  4.970806582441139e-01   1.336225582896254e-01  -5.010000000000001e-02
  4.971482416552802e-01   1.336700794897730e-01  -5.010000000000000e-02
  4.972167189260965e-01   1.337171645389469e-01  -5.010000000000000e-02
  4.972859147624077e-01   1.337640526806629e-01  -5.010000000000000e-02
  4.973558363223213e-01   1.338107255209945e-01  -5.010000000000000e-02
  4.974266971933504e-01   1.338568416648400e-01  -5.010000000000000e-02
  4.974982729530526e-01   1.339027241768197e-01  -5.010000000000000e-02
  4.975705660759165e-01   1.339483595937139e-01  -5.010000000000000e-02
  4.976436611475324e-01   1.339935988878886e-01  -5.010000000000000e-02
  4.977175615423411e-01   1.340384144591854e-01  -5.010000000000000e-02
  4.977921644451321e-01   1.340829591783529e-01  -5.010000000000001e-02
  4.978674702988817e-01   1.341272202674569e-01  -5.010000000000000e-02
  4.979435766773490e-01   1.341710129070780e-01  -5.010000000000000e-02
  4.980204189487970e-01   1.342144267549590e-01  -5.010000000000000e-02
  4.980979413254720e-01   1.342575445697040e-01  -5.010000000000001e-02
  4.981761414797267e-01   1.343003564499600e-01  -5.010000000000000e-02
  4.982550993093737e-01   1.343426968165942e-01  -5.010000000000000e-02
  4.983347602800541e-01   1.343846440900957e-01  -5.010000000000000e-02
  4.984150728389556e-01   1.344262785022221e-01  -5.010000000000000e-02
  4.984960328193070e-01   1.344675923771362e-01  -5.010000000000000e-02
  4.985776721099238e-01   1.345085046890628e-01  -5.010000000000000e-02
  4.986600075033523e-01   1.345489582438160e-01  -5.010000000000000e-02
  4.987429639628800e-01   1.345890846525309e-01  -5.010000000000000e-02
  4.988265331325674e-01   1.346288840178239e-01  -5.009999999999999e-02
  4.989107054417238e-01   1.346683585956892e-01  -5.010000000000000e-02
  4.989955492015094e-01   1.347073395941179e-01  -5.010000000000001e-02
  4.990809860510425e-01   1.347459731846124e-01  -5.010000000000000e-02
  4.991669968613274e-01   1.347842823552064e-01  -5.010000000000000e-02
  4.992535745007228e-01   1.348222640750151e-01  -5.010000000000001e-02
  4.993407231634360e-01   1.348598883868243e-01  -5.010000000000000e-02
  4.994284765730963e-01   1.348970521603496e-01  -5.010000000000000e-02
  4.995167627585921e-01   1.349339012579602e-01  -5.010000000000000e-02
  4.996055733530356e-01   1.349704354464783e-01  -5.010000000000000e-02
  4.996948994889067e-01   1.350066555550209e-01  -5.010000000000000e-02
  4.997847556539038e-01   1.350425030607397e-01  -5.009999999999999e-02
  4.998751446590268e-01   1.350779449267140e-01  -5.010000000000000e-02
  4.999660154821041e-01   1.351130871298998e-01  -5.010000000000000e-02
  5.000573582153344e-01   1.351479333336332e-01  -5.010000000000001e-02
  5.001491638919244e-01   1.351824846451964e-01  -5.010000000000000e-02
  5.002414589278075e-01   1.352166457435167e-01  -5.010000000000000e-02
  5.003342141763120e-01   1.352504682742950e-01  -5.009999999999999e-02
  5.004273990831779e-01   1.352840114554353e-01  -5.010000000000000e-02
  5.005210054951430e-01   1.353172741641956e-01  -5.010000000000000e-02
  5.006150257446542e-01   1.353502538028427e-01  -5.010000000000000e-02
  5.007094849842905e-01   1.353828511621481e-01  -5.010000000000000e-02
  5.008043399714885e-01   1.354151633205164e-01  -5.010000000000000e-02
  5.008995744843988e-01   1.354472123871054e-01  -5.010000000000000e-02
  5.009951781844894e-01   1.354790034995947e-01  -5.010000000000000e-02
  5.010911511153338e-01   1.355105098831955e-01  -5.010000000000000e-02
  5.011875050327559e-01   1.355416662690174e-01  -5.009999999999999e-02
  5.012841972121962e-01   1.355725758015324e-01  -5.010000000000000e-02
  5.013812175105642e-01   1.356032431581726e-01  -5.009999999999999e-02
  5.014785557971075e-01   1.356336728880098e-01  -5.010000000000000e-02
  5.015762305498491e-01   1.356637760025792e-01  -5.010000000000000e-02
  5.016742114313455e-01   1.356936198758124e-01  -5.010000000000000e-02
  5.017724794129197e-01   1.357232378121524e-01  -5.010000000000000e-02
  5.018710253300327e-01   1.357526311720152e-01  -5.010000000000000e-02
  5.019698557255063e-01   1.357817475617598e-01  -5.010000000000000e-02
  5.020689626792932e-01   1.358105813779890e-01  -5.010000000000001e-02
  5.021683172000836e-01   1.358392006835470e-01  -5.010000000000000e-02
  5.022679104275700e-01   1.358676056070260e-01  -5.010000000000001e-02
  5.023677415095448e-01   1.358957675562901e-01  -5.010000000000000e-02
  5.024678144878694e-01   1.359236382934209e-01  -5.010000000000000e-02
  5.025680954865807e-01   1.359513058848158e-01  -5.010000000000000e-02
  5.026685755220102e-01   1.359787706982415e-01  -5.010000000000001e-02
  5.027692523956846e-01   1.360060077487483e-01  -5.009999999999999e-02
  5.028701327221761e-01   1.360329572073961e-01  -5.010000000000000e-02
  5.029711834433313e-01   1.360597075933226e-01  -5.010000000000000e-02
  5.030723952684229e-01   1.360862602404953e-01  -5.010000000000000e-02
  5.031737688497067e-01   1.361125778140872e-01  -5.010000000000000e-02
  5.032753039029840e-01   1.361386244765720e-01  -5.010000000000000e-02
  5.033769708357030e-01   1.361644791720998e-01  -5.010000000000000e-02
  5.034787604153268e-01   1.361901429605358e-01  -5.010000000000000e-02
  5.035806807875499e-01   1.362155466460585e-01  -5.010000000000000e-02
  5.036827182095798e-01   1.362407068575002e-01  -5.010000000000000e-02
  5.037848499854584e-01   1.362656783977922e-01  -5.009999999999999e-02
  5.038870665073355e-01   1.362904638770984e-01  -5.010000000000000e-02
  5.039893900838652e-01   1.363149317792000e-01  -5.010000000000000e-02
  5.040917806030951e-01   1.363392097264227e-01  -5.010000000000000e-02
  5.041942284886380e-01   1.363633003484972e-01  -5.010000000000000e-02
  5.042967394892917e-01   1.363871401160911e-01  -5.010000000000000e-02
  5.043993062040526e-01   1.364107197024670e-01  -5.010000000000000e-02
  5.045019036098922e-01   1.364341079179846e-01  -5.010000000000001e-02
  5.046045255490119e-01   1.364572926146270e-01  -5.010000000000000e-02
  5.047071878334994e-01   1.364801615795685e-01  -5.010000000000001e-02
  5.048098532774249e-01   1.365028393808544e-01  -5.009999999999999e-02
  5.049125129300148e-01   1.365253266811152e-01  -5.010000000000000e-02
  5.050151831227582e-01   1.365475064248982e-01  -5.010000000000000e-02
  5.051178369585154e-01   1.365694592388465e-01  -5.010000000000000e-02
  5.052204589069331e-01   1.365912165022910e-01  -5.010000000000000e-02
  5.053230590961797e-01   1.366126876284753e-01  -5.010000000000000e-02
  5.054256224560336e-01   1.366338996736970e-01  -5.010000000000000e-02
  5.055281270330662e-01   1.366549160788892e-01  -5.010000000000000e-02
  5.056305799634713e-01   1.366756587862755e-01  -5.010000000000000e-02
  5.057329744546548e-01   1.366961152576918e-01  -5.010000000000000e-02
  5.058352842939282e-01   1.367163726693060e-01  -5.009999999999999e-02
  5.059375162182337e-01   1.367363530017606e-01  -5.010000000000000e-02
  5.060396653692167e-01   1.367560338249389e-01  -5.010000000000000e-02
  5.061417041040587e-01   1.367755135894371e-01  -5.010000000000000e-02
  5.062436413037907e-01   1.367947007628972e-01  -5.009999999999999e-02
  5.063454687316169e-01   1.368135906305304e-01  -5.010000000000000e-02
  5.064471604710361e-01   1.368322773160269e-01  -5.010000000000000e-02
  5.065487308824230e-01   1.368506361500453e-01  -5.010000000000000e-02
  5.066501621249616e-01   1.368687160222452e-01  -5.010000000000000e-02
  5.067514324472026e-01   1.368865934015091e-01  -5.010000000000000e-02
  5.068525643591755e-01   1.369040919552294e-01  -5.009999999999999e-02
  5.069535255596384e-01   1.369213471312778e-01  -5.009999999999999e-02
  5.070543028452119e-01   1.369383910023855e-01  -5.010000000000000e-02
  5.071549232598150e-01   1.369550117942028e-01  -5.010000000000000e-02
  5.072553418271051e-01   1.369714296349946e-01  -5.010000000000000e-02
  5.073555641876189e-01   1.369875636319364e-01  -5.010000000000000e-02
  5.074555950656203e-01   1.370033308961291e-01  -5.010000000000000e-02
  5.075554005797038e-01   1.370188965480961e-01  -5.010000000000000e-02
  5.076550004902185e-01   1.370340833746002e-01  -5.009999999999999e-02
  5.077543703723563e-01   1.370489964886882e-01  -5.010000000000000e-02
  5.078534960001999e-01   1.370636833527704e-01  -5.010000000000000e-02
  5.079524012363199e-01   1.370779268174347e-01  -5.010000000000000e-02
  5.080510424565177e-01   1.370919747027561e-01  -5.010000000000000e-02
  5.081494355881874e-01   1.371056650202988e-01  -5.010000000000000e-02
  5.082475666419496e-01   1.371190402218285e-01  -5.010000000000000e-02
  5.083454147783141e-01   1.371322040498141e-01  -5.010000000000000e-02
  5.084430069998208e-01   1.371448966176576e-01  -5.010000000000000e-02
  5.085402984350067e-01   1.371574043582280e-01  -5.010000000000000e-02
  5.086373079430412e-01   1.371695283429057e-01  -5.010000000000000e-02
  5.087340172712634e-01   1.371813528795698e-01  -5.010000000000001e-02
  5.088304141065982e-01   1.371929281817602e-01  -5.010000000000000e-02
  5.089265137627619e-01   1.372040636445314e-01  -5.010000000000000e-02
  5.090222780655355e-01   1.372150311683729e-01  -5.010000000000000e-02
  5.091177344713727e-01   1.372255312012587e-01  -5.010000000000001e-02
  5.092128476995212e-01   1.372358182664581e-01  -5.010000000000000e-02
  5.093076271970547e-01   1.372457518105916e-01  -5.010000000000001e-02
  5.094020636311674e-01   1.372553527276617e-01  -5.010000000000001e-02
  5.094961422902302e-01   1.372647118074719e-01  -5.010000000000000e-02
  5.095898759163415e-01   1.372736311006946e-01  -5.010000000000000e-02
  5.096832299020186e-01   1.372824138866308e-01  -5.010000000000000e-02
  5.097762352790518e-01   1.372906589855370e-01  -5.010000000000000e-02
  5.098688495351772e-01   1.372987708606038e-01  -5.010000000000000e-02
  5.099610947953911e-01   1.373064347993771e-01  -5.009999999999999e-02
  5.100529455334759e-01   1.373138801786594e-01  -5.010000000000000e-02
  5.101444090805595e-01   1.373209572979546e-01  -5.010000000000000e-02
  5.102354731906005e-01   1.373277434030119e-01  -5.010000000000000e-02
  5.103261333730713e-01   1.373342389221392e-01  -5.010000000000000e-02
  5.104163884321908e-01   1.373403760405444e-01  -5.010000000000001e-02
  5.105062251267678e-01   1.373462857949602e-01  -5.010000000000000e-02
  5.105956498291810e-01   1.373517823312531e-01  -5.010000000000000e-02
  5.106846433689617e-01   1.373571069535011e-01  -5.010000000000000e-02
  5.107732171248121e-01   1.373619753320522e-01  -5.010000000000000e-02
  5.108613486000708e-01   1.373667166799451e-01  -5.010000000000000e-02
  5.109490517803191e-01   1.373709704888422e-01  -5.010000000000000e-02
  5.110363031102759e-01   1.373751306355054e-01  -5.010000000000000e-02
  5.111231170740354e-01   1.373787846579585e-01  -5.010000000000000e-02
  5.112094709908648e-01   1.373823662261616e-01  -5.009999999999999e-02
  5.112953782632516e-01   1.373854321497405e-01  -5.010000000000000e-02
  5.113808184850999e-01   1.373884335278890e-01  -5.010000000000000e-02
  5.114658021798508e-01   1.373909372590900e-01  -5.010000000000000e-02
  5.115503127313081e-01   1.373933721017065e-01  -5.010000000000000e-02
  5.116343575585296e-01   1.373953242154374e-01  -5.010000000000000e-02
  5.117179239263793e-01   1.373971867143108e-01  -5.010000000000000e-02
  5.118010153224211e-01   1.373986137796711e-01  -5.010000000000000e-02
  5.118836233122308e-01   1.373999183669453e-01  -5.010000000000000e-02
  5.119657480041124e-01   1.374008422138997e-01  -5.010000000000000e-02
  5.120473845309278e-01   1.374015937152110e-01  -5.009999999999999e-02
  5.121285304318849e-01   1.374020334550546e-01  -5.010000000000000e-02
  5.122091832395459e-01   1.374022326549816e-01  -5.010000000000000e-02
  5.122893394091497e-01   1.374022117689900e-01  -5.009999999999999e-02
  5.123689970038911e-01   1.374018691655031e-01  -5.009999999999999e-02
  5.124481537005209e-01   1.374014146429685e-01  -5.010000000000000e-02
  5.125268054931871e-01   1.374005409843497e-01  -5.010000000000000e-02
  5.126049541163951e-01   1.373996729149020e-01  -5.010000000000000e-02
  5.126825904406365e-01   1.373982821156713e-01  -5.010000000000000e-02
  5.127597207615905e-01   1.373968928966708e-01  -5.010000000000001e-02
  5.128363357726066e-01   1.373951316356141e-01  -5.010000000000000e-02
  5.129124394535648e-01   1.373932370824054e-01  -5.010000000000000e-02
  5.129880274455133e-01   1.373911286045002e-01  -5.010000000000000e-02
  5.130630965472680e-01   1.373887270439342e-01  -5.010000000000000e-02
  5.131376531558032e-01   1.373862982024250e-01  -5.010000000000000e-02
  5.132116811672784e-01   1.373834099420240e-01  -5.010000000000000e-02
  5.132851969330408e-01   1.373805416672876e-01  -5.010000000000000e-02
  5.133581845184977e-01   1.373773324424491e-01  -5.009999999999999e-02
  5.134306524067259e-01   1.373739930984131e-01  -5.010000000000000e-02
  5.135025996429361e-01   1.373705345438596e-01  -5.010000000000000e-02
  5.135740145280368e-01   1.373667275898801e-01  -5.010000000000000e-02
  5.136449155135405e-01   1.373629480306392e-01  -5.010000000000000e-02
  5.137152795200611e-01   1.373587925553558e-01  -5.010000000000000e-02
  5.137851240362430e-01   1.373545695276656e-01  -5.010000000000000e-02
  5.138544457084515e-01   1.373502371714468e-01  -5.010000000000000e-02
  5.139232310084384e-01   1.373455825564222e-01  -5.010000000000000e-02
  5.139915030012399e-01   1.373409626762513e-01  -5.010000000000000e-02
  5.140592370424899e-01   1.373360281452037e-01  -5.010000000000000e-02
  5.141264484649184e-01   1.373309890025156e-01  -5.010000000000000e-02
  5.141931447838249e-01   1.373259486352813e-01  -5.010000000000000e-02
  5.142592952804531e-01   1.373205097609265e-01  -5.010000000000000e-02
  5.143249351564263e-01   1.373151128696517e-01  -5.009999999999999e-02
  5.143900487515695e-01   1.373095680838456e-01  -5.009999999999999e-02
  5.144546285873146e-01   1.373037799064099e-01  -5.010000000000000e-02
  5.145187002874323e-01   1.372980372722795e-01  -5.010000000000000e-02
  5.145822369107623e-01   1.372920420239484e-01  -5.010000000000000e-02
  5.146452525295662e-01   1.372859350031054e-01  -5.010000000000000e-02
  5.147077631365921e-01   1.372798769243740e-01  -5.010000000000000e-02
  5.147697318357918e-01   1.372734903322419e-01  -5.010000000000000e-02
  5.148311907114590e-01   1.372670829397117e-01  -5.010000000000001e-02
  5.148921483090292e-01   1.372607278079088e-01  -5.010000000000000e-02
  5.149525606359329e-01   1.372540056387557e-01  -5.009999999999999e-02
  5.150124725460326e-01   1.372473198120004e-01  -5.009999999999999e-02
  5.150718874712933e-01   1.372406893567362e-01  -5.010000000000000e-02
  5.151307573503546e-01   1.372336849143892e-01  -5.009999999999999e-02
  5.151891335648410e-01   1.372267392091266e-01  -5.009999999999999e-02
  5.152470176433541e-01   1.372198520590726e-01  -5.010000000000000e-02
  5.153043617666038e-01   1.372126205717887e-01  -5.010000000000000e-02
  5.153612155961912e-01   1.372054360643828e-01  -5.010000000000000e-02
  5.154175826241043e-01   1.371983130731538e-01  -5.010000000000000e-02
  5.154734203552994e-01   1.371909112633651e-01  -5.010000000000000e-02
  5.155287670695158e-01   1.371835111021174e-01  -5.010000000000000e-02
  5.155836327721249e-01   1.371761752547770e-01  -5.010000000000000e-02
  5.156379851318736e-01   1.371686545397516e-01  -5.010000000000000e-02
  5.156918408430762e-01   1.371610562732987e-01  -5.010000000000000e-02
  5.157452217578699e-01   1.371535249937920e-01  -5.010000000000000e-02
  5.157981122580948e-01   1.371459387009640e-01  -5.010000000000000e-02
  5.158504955453279e-01   1.371381669538921e-01  -5.010000000000000e-02
  5.159024106313087e-01   1.371304646706111e-01  -5.010000000000000e-02
  5.159538596288755e-01   1.371228315376538e-01  -5.010000000000000e-02
  5.160047939275281e-01   1.371149333958718e-01  -5.009999999999999e-02
  5.160552618776441e-01   1.371070735399480e-01  -5.010000000000000e-02
  5.161052707976674e-01   1.370992851731650e-01  -5.010000000000000e-02
  5.161548018654173e-01   1.370914357039744e-01  -5.010000000000000e-02
  5.162038443808950e-01   1.370834433039410e-01  -5.010000000000000e-02
  5.162524352215304e-01   1.370755245128159e-01  -5.010000000000001e-02
  5.163005767285559e-01   1.370676789490513e-01  -5.010000000000000e-02
  5.163482305175744e-01   1.370596615993755e-01  -5.010000000000000e-02
  5.163954248983291e-01   1.370516276088665e-01  -5.010000000000000e-02
  5.164421776578920e-01   1.370436687963852e-01  -5.010000000000000e-02
  5.164884912433528e-01   1.370357847453588e-01  -5.010000000000000e-02
  5.165343156439736e-01   1.370276731360184e-01  -5.010000000000000e-02
  5.165797029751746e-01   1.370196189793729e-01  -5.010000000000000e-02
  5.166246591422274e-01   1.370116413344654e-01  -5.010000000000000e-02
  5.166691863908406e-01   1.370037381483371e-01  -5.010000000000000e-02
  5.167132325238137e-01   1.369956065164283e-01  -5.010000000000001e-02
  5.167568556920394e-01   1.369875529706850e-01  -5.010000000000000e-02
  5.168000584865802e-01   1.369795770327553e-01  -5.009999999999999e-02
  5.168428435160430e-01   1.369716782210476e-01  -5.010000000000000e-02
  5.168851632916423e-01   1.369635897611251e-01  -5.010000000000001e-02
  5.169270661218141e-01   1.369555538279536e-01  -5.010000000000000e-02
  5.169685596417327e-01   1.369475963904309e-01  -5.009999999999999e-02
  5.170096465175721e-01   1.369397169372505e-01  -5.010000000000000e-02
  5.170502953640959e-01   1.369317405087818e-01  -5.010000000000000e-02
  5.170905240097605e-01   1.369237441066344e-01  -5.009999999999999e-02
  5.171303546089947e-01   1.369158268257022e-01  -5.010000000000000e-02
  5.171697898714709e-01   1.369079881273732e-01  -5.009999999999999e-02
  5.172088234823273e-01   1.369001828117079e-01  -5.010000000000000e-02
  5.172474233865134e-01   1.368922383901074e-01  -5.010000000000000e-02
  5.172856366673477e-01   1.368843735412150e-01  -5.010000000000000e-02
  5.173234660648349e-01   1.368765877010978e-01  -5.010000000000000e-02
  5.173609143255846e-01   1.368688803044638e-01  -5.010000000000001e-02
  5.173979593262926e-01   1.368611319181424e-01  -5.010000000000000e-02
  5.174346026637684e-01   1.368533364276714e-01  -5.010000000000000e-02
  5.174708736540495e-01   1.368456201502090e-01  -5.010000000000000e-02
  5.175067750591469e-01   1.368379824981660e-01  -5.010000000000000e-02
  5.175423096441547e-01   1.368304228832973e-01  -5.010000000000000e-02
  5.175774524186958e-01   1.368228123128401e-01  -5.010000000000000e-02
  5.176122122563279e-01   1.368151784350644e-01  -5.010000000000000e-02
  5.176466140900472e-01   1.368076231813072e-01  -5.010000000000000e-02
  5.176806606869047e-01   1.368001459438749e-01  -5.010000000000000e-02
  5.177143548138833e-01   1.367927461150887e-01  -5.010000000000000e-02
  5.177476821110628e-01   1.367853462923610e-01  -5.010000000000000e-02
  5.177806320020637e-01   1.367778860444912e-01  -5.010000000000000e-02
  5.178132382143442e-01   1.367705036095781e-01  -5.010000000000000e-02
  5.178455035048974e-01   1.367631983634056e-01  -5.010000000000000e-02
  5.178774306278524e-01   1.367559696824062e-01  -5.010000000000000e-02
  5.179090223339554e-01   1.367488169437779e-01  -5.010000000000000e-02
  5.179402426169921e-01   1.367415708591142e-01  -5.010000000000000e-02
  5.179711265056588e-01   1.367343713280389e-01  -5.010000000000000e-02
  5.180016836827920e-01   1.367272479586757e-01  -5.010000000000000e-02
  5.180319168766847e-01   1.367202001150157e-01  -5.010000000000000e-02
  5.180618288098555e-01   1.367132271623960e-01  -5.010000000000000e-02
  5.180914221986078e-01   1.367063284676026e-01  -5.010000000000000e-02
  5.181206568006699e-01   1.366993217300824e-01  -5.010000000000000e-02
  5.181495782407863e-01   1.366923878627407e-01  -5.010000000000000e-02
  5.181781897045408e-01   1.366855283117181e-01  -5.010000000000000e-02
  5.182064938752149e-01   1.366787424337023e-01  -5.010000000000001e-02
  5.182344934278604e-01   1.366720295873541e-01  -5.010000000000000e-02
  5.182621910289299e-01   1.366653891333959e-01  -5.010000000000000e-02
  5.182895598563830e-01   1.366586991150328e-01  -5.010000000000000e-02
  5.183166211951351e-01   1.366520355946808e-01  -5.010000000000000e-02
  5.183433889639759e-01   1.366454443622928e-01  -5.010000000000000e-02
  5.183698657875779e-01   1.366389247715754e-01  -5.010000000000000e-02
  5.183960542803484e-01   1.366324761787633e-01  -5.010000000000000e-02
  5.184219570461253e-01   1.366260979426934e-01  -5.010000000000001e-02
  5.184475766778838e-01   1.366197894248778e-01  -5.010000000000000e-02
  5.184728778676322e-01   1.366133981002019e-01  -5.010000000000000e-02
  5.184979010744825e-01   1.366070752206177e-01  -5.010000000000000e-02
  5.185226492747055e-01   1.366008218298804e-01  -5.010000000000000e-02
  5.185471250112419e-01   1.365946372854381e-01  -5.010000000000000e-02
  5.185713308148696e-01   1.365885209478123e-01  -5.010000000000001e-02
  5.185952692039704e-01   1.365824721806568e-01  -5.010000000000000e-02
  5.186189426843024e-01   1.365764903508148e-01  -5.010000000000000e-02
  5.186423290146263e-01   1.365704781453288e-01  -5.010000000000000e-02
  5.186654451595374e-01   1.365644915567337e-01  -5.010000000000000e-02
  5.186883042241606e-01   1.365585715464511e-01  -5.009999999999999e-02
  5.187109086579795e-01   1.365527174801170e-01  -5.010000000000000e-02
  5.187332608968794e-01   1.365469287268890e-01  -5.010000000000000e-02
  5.187553633629736e-01   1.365412046594914e-01  -5.010000000000000e-02
  5.187772184644375e-01   1.365355446542582e-01  -5.010000000000000e-02
  5.187988285953504e-01   1.365299480911738e-01  -5.010000000000000e-02
  5.188201718862336e-01   1.365243218228745e-01  -5.010000000000000e-02
  5.188412672024471e-01   1.365187281974894e-01  -5.010000000000000e-02
  5.188621250045823e-01   1.365131975512397e-01  -5.010000000000000e-02
  5.188827476253672e-01   1.365077292655803e-01  -5.010000000000000e-02
  5.189031373827779e-01   1.365023227258775e-01  -5.010000000000000e-02
  5.189232965799245e-01   1.364969773214398e-01  -5.010000000000000e-02
  5.189432275049437e-01   1.364916924455456e-01  -5.010000000000000e-02
  5.189629324308978e-01   1.364864674954708e-01  -5.010000000000000e-02
  5.189824136156802e-01   1.364813018725130e-01  -5.010000000000000e-02
  5.190016437712983e-01   1.364760848876001e-01  -5.010000000000000e-02
  5.190206549284103e-01   1.364709270613349e-01  -5.010000000000000e-02
  5.190394493597078e-01   1.364658280339157e-01  -5.010000000000000e-02
  5.190580292582144e-01   1.364607872103637e-01  -5.010000000000000e-02
  5.190763968014291e-01   1.364558039999121e-01  -5.010000000000000e-02
  5.190945541512668e-01   1.364508778160219e-01  -5.010000000000001e-02
  5.191125034540057e-01   1.364460080763968e-01  -5.010000000000001e-02
  5.191302468402387e-01   1.364411942029958e-01  -5.010000000000000e-02
  5.191477864248317e-01   1.364364356220446e-01  -5.010000000000000e-02
  5.191651178103530e-01   1.364317080766079e-01  -5.010000000000000e-02
  5.191822302338380e-01   1.364269641618430e-01  -5.009999999999999e-02
  5.191991454034112e-01   1.364222749299081e-01  -5.009999999999999e-02
  5.192158653676070e-01   1.364176398129074e-01  -5.010000000000000e-02
  5.192323921591162e-01   1.364130582473375e-01  -5.010000000000000e-02
  5.192487277947713e-01   1.364085296740909e-01  -5.010000000000000e-02
  5.192648742755370e-01   1.364040535384592e-01  -5.010000000000000e-02
  5.192808335865043e-01   1.363996292901344e-01  -5.010000000000001e-02
  5.192966076968887e-01   1.363952563832097e-01  -5.010000000000000e-02
  5.193121985600326e-01   1.363909342761784e-01  -5.010000000000000e-02
  5.193276081134116e-01   1.363866624319326e-01  -5.010000000000000e-02
  5.193428327901383e-01   1.363824207283453e-01  -5.010000000000000e-02
  5.193578623497009e-01   1.363781652849254e-01  -5.010000000000000e-02
  5.193727165865776e-01   1.363739594820667e-01  -5.010000000000000e-02
  5.193873973720311e-01   1.363698027899430e-01  -5.010000000000000e-02
  5.194019065615662e-01   1.363656946831899e-01  -5.010000000000000e-02
  5.194162459949565e-01   1.363616346408972e-01  -5.010000000000000e-02
  5.194304174962741e-01   1.363576221466002e-01  -5.010000000000000e-02
  5.194444228739232e-01   1.363536566882704e-01  -5.010000000000000e-02
  5.194582639206756e-01   1.363497377583057e-01  -5.010000000000000e-02
  5.194719424137095e-01   1.363458648535188e-01  -5.010000000000000e-02
  5.194854601146515e-01   1.363420374751259e-01  -5.010000000000000e-02
  5.194988187696199e-01   1.363382551287340e-01  -5.009999999999999e-02
  5.195120201092723e-01   1.363345173243277e-01  -5.010000000000000e-02
  5.195250550509094e-01   1.363307858163147e-01  -5.010000000000000e-02
  5.195379276376462e-01   1.363270683175654e-01  -5.010000000000000e-02
  5.195506482360948e-01   1.363233947118023e-01  -5.010000000000000e-02
  5.195632185130898e-01   1.363197645176568e-01  -5.010000000000000e-02
  5.195756401202974e-01   1.363161772581416e-01  -5.010000000000001e-02
  5.195879146942731e-01   1.363126324606322e-01  -5.010000000000000e-02
  5.196000438565259e-01   1.363091296568503e-01  -5.010000000000000e-02
  5.196120292135813e-01   1.363056683828443e-01  -5.010000000000000e-02
  5.196238723570473e-01   1.363022481789705e-01  -5.010000000000000e-02
  5.196355748636826e-01   1.362988685898739e-01  -5.009999999999999e-02
  5.196471382954652e-01   1.362955291644680e-01  -5.010000000000000e-02
  5.196585641996636e-01   1.362922294559140e-01  -5.010000000000000e-02
  5.196698541089095e-01   1.362889690216004e-01  -5.010000000000000e-02
  5.196810095412718e-01   1.362857474231212e-01  -5.010000000000000e-02
  5.196920320003317e-01   1.362825642262543e-01  -5.010000000000000e-02
  5.197029114779741e-01   1.362793796456347e-01  -5.010000000000000e-02
  5.197136530440886e-01   1.362762055612332e-01  -5.010000000000000e-02
  5.197242662932365e-01   1.362730693939175e-01  -5.010000000000000e-02
  5.197347526692218e-01   1.362699707170498e-01  -5.010000000000000e-02
  5.197451136017821e-01   1.362669091081490e-01  -5.010000000000000e-02
  5.197553505066723e-01   1.362638841488661e-01  -5.009999999999999e-02
  5.197654647857473e-01   1.362608954249593e-01  -5.010000000000000e-02
  5.197754578270463e-01   1.362579425262692e-01  -5.010000000000000e-02
  5.197853310048790e-01   1.362550250466934e-01  -5.010000000000000e-02
  5.197950856799114e-01   1.362521425841613e-01  -5.010000000000000e-02
  5.198047231992530e-01   1.362492947406081e-01  -5.010000000000000e-02
  5.198142448965442e-01   1.362464811219491e-01  -5.010000000000001e-02
  5.198236520920455e-01   1.362437013380532e-01  -5.010000000000000e-02
  5.198329460927267e-01   1.362409550027168e-01  -5.010000000000000e-02
  5.198421281923558e-01   1.362382417336372e-01  -5.010000000000000e-02
  5.198511996715908e-01   1.362355611523858e-01  -5.010000000000000e-02
  5.198601617980695e-01   1.362329128843813e-01  -5.010000000000000e-02
  5.198690158265015e-01   1.362302965588626e-01  -5.010000000000000e-02
  5.198777471417128e-01   1.362276595416851e-01  -5.010000000000000e-02
  5.198863508083784e-01   1.362249811506925e-01  -5.009999999999999e-02
  5.198948505221412e-01   1.362223351210790e-01  -5.010000000000000e-02
  5.199032474816440e-01   1.362197210796974e-01  -5.010000000000000e-02
  5.199115412519717e-01   1.362171337096932e-01  -5.010000000000000e-02
  5.199196569214076e-01   1.362143404402291e-01  -5.010000000000000e-02
  5.199276743189963e-01   1.362115809941916e-01  -5.010000000000000e-02
  5.199355945831719e-01   1.362088549797521e-01  -5.009999999999999e-02
  5.199434188404487e-01   1.362061620091841e-01  -5.010000000000000e-02
  5.199511164366240e-01   1.362034137705913e-01  -5.010000000000000e-02
  5.199586684471477e-01   1.362005544532974e-01  -5.010000000000000e-02
  5.199661287742354e-01   1.361977298488833e-01  -5.010000000000000e-02
  5.199734984858383e-01   1.361949395530050e-01  -5.010000000000000e-02
  5.199807786385795e-01   1.361921831656073e-01  -5.009999999999999e-02
  5.199879272582837e-01   1.361893518966417e-01  -5.010000000000001e-02
  5.199949424434368e-01   1.361864379574412e-01  -5.010000000000000e-02
  5.200018722553592e-01   1.361835594802276e-01  -5.010000000000000e-02
  5.200087176936088e-01   1.361807160498085e-01  -5.010000000000000e-02
  5.200154797470130e-01   1.361779072554489e-01  -5.010000000000000e-02
  5.200221288963981e-01   1.361750625969278e-01  -5.010000000000000e-02
  5.200286319156116e-01   1.361721030826797e-01  -5.009999999999999e-02
  5.200350556140529e-01   1.361691796671955e-01  -5.010000000000000e-02
  5.200414009248771e-01   1.361662919257979e-01  -5.010000000000000e-02
  5.200476687711090e-01   1.361634394384195e-01  -5.010000000000000e-02
  5.200538600657337e-01   1.361606217895621e-01  -5.009999999999999e-02
  5.200598827307095e-01   1.361576437234829e-01  -5.009999999999999e-02
  5.200658198032155e-01   1.361546769690643e-01  -5.009999999999999e-02
  5.200716842732679e-01   1.361517464940832e-01  -5.010000000000000e-02
  5.200774769995572e-01   1.361488518694518e-01  -5.009999999999999e-02
  5.200831988313387e-01   1.361459926707975e-01  -5.010000000000000e-02
  5.200888310990147e-01   1.361431312660892e-01  -5.010000000000000e-02
  5.200943008135684e-01   1.361401264370033e-01  -5.010000000000000e-02
  5.200997035082245e-01   1.361371584258055e-01  -5.010000000000000e-02
  5.201050399789298e-01   1.361342267952363e-01  -5.010000000000000e-02
  5.201103110128034e-01   1.361313311128859e-01  -5.010000000000000e-02
  5.201155173882180e-01   1.361284709511491e-01  -5.010000000000000e-02
  5.201206386813920e-01   1.361256091985756e-01  -5.010000000000000e-02
  5.201255935147213e-01   1.361226032445380e-01  -5.010000000000000e-02
  5.201304875022407e-01   1.361196342038930e-01  -5.009999999999999e-02
  5.201353213699105e-01   1.361167016362214e-01  -5.010000000000000e-02
  5.201400958355557e-01   1.361138051060397e-01  -5.010000000000001e-02
  5.201448116089433e-01   1.361109441827527e-01  -5.010000000000001e-02
  5.201494693918610e-01   1.361081184406061e-01  -5.010000000000000e-02
  5.201539497782217e-01   1.361051397397923e-01  -5.010000000000000e-02
  5.201583570355937e-01   1.361021695642338e-01  -5.010000000000000e-02
  5.201627100424344e-01   1.360992359496447e-01  -5.010000000000000e-02
  5.201670094492161e-01   1.360963384576533e-01  -5.010000000000000e-02
  5.201712558990409e-01   1.360934766548551e-01  -5.010000000000000e-02
  5.201754500277139e-01   1.360906501127627e-01  -5.010000000000000e-02
  5.201795527100984e-01   1.360878027065417e-01  -5.010000000000000e-02
  5.201834902083142e-01   1.360848298282978e-01  -5.010000000000000e-02
  5.201873791472961e-01   1.360818936131029e-01  -5.010000000000001e-02
  5.201912201115395e-01   1.360789936196529e-01  -5.010000000000000e-02
  5.201950136788611e-01   1.360761294116865e-01  -5.009999999999999e-02
  5.201987604204659e-01   1.360733005579342e-01  -5.010000000000000e-02
  5.202024609010143e-01   1.360705066320676e-01  -5.010000000000000e-02
  5.202060600588008e-01   1.360676780064538e-01  -5.010000000000000e-02
  5.202094981304869e-01   1.360647392161751e-01  -5.009999999999999e-02
  5.202128937164694e-01   1.360618367417688e-01  -5.010000000000001e-02
  5.202162473302673e-01   1.360589701442900e-01  -5.010000000000000e-02
  5.202195594794777e-01   1.360561389898551e-01  -5.010000000000000e-02
  5.202228306658385e-01   1.360533428495899e-01  -5.010000000000000e-02
  5.202260613852874e-01   1.360505812995769e-01  -5.010000000000000e-02
  5.202292436765733e-01   1.360478447026234e-01  -5.010000000000000e-02
  5.202322001416196e-01   1.360449386241301e-01  -5.010000000000000e-02
  5.202351200048666e-01   1.360420685236378e-01  -5.009999999999999e-02
  5.202380037103941e-01   1.360392339646347e-01  -5.010000000000000e-02
  5.202408516971199e-01   1.360364345156836e-01  -5.010000000000000e-02
  5.202436643988531e-01   1.360336697503686e-01  -5.010000000000000e-02
  5.202464422443489e-01   1.360309392472419e-01  -5.010000000000001e-02
  5.202491856573615e-01   1.360282425897712e-01  -5.010000000000000e-02
  5.202518071526552e-01   1.360254968506268e-01  -5.010000000000000e-02
  5.202542630558806e-01   1.360226602372324e-01  -5.010000000000000e-02
  5.202566884960105e-01   1.360198588092737e-01  -5.010000000000000e-02
  5.202590838440990e-01   1.360170921381761e-01  -5.010000000000000e-02
  5.202614494668507e-01   1.360143598003893e-01  -5.010000000000000e-02
  5.202637857266664e-01   1.360116613773337e-01  -5.010000000000001e-02
  5.202660929816900e-01   1.360089964553464e-01  -5.010000000000000e-02
  5.202683715858546e-01   1.360063646256282e-01  -5.010000000000000e-02
  5.202705369162163e-01   1.360036985259105e-01  -5.010000000000000e-02
  5.202725128951153e-01   1.360009375355924e-01  -5.010000000000000e-02
  5.202744643214069e-01   1.359982108520738e-01  -5.010000000000000e-02
  5.202763914952118e-01   1.359955180560024e-01  -5.010000000000000e-02
  5.202782947131062e-01   1.359928587329792e-01  -5.010000000000000e-02
  5.202801742681598e-01   1.359902324735045e-01  -5.010000000000000e-02
  5.202820304499745e-01   1.359876388729243e-01  -5.010000000000000e-02
  5.202838635447227e-01   1.359850775313765e-01  -5.010000000000000e-02
  5.202856738351843e-01   1.359825480537389e-01  -5.010000000000000e-02
  5.202872378836025e-01   1.359799073618046e-01  -5.010000000000000e-02
  5.202887302872983e-01   1.359772662525861e-01  -5.010000000000000e-02
  5.202902041145913e-01   1.359746580180577e-01  -5.009999999999999e-02
  5.202916595933617e-01   1.359720822549392e-01  -5.010000000000000e-02
  5.202930969487778e-01   1.359695385647498e-01  -5.010000000000000e-02
  5.202945164033259e-01   1.359670265537552e-01  -5.010000000000000e-02
  5.202959181768407e-01   1.359645458329138e-01  -5.010000000000000e-02
  5.202973024865343e-01   1.359620960178249e-01  -5.010000000000000e-02
  5.202986695470255e-01   1.359596767286768e-01  -5.010000000000000e-02
  5.202998104140471e-01   1.359571857692320e-01  -5.010000000000000e-02
  5.203008451135556e-01   1.359546810974432e-01  -5.010000000000000e-02
  5.203018669137274e-01   1.359522076507632e-01  -5.010000000000001e-02
  5.203028759733032e-01   1.359497650449324e-01  -5.010000000000000e-02
  5.203038724491218e-01   1.359473529002947e-01  -5.010000000000000e-02
  5.203048564961418e-01   1.359449708417458e-01  -5.010000000000000e-02
  5.203058282674627e-01   1.359426184986813e-01  -5.010000000000001e-02
  5.203067879143463e-01   1.359402955049459e-01  -5.010000000000000e-02
  5.203077355862369e-01   1.359380014987829e-01  -5.010000000000000e-02
  5.203086714307826e-01   1.359357361227843e-01  -5.010000000000000e-02
  5.203093431399233e-01   1.359334145111900e-01  -5.010000000000000e-02
  5.203099445013013e-01   1.359311011401472e-01  -5.010000000000000e-02
  5.203105383541267e-01   1.359288166536801e-01  -5.010000000000000e-02
  5.203111247910885e-01   1.359265606952240e-01  -5.010000000000000e-02
  5.203117039037581e-01   1.359243329125140e-01  -5.010000000000000e-02
  5.203122757826021e-01   1.359221329575353e-01  -5.010000000000000e-02
  5.203128405169947e-01   1.359199604864747e-01  -5.010000000000000e-02
  5.203133981952307e-01   1.359178151596721e-01  -5.010000000000000e-02
  5.203139489045375e-01   1.359156966415730e-01  -5.010000000000000e-02
  5.203144927310879e-01   1.359136046006809e-01  -5.010000000000001e-02
  5.203150297600114e-01   1.359115387095107e-01  -5.010000000000000e-02
  5.203153038975684e-01   1.359094523164091e-01  -5.010000000000000e-02
  5.203155189465185e-01   1.359073819431832e-01  -5.010000000000000e-02
  5.203157313064075e-01   1.359053374587624e-01  -5.010000000000000e-02
  5.203159410105296e-01   1.359033185426066e-01  -5.010000000000000e-02
  5.203161480917753e-01   1.359013248780649e-01  -5.010000000000000e-02
  5.203163525826358e-01   1.358993561523303e-01  -5.010000000000000e-02
  5.203165545152073e-01   1.358974120563954e-01  -5.010000000000000e-02
  5.203167539211968e-01   1.358954922850074e-01  -5.010000000000000e-02
  5.203169508319249e-01   1.358935965366252e-01  -5.010000000000000e-02
  5.203171452783316e-01   1.358917245133751e-01  -5.010000000000000e-02
  5.203173372909807e-01   1.358898759210090e-01  -5.010000000000000e-02
  5.203175269000633e-01   1.358880504688611e-01  -5.010000000000000e-02
  5.203176546940640e-01   1.358862464356788e-01  -5.010000000000000e-02
  5.203175558609011e-01   1.358844595607418e-01  -5.010000000000000e-02
  5.203174582653143e-01   1.358826950608214e-01  -5.010000000000000e-02
  5.203173618919376e-01   1.358809526581030e-01  -5.010000000000000e-02
  5.203172667255921e-01   1.358792320781629e-01  -5.010000000000000e-02
  5.203171727512849e-01   1.358775330499273e-01  -5.009999999999999e-02
  5.203170799542057e-01   1.358758553056338e-01  -5.010000000000000e-02
  5.203169883197254e-01   1.358741985807919e-01  -5.010000000000000e-02
  5.203168978333939e-01   1.358725626141443e-01  -5.010000000000000e-02
  5.203168084809373e-01   1.358709471476290e-01  -5.010000000000000e-02
  5.203167202482568e-01   1.358693519263413e-01  -5.010000000000000e-02
  5.203166331214262e-01   1.358677766984967e-01  -5.010000000000000e-02
  5.203165470866895e-01   1.358662212153936e-01  -5.010000000000000e-02
  5.203164621304592e-01   1.358646852313771e-01  -5.010000000000000e-02
  5.203163782393149e-01   1.358631685038025e-01  -5.010000000000000e-02
  5.203162953999999e-01   1.358616707930000e-01  -5.010000000000000e-02
