220
  5.200987907739203e-01   1.367337759186342e-01  -5.010000000000001e-02
  5.200986247649272e-01   1.367287789586997e-01  -5.010000000000001e-02
  5.200982133578869e-01   1.367234821648693e-01  -5.010000000000001e-02
  5.200974960791506e-01   1.367178827856136e-01  -5.010000000000001e-02
  5.200963971961349e-01   1.367119855776538e-01  -5.010000000000001e-02
  5.200948606358296e-01   1.367058000276697e-01  -5.010000000000001e-02
  5.200928271334627e-01   1.366993404747929e-01  -5.010000000000001e-02
  5.200902272966080e-01   1.366926308543112e-01  -5.010000000000001e-02
  5.200870414142614e-01   1.366856807317008e-01  -5.010000000000001e-02
  5.200832792435717e-01   1.366784816547047e-01  -5.010000000000001e-02
  5.200788465558044e-01   1.366710777582469e-01  -5.010000000000001e-02
  5.200736921656221e-01   1.366634963648000e-01  -5.010000000000001e-02
  5.200678403258247e-01   1.366557108864138e-01  -5.010000000000001e-02
  5.200612635597439e-01   1.366477236313582e-01  -5.010000000000001e-02
  5.200538476734453e-01   1.366396126239809e-01  -5.010000000000002e-02
  5.200456246404273e-01   1.366313267807487e-01  -5.010000000000002e-02
  5.200365737382044e-01   1.366228518852565e-01  -5.010000000000002e-02
  5.200266049123568e-01   1.366142477412738e-01  -5.010000000000002e-02
  5.200157059968875e-01   1.366054829037021e-01  -5.010000000000002e-02
  5.200038541731440e-01   1.365965318289946e-01  -5.010000000000001e-02
  5.199909563141365e-01   1.365874553132020e-01  -5.010000000000001e-02
  5.199770079091111e-01   1.365781874241302e-01  -5.010000000000001e-02
  5.199619485146161e-01   1.365687341044794e-01  -5.010000000000001e-02
  5.199456845812096e-01   1.365591514197956e-01  -5.010000000000001e-02
  5.199281950562240e-01   1.365493691761533e-01  -5.010000000000001e-02
  5.199094028549263e-01   1.365394032832589e-01  -5.010000000000001e-02
  5.198892418671054e-01   1.365292405903917e-01  -5.010000000000001e-02
  5.198676266441460e-01   1.365189000873032e-01  -5.010000000000001e-02
  5.198444707867795e-01   1.365083954327170e-01  -5.010000000000001e-02
  5.198197084698620e-01   1.364976844349010e-01  -5.010000000000000e-02
  5.197932435669712e-01   1.364867793368359e-01  -5.010000000000001e-02
  5.197649825876964e-01   1.364756749728840e-01  -5.010000000000001e-02
  5.197348237099462e-01   1.364643743484577e-01  -5.010000000000001e-02
  5.197026596925169e-01   1.364528803263905e-01  -5.009999999999999e-02
  5.196683758027820e-01   1.364412024715137e-01  -5.010000000000000e-02
  5.196318542773974e-01   1.364293423498638e-01  -5.010000000000001e-02
  5.195929693211627e-01   1.364173087272105e-01  -5.010000000000001e-02
  5.195515873539587e-01   1.364051163572355e-01  -5.010000000000000e-02
  5.195075661158577e-01   1.363927900720147e-01  -5.010000000000001e-02
  5.194607599949707e-01   1.363803454777976e-01  -5.010000000000000e-02
  5.194110121767163e-01   1.363678177485718e-01  -5.010000000000000e-02
  5.193581621360508e-01   1.363552327568701e-01  -5.010000000000001e-02
  5.193020371516735e-01   1.363426426299024e-01  -5.010000000000000e-02
  5.192424564554972e-01   1.363301107420264e-01  -5.010000000000000e-02
  5.191792347761125e-01   1.363176959057526e-01  -5.010000000000001e-02
  5.191122619012940e-01   1.363050151372411e-01  -5.010000000000001e-02
  5.190413869352668e-01   1.362918312422751e-01  -5.010000000000001e-02
  5.189664198989864e-01   1.362780589285553e-01  -5.010000000000001e-02
  5.188871766899675e-01   1.362635361706924e-01  -5.010000000000001e-02
  5.188034618572693e-01   1.362481201902371e-01  -5.010000000000001e-02
  5.187150573806252e-01   1.362317505000977e-01  -5.010000000000001e-02
  5.186217348065980e-01   1.362143836745758e-01  -5.010000000000001e-02
  5.185232537983515e-01   1.361960023961947e-01  -5.009999999999999e-02
  5.184193671936997e-01   1.361765900507230e-01  -5.010000000000000e-02
  5.183098279695376e-01   1.361560960650811e-01  -5.010000000000001e-02
  5.181943878063015e-01   1.361344467766034e-01  -5.010000000000000e-02
  5.180727926062014e-01   1.361115730487972e-01  -5.010000000000001e-02
  5.179447825017900e-01   1.360874143408437e-01  -5.010000000000001e-02
  5.178100945914030e-01   1.360619089795484e-01  -5.010000000000001e-02
  5.176684643582183e-01   1.360349922137862e-01  -5.010000000000002e-02
  5.175196275888618e-01   1.360065924458177e-01  -5.010000000000001e-02
  5.173633215757210e-01   1.359766320148994e-01  -5.010000000000001e-02
  5.171992862907811e-01   1.359450290685390e-01  -5.010000000000000e-02
  5.170272698026093e-01   1.359116783981710e-01  -5.010000000000001e-02
  5.168470171836114e-01   1.358765181822391e-01  -5.010000000000001e-02
  5.166582854455973e-01   1.358394628839212e-01  -5.010000000000001e-02
  5.164608412755467e-01   1.358004262769540e-01  -5.010000000000000e-02
  5.162544635365606e-01   1.357593205378377e-01  -5.009999999999999e-02
  5.160389575295979e-01   1.357159978130936e-01  -5.009999999999999e-02
  5.158141445762654e-01   1.356703174849799e-01  -5.010000000000000e-02
  5.155798415158703e-01   1.356222584789679e-01  -5.010000000000000e-02
  5.153359082396374e-01   1.355716986673311e-01  -5.010000000000001e-02
  5.150822326461954e-01   1.355185057918123e-01  -5.010000000000001e-02
  5.148187326770086e-01   1.354625424732441e-01  -5.010000000000000e-02
  5.145453538129498e-01   1.354036930528278e-01  -5.010000000000001e-02
  5.142620858242505e-01   1.353417992874360e-01  -5.010000000000001e-02
  5.139689464816140e-01   1.352767504139802e-01  -5.009999999999999e-02
  5.136659978554448e-01   1.352084210865383e-01  -5.010000000000001e-02
  5.133533517375715e-01   1.351366604969477e-01  -5.010000000000001e-02
  5.130311539050341e-01   1.350613732195979e-01  -5.010000000000001e-02
  5.126996072846959e-01   1.349824281648135e-01  -5.010000000000001e-02
  5.123589594475976e-01   1.348997203272526e-01  -5.010000000000001e-02
  5.120095309385028e-01   1.348130639347215e-01  -5.010000000000001e-02
  5.116516934157458e-01   1.347222896355602e-01  -5.010000000000001e-02
  5.112858187922248e-01   1.346274431275702e-01  -5.010000000000001e-02
  5.109123465068294e-01   1.345285125768009e-01  -5.009999999999999e-02
  5.105318921919941e-01   1.344250372773410e-01  -5.009999999999999e-02
  5.101449146105487e-01   1.343173415676016e-01  -5.009999999999999e-02
  5.097520658405806e-01   1.342052275251471e-01  -5.009999999999999e-02
  5.093540089497044e-01   1.340886428758495e-01  -5.009999999999999e-02
  5.089513229013012e-01   1.339679780499659e-01  -5.010000000000001e-02
  5.085449816291356e-01   1.338424539840409e-01  -5.010000000000001e-02
  5.081354653782417e-01   1.337130395462864e-01  -5.009999999999998e-02
  5.077237583526379e-01   1.335791915832796e-01  -5.009999999999999e-02
  5.073105330260834e-01   1.334414337253459e-01  -5.009999999999999e-02
  5.068967166381586e-01   1.332995889716896e-01  -5.009999999999999e-02
  5.064830027754045e-01   1.331542150993201e-01  -5.009999999999999e-02
  5.060703487725078e-01   1.330051433021458e-01  -5.010000000000001e-02
  5.056594179184695e-01   1.328530344045694e-01  -5.010000000000001e-02
  5.052511774400702e-01   1.326977151432081e-01  -5.009999999999999e-02
  5.048462325418324e-01   1.325399412194323e-01  -5.009999999999999e-02
  5.044455054565029e-01   1.323796069545029e-01  -5.009999999999999e-02
  5.040495138547514e-01   1.322175627663846e-01  -5.009999999999999e-02
  5.036591404468669e-01   1.320536846866423e-01  -5.009999999999999e-02
  5.032748626016199e-01   1.318887405643006e-01  -5.010000000000001e-02
  5.028973661147964e-01   1.317229063754929e-01  -5.010000000000000e-02
  5.025271997535417e-01   1.315565716610763e-01  -5.009999999999999e-02
  5.021646630731194e-01   1.313905612793870e-01  -5.009999999999999e-02
  5.018105891284069e-01   1.312244218886176e-01  -5.009999999999999e-02
  5.014650657439963e-01   1.310591900840593e-01  -5.009999999999999e-02
  5.011284699820999e-01   1.308951505017493e-01  -5.010000000000000e-02
  5.008012244478827e-01   1.307323812099807e-01  -5.009999999999999e-02
  5.004834610944646e-01   1.305714312921553e-01  -5.009999999999999e-02
  5.001753432204453e-01   1.304126598097710e-01  -5.009999999999999e-02
  4.998769906093896e-01   1.302563914318535e-01  -5.009999999999999e-02
  4.995885516578216e-01   1.301027873892136e-01  -5.009999999999999e-02
  4.993100007119133e-01   1.299522291484513e-01  -5.009999999999999e-02
  4.990414799052715e-01   1.298046887287045e-01  -5.010000000000001e-02
  4.987828242973660e-01   1.296606056578509e-01  -5.010000000000000e-02
  4.985340407540472e-01   1.295200174987840e-01  -5.010000000000000e-02
  4.982949539783465e-01   1.293832044296061e-01  -5.009999999999999e-02
  4.980655046955738e-01   1.292501673179591e-01  -5.009999999999999e-02
  4.978455277851819e-01   1.291210239455027e-01  -5.009999999999999e-02
  4.976347749208839e-01   1.289959695245150e-01  -5.009999999999999e-02
  4.974330688481905e-01   1.288750229747928e-01  -5.009999999999999e-02
  4.972401938241827e-01   1.287582176005302e-01  -5.009999999999999e-02
  4.970559636279773e-01   1.286454970424771e-01  -5.009999999999999e-02
  4.968801756239516e-01   1.285367992467878e-01  -5.009999999999999e-02
  4.967126435402641e-01   1.284320082046809e-01  -5.009999999999999e-02
  4.965531629012751e-01   1.283310015913015e-01  -5.010000000000001e-02
  4.964009804875307e-01   1.282345121915776e-01  -5.010000000000001e-02
  4.962559858587605e-01   1.281422335371993e-01  -5.010000000000001e-02
  4.961181843063734e-01   1.280536656004979e-01  -5.010000000000000e-02
  4.959872719305534e-01   1.279687925378491e-01  -5.009999999999999e-02
  4.958630100404765e-01   1.278874828411620e-01  -5.009999999999999e-02
  4.957448112758576e-01   1.278101404983567e-01  -5.009999999999999e-02
  4.956324474058335e-01   1.277366161685351e-01  -5.010000000000000e-02
  4.955260134480869e-01   1.276662761337629e-01  -5.010000000000001e-02
  4.954255089633735e-01   1.275986352356662e-01  -5.010000000000001e-02
  4.953301215984127e-01   1.275344382294189e-01  -5.010000000000000e-02
  4.952397026628794e-01   1.274734393931497e-01  -5.010000000000001e-02
  4.951539756400157e-01   1.274155919099922e-01  -5.010000000000001e-02
  4.950727566482372e-01   1.273607221455792e-01  -5.010000000000001e-02
  4.949960768310660e-01   1.273083508272803e-01  -5.010000000000001e-02
  4.949234615874008e-01   1.272587555598470e-01  -5.010000000000001e-02
  4.948547212141876e-01   1.272118067785595e-01  -5.010000000000000e-02
  4.947899649791113e-01   1.271669539157883e-01  -5.009999999999999e-02
  4.947287857043110e-01   1.271244088795361e-01  -5.009999999999999e-02
  4.946709293700031e-01   1.270841746687093e-01  -5.010000000000000e-02
  4.946162319103004e-01   1.270461371892925e-01  -5.009999999999999e-02
  4.945645355259436e-01   1.270101867051826e-01  -5.009999999999999e-02
  4.945156886591127e-01   1.269762178206721e-01  -5.009999999999999e-02
  4.944695459378299e-01   1.269441294417863e-01  -5.009999999999999e-02
  4.944259680942491e-01   1.269138247194601e-01  -5.009999999999999e-02
  4.943848218607445e-01   1.268852109772770e-01  -5.009999999999999e-02
  4.943461213719365e-01   1.268579987607055e-01  -5.009999999999999e-02
  4.943097780697694e-01   1.268320565045432e-01  -5.009999999999999e-02
  4.942754834553875e-01   1.268075766246689e-01  -5.009999999999999e-02
  4.942431278505451e-01   1.267844808315226e-01  -5.009999999999999e-02
  4.942126067922867e-01   1.267626945582762e-01  -5.009999999999999e-02
  4.941838208607463e-01   1.267421468379161e-01  -5.009999999999999e-02
  4.941566755031669e-01   1.267227701776251e-01  -5.009999999999999e-02
  4.941310808556949e-01   1.267045004315781e-01  -5.009999999999999e-02
  4.941069603711049e-01   1.266872643561498e-01  -5.010000000000000e-02
  4.940842219975387e-01   1.266710194894329e-01  -5.009999999999999e-02
  4.940627785651398e-01   1.266557275242780e-01  -5.009999999999999e-02
  4.940425466836752e-01   1.266413451337560e-01  -5.010000000000000e-02
  4.940234538716739e-01   1.266278344193536e-01  -5.009999999999999e-02
  4.940054289328656e-01   1.266151562734091e-01  -5.009999999999999e-02
  4.939884065224170e-01   1.266032738232040e-01  -5.009999999999999e-02
  4.939723155439888e-01   1.265921445876934e-01  -5.010000000000000e-02
  4.939571090879374e-01   1.265817413928479e-01  -5.010000000000000e-02
  4.939427285666367e-01   1.265720276367110e-01  -5.010000000000000e-02
  4.939291231502435e-01   1.265629709301976e-01  -5.009999999999999e-02
  4.939162453902776e-01   1.265545401809498e-01  -5.010000000000000e-02
  4.939040510409658e-01   1.265467055796243e-01  -5.009999999999999e-02
  4.938924988913782e-01   1.265394385787642e-01  -5.010000000000000e-02
  4.938815506070575e-01   1.265327118635045e-01  -5.009999999999999e-02
  4.938711705795567e-01   1.265264993133245e-01  -5.009999999999999e-02
  4.938613152453521e-01   1.265207699242416e-01  -5.009999999999999e-02
  4.938519693638131e-01   1.265155089017331e-01  -5.010000000000000e-02
  4.938430976007829e-01   1.265106893687278e-01  -5.010000000000001e-02
  4.938346733029971e-01   1.265062892935203e-01  -5.010000000000000e-02
  4.938266718229006e-01   1.265022875548634e-01  -5.010000000000000e-02
  4.938190704087614e-01   1.264986638719206e-01  -5.010000000000001e-02
  4.938118480984182e-01   1.264953987284482e-01  -5.010000000000000e-02
  4.938049856146977e-01   1.264924732917067e-01  -5.009999999999999e-02
  4.937984652603371e-01   1.264898693270861e-01  -5.009999999999999e-02
  4.937922708101653e-01   1.264875691100939e-01  -5.009999999999999e-02
  4.937863873984315e-01   1.264855553381500e-01  -5.010000000000001e-02
  4.937808007018731e-01   1.264838108384324e-01  -5.010000000000000e-02
  4.937754995161263e-01   1.264823193170445e-01  -5.010000000000000e-02
  4.937704716940604e-01   1.264810640602291e-01  -5.010000000000000e-02
  4.937657065414087e-01   1.264800287000107e-01  -5.009999999999999e-02
  4.937611940580237e-01   1.264791969862618e-01  -5.009999999999999e-02
  4.937569141527237e-01   1.264785513609615e-01  -5.010000000000001e-02
  4.937528773356036e-01   1.264780788693565e-01  -5.010000000000001e-02
  4.937490660289620e-01   1.264777622301655e-01  -5.010000000000000e-02
  4.937454717428021e-01   1.264775859163726e-01  -5.009999999999999e-02
  4.937420860646402e-01   1.264775347600907e-01  -5.010000000000000e-02
  4.937389005855530e-01   1.264775940643204e-01  -5.010000000000001e-02
  4.937359068533843e-01   1.264777497205395e-01  -5.010000000000000e-02
  4.937330963532954e-01   1.264779883230298e-01  -5.010000000000000e-02
  4.937304605135208e-01   1.264782972714346e-01  -5.010000000000000e-02
  4.937279907322509e-01   1.264786648546111e-01  -5.010000000000000e-02
  4.937256784202736e-01   1.264790803110915e-01  -5.010000000000000e-02
  4.937235150534927e-01   1.264795338639628e-01  -5.009999999999999e-02
  4.937214922296426e-01   1.264800167303447e-01  -5.010000000000001e-02
  4.937196017242814e-01   1.264805211075745e-01  -5.009999999999999e-02
  4.937178355422406e-01   1.264810401395522e-01  -5.010000000000001e-02
  4.937161942592032e-01   1.264815651071808e-01  -5.010000000000001e-02
  4.937146521151547e-01   1.264820968316988e-01  -5.009999999999999e-02
  4.937132121491810e-01   1.264826278424238e-01  -5.010000000000001e-02
  4.937118676708308e-01   1.264831544602335e-01  -5.009999999999999e-02
  4.937106123437977e-01   1.264836736328742e-01  -5.010000000000000e-02
  4.937094401894118e-01   1.264841828655260e-01  -5.010000000000000e-02
  4.937083455845476e-01   1.264846801543194e-01  -5.010000000000000e-02
  4.937073232549717e-01   1.264851639239713e-01  -5.010000000000001e-02
  4.937063682651170e-01   1.264856329702660e-01  -5.010000000000001e-02
  4.937054796154563e-01   1.264860845431493e-01  -5.010000000000000e-02
