620
  5.192873011584640e-01   1.364198713754850e-01  -5.010000000000001e-02
  5.192872179578119e-01   1.364218696441485e-01  -5.010000000000001e-02
  5.192871257270582e-01   1.364240571514140e-01  -5.010000000000001e-02
  5.192869264376817e-01   1.364266089442865e-01  -5.010000000000001e-02
  5.192866503692313e-01   1.364295292204148e-01  -5.010000000000001e-02
  5.192862422843330e-01   1.364328155015738e-01  -5.010000000000001e-02
  5.192856485067169e-01   1.364364603395946e-01  -5.010000000000001e-02
  5.192848528304609e-01   1.364404598145869e-01  -5.010000000000001e-02
  5.192838057623229e-01   1.364448022128643e-01  -5.010000000000001e-02
  5.192824586313420e-01   1.364494714829935e-01  -5.010000000000001e-02
  5.192807640059948e-01   1.364544472863320e-01  -5.010000000000001e-02
  5.192786541928449e-01   1.364596960009285e-01  -5.010000000000001e-02
  5.192761429286132e-01   1.364652126306195e-01  -5.010000000000001e-02
  5.192731990591413e-01   1.364709731635410e-01  -5.010000000000001e-02
  5.192697971161523e-01   1.364769542880338e-01  -5.010000000000001e-02
  5.192658925156822e-01   1.364831178641564e-01  -5.010000000000001e-02
  5.192614536146633e-01   1.364894289625230e-01  -5.010000000000002e-02
  5.192565148802917e-01   1.364958987521341e-01  -5.010000000000001e-02
  5.192510399326829e-01   1.365024871353730e-01  -5.010000000000002e-02
  5.192450247283449e-01   1.365091772073622e-01  -5.010000000000002e-02
  5.192384466533335e-01   1.365159354999180e-01  -5.010000000000002e-02
  5.192313338335676e-01   1.365227783004903e-01  -5.010000000000002e-02
  5.192236777626804e-01   1.365296859377260e-01  -5.010000000000002e-02
  5.192154721480209e-01   1.365366426584365e-01  -5.010000000000002e-02
  5.192066955476218e-01   1.365436122074702e-01  -5.010000000000002e-02
  5.191973894524801e-01   1.365506384826433e-01  -5.010000000000001e-02
  5.191875427182503e-01   1.365577011792248e-01  -5.010000000000001e-02
  5.191771206530095e-01   1.365647439790778e-01  -5.010000000000001e-02
  5.191661638935687e-01   1.365718201830450e-01  -5.010000000000001e-02
  5.191546731744087e-01   1.365789278009255e-01  -5.010000000000002e-02
  5.191426263335541e-01   1.365860272981242e-01  -5.010000000000001e-02
  5.191300241928268e-01   1.365931154113119e-01  -5.010000000000001e-02
  5.191168847967824e-01   1.366002213718411e-01  -5.010000000000001e-02
  5.191032007971411e-01   1.366073306532244e-01  -5.010000000000001e-02
  5.190889657606832e-01   1.366144296531250e-01  -5.010000000000001e-02
  5.190741851369074e-01   1.366215288447452e-01  -5.010000000000001e-02
  5.190588584616254e-01   1.366286273593401e-01  -5.010000000000001e-02
  5.190429781399694e-01   1.366357091730652e-01  -5.010000000000000e-02
  5.190265475180400e-01   1.366427826940841e-01  -5.010000000000001e-02
  5.190095663098940e-01   1.366498488023244e-01  -5.010000000000000e-02
  5.189920275252019e-01   1.366568923329560e-01  -5.010000000000001e-02
  5.189739317198663e-01   1.366639167546265e-01  -5.010000000000001e-02
  5.189552809171562e-01   1.366709301232922e-01  -5.010000000000001e-02
  5.189360716579845e-01   1.366779264843633e-01  -5.010000000000001e-02
  5.189163010157353e-01   1.366849015898734e-01  -5.010000000000000e-02
  5.188959685873420e-01   1.366918584263554e-01  -5.009999999999999e-02
  5.188750735626652e-01   1.366987993040037e-01  -5.009999999999999e-02
  5.188536044581412e-01   1.367056937490374e-01  -5.010000000000000e-02
  5.188315614032401e-01   1.367125450575676e-01  -5.010000000000001e-02
  5.188089482235723e-01   1.367193699739427e-01  -5.010000000000001e-02
  5.187857637029403e-01   1.367261707022780e-01  -5.010000000000001e-02
  5.187620065423875e-01   1.367329495360125e-01  -5.010000000000001e-02
  5.187376642086371e-01   1.367396680287378e-01  -5.010000000000000e-02
  5.187127347271620e-01   1.367463222227893e-01  -5.010000000000001e-02
  5.186872247678807e-01   1.367529426112620e-01  -5.010000000000001e-02
  5.186611328129722e-01   1.367595319162946e-01  -5.010000000000000e-02
  5.186344441808046e-01   1.367660375286033e-01  -5.010000000000000e-02
  5.186071601587033e-01   1.367724676184057e-01  -5.010000000000000e-02
  5.185792889298204e-01   1.367788643789624e-01  -5.010000000000000e-02
  5.185508207349057e-01   1.367851941742014e-01  -5.010000000000001e-02
  5.185217405055103e-01   1.367913909855980e-01  -5.010000000000001e-02
  5.184920681766422e-01   1.367975535212654e-01  -5.010000000000000e-02
  5.184617940841156e-01   1.368036459052598e-01  -5.010000000000000e-02
  5.184308954370476e-01   1.368095543760640e-01  -5.010000000000000e-02
  5.183993969079549e-01   1.368154113161607e-01  -5.010000000000000e-02
  5.183672789141536e-01   1.368211205528787e-01  -5.010000000000001e-02
  5.183345691352718e-01   1.368268419543290e-01  -5.010000000000001e-02
  5.183012737104621e-01   1.368326236377103e-01  -5.010000000000001e-02
  5.182673882461548e-01   1.368384527587516e-01  -5.010000000000001e-02
  5.182329148542358e-01   1.368443539852791e-01  -5.010000000000001e-02
  5.181978500252777e-01   1.368503193052526e-01  -5.010000000000001e-02
  5.181621900255105e-01   1.368563385024347e-01  -5.010000000000001e-02
  5.181259377999402e-01   1.368624407955214e-01  -5.010000000000001e-02
  5.180890871802731e-01   1.368686007782456e-01  -5.010000000000001e-02
  5.180516415035676e-01   1.368748493386944e-01  -5.010000000000001e-02
  5.180135952630994e-01   1.368811641216755e-01  -5.010000000000001e-02
  5.179749488204805e-01   1.368875574017988e-01  -5.010000000000001e-02
  5.179356994879838e-01   1.368940227894330e-01  -5.010000000000001e-02
  5.178958452054995e-01   1.369005569868014e-01  -5.010000000000001e-02
  5.178553858869507e-01   1.369071684522698e-01  -5.010000000000001e-02
  5.178143171005949e-01   1.369138383296196e-01  -5.010000000000001e-02
  5.177726411340667e-01   1.369205887382960e-01  -5.010000000000001e-02
  5.177303514795969e-01   1.369273867532874e-01  -5.009999999999999e-02
  5.176874525213469e-01   1.369342666668658e-01  -5.009999999999999e-02
  5.176439367033480e-01   1.369411875811535e-01  -5.009999999999999e-02
  5.175998095538192e-01   1.369481902255626e-01  -5.010000000000000e-02
  5.175550632075952e-01   1.369552301792510e-01  -5.010000000000000e-02
  5.175097033476083e-01   1.369623484657514e-01  -5.010000000000001e-02
  5.174637226459908e-01   1.369695023869994e-01  -5.010000000000000e-02
  5.174171258743797e-01   1.369767264294994e-01  -5.010000000000000e-02
  5.173699078695825e-01   1.369839900956862e-01  -5.010000000000000e-02
  5.173220708442482e-01   1.369913104734396e-01  -5.010000000000001e-02
  5.172736135950967e-01   1.369986812745033e-01  -5.010000000000000e-02
  5.172245339229469e-01   1.370060895200145e-01  -5.010000000000001e-02
  5.171748363581007e-01   1.370135655110316e-01  -5.010000000000001e-02
  5.171245120927053e-01   1.370210506620036e-01  -5.010000000000001e-02
  5.170735735162775e-01   1.370286271846188e-01  -5.010000000000001e-02
  5.170220035187363e-01   1.370361779492622e-01  -5.010000000000001e-02
  5.169698189811239e-01   1.370438155074701e-01  -5.010000000000001e-02
  5.169170084700854e-01   1.370514584269618e-01  -5.010000000000001e-02
  5.168635783553315e-01   1.370591472780000e-01  -5.010000000000001e-02
  5.168095293880627e-01   1.370668824630038e-01  -5.010000000000001e-02
  5.167548542624112e-01   1.370746078911837e-01  -5.010000000000001e-02
  5.166995674933629e-01   1.370824197427066e-01  -5.010000000000001e-02
  5.166436503298391e-01   1.370901774503313e-01  -5.010000000000001e-02
  5.165871205968738e-01   1.370980012115077e-01  -5.010000000000001e-02
  5.165299725715679e-01   1.371058406178703e-01  -5.010000000000001e-02
  5.164722031025713e-01   1.371136636348254e-01  -5.010000000000000e-02
  5.164138270254113e-01   1.371215687973503e-01  -5.010000000000000e-02
  5.163548243918292e-01   1.371293961858464e-01  -5.010000000000001e-02
  5.162952148351750e-01   1.371372807738076e-01  -5.010000000000001e-02
  5.162349956642253e-01   1.371451885187239e-01  -5.010000000000001e-02
  5.161741569440596e-01   1.371530296048328e-01  -5.010000000000001e-02
  5.161127193635252e-01   1.371609478739544e-01  -5.010000000000001e-02
  5.160506677246897e-01   1.371688078718996e-01  -5.010000000000001e-02
  5.159880107152954e-01   1.371766611576120e-01  -5.010000000000001e-02
  5.159247608821090e-01   1.371845887464976e-01  -5.010000000000001e-02
  5.158608944049824e-01   1.371923785770478e-01  -5.010000000000001e-02
  5.157964367425378e-01   1.372002167700289e-01  -5.010000000000001e-02
  5.157313897977345e-01   1.372080967936448e-01  -5.010000000000000e-02
  5.156657314292393e-01   1.372158107750877e-01  -5.010000000000000e-02
  5.155994924652871e-01   1.372235929687430e-01  -5.010000000000000e-02
  5.155326676374326e-01   1.372313722218288e-01  -5.010000000000000e-02
  5.154652435460653e-01   1.372390058854291e-01  -5.010000000000000e-02
  5.153972476246713e-01   1.372467042908446e-01  -5.009999999999999e-02
  5.153286721252548e-01   1.372543679645109e-01  -5.009999999999999e-02
  5.152595075897024e-01   1.372618809705569e-01  -5.010000000000000e-02
  5.151897810195409e-01   1.372694550276805e-01  -5.009999999999999e-02
  5.151194848540047e-01   1.372769847325170e-01  -5.009999999999999e-02
  5.150486087506037e-01   1.372843373981429e-01  -5.009999999999999e-02
  5.149771814408142e-01   1.372917472457536e-01  -5.009999999999999e-02
  5.149051988157752e-01   1.372991344124984e-01  -5.010000000000000e-02
  5.148326442544280e-01   1.373062942814160e-01  -5.010000000000000e-02
  5.147595503506015e-01   1.373135073740232e-01  -5.010000000000001e-02
  5.146859194615399e-01   1.373207532871427e-01  -5.010000000000000e-02
  5.146117200783134e-01   1.373276571651711e-01  -5.010000000000001e-02
  5.145369942232839e-01   1.373346100287430e-01  -5.010000000000001e-02
  5.144617465047577e-01   1.373416114490788e-01  -5.010000000000001e-02
  5.143859511797011e-01   1.373483232951158e-01  -5.010000000000001e-02
  5.143096352164260e-01   1.373549905750253e-01  -5.010000000000000e-02
  5.142328116122589e-01   1.373617022045542e-01  -5.009999999999999e-02
  5.141554628488783e-01   1.373681906643763e-01  -5.009999999999999e-02
  5.140776015901192e-01   1.373745444210893e-01  -5.010000000000000e-02
  5.139992479072388e-01   1.373809383613687e-01  -5.010000000000000e-02
  5.139203896878928e-01   1.373871498501527e-01  -5.010000000000001e-02
  5.138410307921224e-01   1.373931579947698e-01  -5.010000000000001e-02
  5.137611956565067e-01   1.373992021948012e-01  -5.010000000000000e-02
  5.136808754367265e-01   1.374050823374262e-01  -5.010000000000000e-02
  5.136000699155764e-01   1.374107155747156e-01  -5.010000000000000e-02
  5.135188052790229e-01   1.374163808185558e-01  -5.010000000000000e-02
  5.134370742949257e-01   1.374218797202591e-01  -5.010000000000000e-02
  5.133548767795786e-01   1.374271181212675e-01  -5.009999999999999e-02
  5.132722381833392e-01   1.374323846321108e-01  -5.009999999999999e-02
  5.131891511802350e-01   1.374374549786477e-01  -5.009999999999999e-02
  5.131056186179757e-01   1.374422709943731e-01  -5.010000000000000e-02
  5.130216638782442e-01   1.374471113504670e-01  -5.010000000000001e-02
  5.129372787268989e-01   1.374517052383757e-01  -5.010000000000001e-02
  5.128524712518112e-01   1.374560791085343e-01  -5.010000000000001e-02
  5.127672613317497e-01   1.374604737344347e-01  -5.010000000000001e-02
  5.126816384666149e-01   1.374645312151779e-01  -5.010000000000001e-02
  5.125956175214521e-01   1.374684163543876e-01  -5.010000000000001e-02
  5.125092146408870e-01   1.374723187437240e-01  -5.010000000000002e-02
  5.124224188255482e-01   1.374758099693943e-01  -5.010000000000001e-02
  5.123352510385251e-01   1.374792184001070e-01  -5.010000000000001e-02
  5.122477223360971e-01   1.374826345315892e-01  -5.010000000000001e-02
  5.121598196667589e-01   1.374854905467804e-01  -5.010000000000001e-02
  5.120715708279938e-01   1.374883578092426e-01  -5.010000000000000e-02
  5.119829793796187e-01   1.374911052812879e-01  -5.010000000000000e-02
  5.118940443427742e-01   1.374934452773740e-01  -5.010000000000001e-02
  5.118047854921124e-01   1.374957937934214e-01  -5.010000000000001e-02
  5.117152035908579e-01   1.374978527432752e-01  -5.010000000000001e-02
  5.116253061290390e-01   1.374996144622978e-01  -5.010000000000001e-02
  5.115351077888835e-01   1.375013820776280e-01  -5.010000000000001e-02
  5.114446088379688e-01   1.375026955480711e-01  -5.010000000000001e-02
  5.113538224390135e-01   1.375038812623866e-01  -5.010000000000001e-02
  5.112627581342507e-01   1.375050206878862e-01  -5.010000000000001e-02
  5.111714189657493e-01   1.375056134060219e-01  -5.010000000000001e-02
  5.110798182745715e-01   1.375062078212306e-01  -5.010000000000001e-02
  5.109879632912153e-01   1.375065536482574e-01  -5.010000000000001e-02
  5.108958617330688e-01   1.375065406553007e-01  -5.010000000000001e-02
  5.108035228461934e-01   1.375065276288635e-01  -5.010000000000001e-02
  5.107109564848383e-01   1.375060348334711e-01  -5.010000000000001e-02
  5.106181696731585e-01   1.375053866921123e-01  -5.010000000000001e-02
  5.105251709081481e-01   1.375046578806703e-01  -5.010000000000001e-02
  5.104319736749650e-01   1.375033497257516e-01  -5.010000000000001e-02
  5.103385801849750e-01   1.375020388160912e-01  -5.010000000000001e-02
  5.102450040579329e-01   1.375004179431017e-01  -5.010000000000000e-02
  5.101512536376199e-01   1.374984858012718e-01  -5.010000000000000e-02
  5.100573319349808e-01   1.374965501294125e-01  -5.009999999999999e-02
  5.099632614447446e-01   1.374940246127835e-01  -5.009999999999999e-02
  5.098690381401914e-01   1.374914238038445e-01  -5.009999999999999e-02
  5.097746749707461e-01   1.374886178153920e-01  -5.009999999999999e-02
  5.096801890109982e-01   1.374853287550970e-01  -5.009999999999999e-02
  5.095855737377969e-01   1.374820351933950e-01  -5.010000000000000e-02
  5.094908544968944e-01   1.374782930684382e-01  -5.010000000000000e-02
  5.093960297081821e-01   1.374743647923725e-01  -5.009999999999999e-02
  5.093011052828420e-01   1.374703346941985e-01  -5.009999999999999e-02
  5.092061142380684e-01   1.374656601082842e-01  -5.009999999999999e-02
  5.091110359822338e-01   1.374609812306432e-01  -5.009999999999999e-02
  5.090158976512359e-01   1.374559419115711e-01  -5.009999999999999e-02
  5.089207035598431e-01   1.374506200492406e-01  -5.009999999999999e-02
  5.088254474384008e-01   1.374452947190964e-01  -5.010000000000000e-02
  5.087301797411699e-01   1.374392605564583e-01  -5.010000000000000e-02
  5.086348669259101e-01   1.374332203717185e-01  -5.010000000000000e-02
  5.085395376449412e-01   1.374268720067494e-01  -5.010000000000000e-02
  5.084442065006246e-01   1.374201220749615e-01  -5.010000000000001e-02
  5.083488549641012e-01   1.374133706993012e-01  -5.010000000000001e-02
  5.082535348005799e-01   1.374060330905618e-01  -5.010000000000001e-02
  5.081582170075583e-01   1.373986105972176e-01  -5.010000000000001e-02
  5.080629221955829e-01   1.373909594809353e-01  -5.010000000000001e-02
  5.079676805446248e-01   1.373828108691325e-01  -5.010000000000001e-02
  5.078724594348594e-01   1.373746640147773e-01  -5.010000000000001e-02
  5.077773151651952e-01   1.373659799294531e-01  -5.010000000000001e-02
  5.076822231877434e-01   1.373571241110322e-01  -5.009999999999999e-02
  5.075871886018845e-01   1.373481406906231e-01  -5.009999999999999e-02
  5.074922598287295e-01   1.373386121814694e-01  -5.009999999999999e-02
  5.073973915274751e-01   1.373290897422041e-01  -5.009999999999999e-02
  5.073026398914696e-01   1.373191108147121e-01  -5.009999999999999e-02
  5.072079929981537e-01   1.373088653853323e-01  -5.009999999999999e-02
  5.071134346093015e-01   1.372985874422113e-01  -5.009999999999999e-02
  5.070190440756203e-01   1.372876388059241e-01  -5.009999999999999e-02
  5.069247526545622e-01   1.372767016660022e-01  -5.009999999999999e-02
  5.068306083559608e-01   1.372654394255591e-01  -5.009999999999999e-02
  5.067366218500572e-01   1.372538267551418e-01  -5.009999999999998e-02
  5.066427569418237e-01   1.372422291089415e-01  -5.009999999999998e-02
  5.065491011635765e-01   1.372300182725914e-01  -5.009999999999998e-02
  5.064555908708605e-01   1.372177525230090e-01  -5.009999999999998e-02
  5.063622553563461e-01   1.372052743972582e-01  -5.009999999999998e-02
  5.062691425422894e-01   1.371922839985372e-01  -5.009999999999998e-02
  5.061761873876695e-01   1.371793155952737e-01  -5.009999999999999e-02
  5.060834674368719e-01   1.371658786238182e-01  -5.009999999999999e-02
  5.059909495281514e-01   1.371522541083268e-01  -5.009999999999999e-02
  5.058986186564028e-01   1.371385990129742e-01  -5.009999999999999e-02
  5.058065700810319e-01   1.371243293449445e-01  -5.009999999999999e-02
  5.057147133385395e-01   1.371100894154683e-01  -5.009999999999999e-02
  5.056231061070865e-01   1.370955595590764e-01  -5.009999999999999e-02
  5.055317659601747e-01   1.370806718403959e-01  -5.010000000000000e-02
  5.054406372091194e-01   1.370658185775614e-01  -5.010000000000000e-02
  5.053498274047543e-01   1.370503962613749e-01  -5.010000000000001e-02
  5.052592660470601e-01   1.370348655351412e-01  -5.010000000000001e-02
  5.051689522716428e-01   1.370192750579334e-01  -5.010000000000001e-02
  5.050789799581504e-01   1.370031262195038e-01  -5.010000000000001e-02
  5.049892497886591e-01   1.369870208427148e-01  -5.010000000000002e-02
  5.048998267181425e-01   1.369706388628666e-01  -5.010000000000001e-02
  5.048107265534751e-01   1.369539275501064e-01  -5.010000000000001e-02
  5.047218859632610e-01   1.369372649222155e-01  -5.010000000000001e-02
  5.046334113919075e-01   1.369201265733026e-01  -5.010000000000000e-02
  5.045452395152911e-01   1.369028736298044e-01  -5.010000000000000e-02
  5.044573487861676e-01   1.368856498027026e-01  -5.009999999999999e-02
  5.043698789292064e-01   1.368677848126451e-01  -5.009999999999999e-02
  5.042826956452389e-01   1.368499783527357e-01  -5.009999999999999e-02
  5.041958452513408e-01   1.368320346533503e-01  -5.009999999999998e-02
  5.041093937922655e-01   1.368136628223437e-01  -5.009999999999999e-02
  5.040232440344165e-01   1.367953551059743e-01  -5.009999999999999e-02
  5.039374812246087e-01   1.367767427207635e-01  -5.009999999999999e-02
  5.038521059558767e-01   1.367578467075080e-01  -5.009999999999999e-02
  5.037670465999150e-01   1.367390206148745e-01  -5.010000000000000e-02
  5.036824154895725e-01   1.367197883464985e-01  -5.009999999999999e-02
  5.035981530214524e-01   1.367004358630408e-01  -5.009999999999999e-02
  5.035142198183394e-01   1.366811590015741e-01  -5.009999999999999e-02
  5.034307570322547e-01   1.366613742832649e-01  -5.009999999999999e-02
  5.033476506652324e-01   1.366415888169927e-01  -5.009999999999999e-02
  5.032648882373733e-01   1.366218755439805e-01  -5.009999999999999e-02
  5.031826289543421e-01   1.366015956192743e-01  -5.009999999999999e-02
  5.031007189657220e-01   1.365814018084277e-01  -5.010000000000000e-02
  5.030191809991007e-01   1.365612203415791e-01  -5.010000000000000e-02
  5.029381446116393e-01   1.365405510959112e-01  -5.010000000000001e-02
  5.028574684591149e-01   1.365199737322316e-01  -5.010000000000001e-02
  5.027771859517013e-01   1.364993746265919e-01  -5.010000000000001e-02
  5.026974077095343e-01   1.364783420682325e-01  -5.010000000000001e-02
  5.026179997492214e-01   1.364574071301577e-01  -5.010000000000001e-02
  5.025390006559327e-01   1.364364395196335e-01  -5.010000000000000e-02
  5.024605174893603e-01   1.364150531394758e-01  -5.010000000000000e-02
  5.023824137430158e-01   1.363937701499633e-01  -5.010000000000000e-02
  5.023047266356097e-01   1.363724684583079e-01  -5.010000000000000e-02
  5.022275777543619e-01   1.363507212489031e-01  -5.009999999999999e-02
  5.021508165047576e-01   1.363290833075314e-01  -5.009999999999999e-02
  5.020744665656369e-01   1.363074827446959e-01  -5.010000000000000e-02
  5.019986670527534e-01   1.362854441525226e-01  -5.009999999999999e-02
  5.019232625742589e-01   1.362635204159924e-01  -5.009999999999999e-02
  5.018482560780767e-01   1.362417110951243e-01  -5.010000000000000e-02
  5.017738242957713e-01   1.362194264688064e-01  -5.010000000000000e-02
  5.016997941309118e-01   1.361972620854065e-01  -5.009999999999999e-02
  5.016261679151054e-01   1.361752186430002e-01  -5.009999999999999e-02
  5.015530999593945e-01   1.361527963906233e-01  -5.009999999999999e-02
  5.014804695582306e-01   1.361304003183244e-01  -5.009999999999999e-02
  5.014082485724108e-01   1.361081304919982e-01  -5.009999999999999e-02
  5.013365515566911e-01   1.360856277417995e-01  -5.009999999999999e-02
  5.012653387701406e-01   1.360630257787882e-01  -5.009999999999999e-02
  5.011945400583764e-01   1.360405552374422e-01  -5.009999999999999e-02
  5.011242176934712e-01   1.360180286401088e-01  -5.009999999999999e-02
  5.010544372661450e-01   1.359952479262734e-01  -5.009999999999999e-02
  5.009850747911032e-01   1.359726036583119e-01  -5.009999999999999e-02
  5.009161317681128e-01   1.359500963258423e-01  -5.009999999999999e-02
  5.008477915641143e-01   1.359271767493663e-01  -5.009999999999999e-02
  5.007798769332958e-01   1.359043848805440e-01  -5.010000000000001e-02
  5.007123846388485e-01   1.358817347460587e-01  -5.010000000000000e-02
  5.006454202216722e-01   1.358589200073028e-01  -5.010000000000001e-02
  5.005789629388668e-01   1.358360052942026e-01  -5.010000000000001e-02
  5.005129301487592e-01   1.358132369477303e-01  -5.010000000000000e-02
  5.004473340975145e-01   1.357905830229265e-01  -5.010000000000000e-02
  5.003823405106465e-01   1.357675721043823e-01  -5.009999999999999e-02
  5.003177728765074e-01   1.357447119940029e-01  -5.009999999999999e-02
  5.002536319479151e-01   1.357220029583226e-01  -5.009999999999999e-02
  5.001900090452143e-01   1.356991925546647e-01  -5.009999999999999e-02
  5.001269103379287e-01   1.356762655180961e-01  -5.009999999999999e-02
  5.000642389195500e-01   1.356534937377730e-01  -5.009999999999999e-02
  5.000019952710845e-01   1.356308773884700e-01  -5.009999999999999e-02
  4.999403331926310e-01   1.356079998586796e-01  -5.009999999999999e-02
  4.998791327329556e-01   1.355851881523456e-01  -5.009999999999999e-02
  4.998183597960102e-01   1.355625357997651e-01  -5.009999999999999e-02
  4.997580252335388e-01   1.355400147302335e-01  -5.009999999999999e-02
  4.996982944088183e-01   1.355171873279270e-01  -5.009999999999999e-02
  4.996389902662955e-01   1.354945229912777e-01  -5.009999999999999e-02
  4.995801128492430e-01   1.354720217368231e-01  -5.009999999999999e-02
  4.995216982684438e-01   1.354495901975054e-01  -5.009999999999999e-02
  4.994638607848353e-01   1.354269328702450e-01  -5.009999999999999e-02
  4.994064484377710e-01   1.354044420864994e-01  -5.009999999999999e-02
  4.993494610426906e-01   1.353821177739687e-01  -5.010000000000000e-02
  4.992929380506296e-01   1.353598597346863e-01  -5.010000000000000e-02
  4.992369824237271e-01   1.353374074303511e-01  -5.009999999999999e-02
  4.991814494913884e-01   1.353151247330334e-01  -5.009999999999999e-02
  4.991263388573538e-01   1.352930114837331e-01  -5.009999999999999e-02
  4.990716714508618e-01   1.352710148585667e-01  -5.009999999999999e-02
  4.990175855307339e-01   1.352487929370097e-01  -5.009999999999999e-02
  4.989639190116232e-01   1.352267433319537e-01  -5.009999999999999e-02
  4.989106713016193e-01   1.352048658002042e-01  -5.009999999999999e-02
  4.988578417618419e-01   1.351831600792690e-01  -5.009999999999999e-02
  4.988055879146454e-01   1.351612452909860e-01  -5.009999999999999e-02
  4.987537702308331e-01   1.351394550421148e-01  -5.009999999999999e-02
  4.987023671068437e-01   1.351178391229521e-01  -5.009999999999999e-02
  4.986513777277374e-01   1.350963971908013e-01  -5.009999999999999e-02
  4.986008899658500e-01   1.350749202880331e-01  -5.009999999999999e-02
  4.985509005821823e-01   1.350534135385768e-01  -5.009999999999999e-02
  4.985013208132129e-01   1.350320830161519e-01  -5.009999999999999e-02
  4.984521496833979e-01   1.350109283010538e-01  -5.009999999999999e-02
  4.984033861785135e-01   1.349899489569368e-01  -5.009999999999999e-02
  4.983551952753119e-01   1.349687629533060e-01  -5.009999999999999e-02
  4.983074152155756e-01   1.349477390818034e-01  -5.009999999999999e-02
  4.982600380693560e-01   1.349268924976891e-01  -5.010000000000000e-02
  4.982130626804276e-01   1.349062226922082e-01  -5.009999999999999e-02
  4.981665282930420e-01   1.348856382637073e-01  -5.010000000000000e-02
  4.981205216435239e-01   1.348649409813885e-01  -5.010000000000000e-02
  4.980749116246237e-01   1.348444221336213e-01  -5.010000000000000e-02
  4.980296969525794e-01   1.348240811428720e-01  -5.010000000000001e-02
  4.979848763127219e-01   1.348039174177028e-01  -5.009999999999999e-02
  4.979405004362730e-01   1.347838158543461e-01  -5.010000000000000e-02
  4.978966278004264e-01   1.347636442404284e-01  -5.010000000000000e-02
  4.978531436231531e-01   1.347436512306956e-01  -5.010000000000001e-02
  4.978100464794047e-01   1.347238361699436e-01  -5.010000000000001e-02
  4.977670487341664e-01   1.347040668103065e-01  -5.010000000000000e-02
  4.977238958372375e-01   1.346841441951280e-01  -5.010000000000000e-02
  4.976806904690234e-01   1.346638503985765e-01  -5.010000000000000e-02
  4.976373016271249e-01   1.346434704234371e-01  -5.009999999999999e-02
  4.975937305360071e-01   1.346230048448477e-01  -5.009999999999999e-02
  4.975499784567748e-01   1.346024542551561e-01  -5.009999999999999e-02
  4.975060646697759e-01   1.345817813816227e-01  -5.009999999999999e-02
  4.974621248666915e-01   1.345607038100815e-01  -5.009999999999999e-02
  4.974180087643635e-01   1.345395416692055e-01  -5.009999999999999e-02
  4.973737177673092e-01   1.345182956327305e-01  -5.009999999999999e-02
  4.973292533176481e-01   1.344969663924293e-01  -5.009999999999999e-02
  4.972847014270210e-01   1.344753852330714e-01  -5.009999999999999e-02
  4.972406600364485e-01   1.344523640382047e-01  -5.009999999999999e-02
  4.971965911718829e-01   1.344289929431831e-01  -5.009999999999999e-02
  4.971524995326146e-01   1.344052706589928e-01  -5.009999999999999e-02
  4.971083898713370e-01   1.343811959718279e-01  -5.009999999999998e-02
  4.970642669929986e-01   1.343567677448343e-01  -5.009999999999998e-02
  4.970201357536019e-01   1.343319849198412e-01  -5.009999999999998e-02
  4.969760010589517e-01   1.343068465190793e-01  -5.009999999999998e-02
  4.969318678633495e-01   1.342813516468827e-01  -5.009999999999997e-02
  4.968877411682378e-01   1.342554994913744e-01  -5.009999999999997e-02
  4.968436260207901e-01   1.342292893261326e-01  -5.009999999999997e-02
  4.967995275124505e-01   1.342027205118365e-01  -5.009999999999996e-02
  4.967554507774205e-01   1.341757924978898e-01  -5.009999999999996e-02
  4.967114009910941e-01   1.341485048240202e-01  -5.009999999999996e-02
  4.966673833684414e-01   1.341208571218525e-01  -5.009999999999996e-02
  4.966234031623408e-01   1.340928491164552e-01  -5.009999999999996e-02
  4.965794656618607e-01   1.340644806278563e-01  -5.009999999999996e-02
  4.965355761904904e-01   1.340357515725289e-01  -5.009999999999996e-02
  4.964917401043210e-01   1.340066619648433e-01  -5.009999999999995e-02
  4.964479627901771e-01   1.339772119184842e-01  -5.009999999999995e-02
  4.964042496636996e-01   1.339474016478313e-01  -5.009999999999995e-02
  4.963606061673802e-01   1.339172314693015e-01  -5.009999999999995e-02
  4.963170377685487e-01   1.338867018026506e-01  -5.009999999999994e-02
  4.962735499573142e-01   1.338558131722329e-01  -5.009999999999994e-02
  4.962301482444597e-01   1.338245662082168e-01  -5.009999999999994e-02
  4.961868381592930e-01   1.337929616477549e-01  -5.009999999999994e-02
  4.961436252474530e-01   1.337610003361064e-01  -5.009999999999994e-02
  4.961005150686746e-01   1.337286832277101e-01  -5.009999999999994e-02
  4.960575131945111e-01   1.336960113872071e-01  -5.009999999999994e-02
  4.960146252060168e-01   1.336629859904095e-01  -5.009999999999994e-02
  4.959718566913914e-01   1.336296083252160e-01  -5.009999999999993e-02
  4.959292132435861e-01   1.335958797924704e-01  -5.009999999999993e-02
  4.958867004578739e-01   1.335618019067632e-01  -5.009999999999993e-02
  4.958443239293857e-01   1.335273762971733e-01  -5.009999999999993e-02
  4.958020892506130e-01   1.334926047079487e-01  -5.009999999999992e-02
  4.957600020088800e-01   1.334574889991254e-01  -5.009999999999992e-02
  4.957180677837852e-01   1.334220311470818e-01  -5.009999999999992e-02
  4.956762921446162e-01   1.333862332450281e-01  -5.009999999999992e-02
  4.956346806477376e-01   1.333500975034285e-01  -5.009999999999992e-02
  4.955932388339554e-01   1.333136262503559e-01  -5.009999999999992e-02
  4.955519722258595e-01   1.332768219317770e-01  -5.009999999999992e-02
  4.955108863251456e-01   1.332396871117663e-01  -5.009999999999992e-02
  4.954699866099191e-01   1.332022244726489e-01  -5.009999999999992e-02
  4.954292785319842e-01   1.331644368150705e-01  -5.009999999999992e-02
  4.953887675141174e-01   1.331263270579928e-01  -5.009999999999991e-02
  4.953484589473314e-01   1.330878982386143e-01  -5.009999999999991e-02
  4.953083581881291e-01   1.330491535122158e-01  -5.009999999999991e-02
  4.952684705557506e-01   1.330100961519282e-01  -5.009999999999991e-02
  4.952288013294158e-01   1.329707295484237e-01  -5.009999999999991e-02
  4.951893557455658e-01   1.329310572095285e-01  -5.009999999999990e-02
  4.951501389951033e-01   1.328910827597570e-01  -5.009999999999990e-02
  4.951111562206373e-01   1.328508099397663e-01  -5.009999999999990e-02
  4.950724125137325e-01   1.328102426057318e-01  -5.009999999999990e-02
  4.950339129121666e-01   1.327693847286421e-01  -5.009999999999990e-02
  4.949956623971991e-01   1.327282403935136e-01  -5.009999999999990e-02
  4.949576658908520e-01   1.326868137985250e-01  -5.009999999999990e-02
  4.949199282532074e-01   1.326451092540714e-01  -5.009999999999990e-02
  4.948824542797230e-01   1.326031311817367e-01  -5.009999999999990e-02
  4.948452486985688e-01   1.325608841131871e-01  -5.009999999999990e-02
  4.948083161679876e-01   1.325183726889830e-01  -5.009999999999990e-02
  4.947716612736821e-01   1.324756016573117e-01  -5.009999999999990e-02
  4.947352885262305e-01   1.324325758726401e-01  -5.009999999999990e-02
  4.946992023585348e-01   1.323893002942887e-01  -5.009999999999989e-02
  4.946634071233025e-01   1.323457799849263e-01  -5.009999999999989e-02
  4.946279070905660e-01   1.323020201089876e-01  -5.009999999999989e-02
  4.945927064452415e-01   1.322580259310136e-01  -5.009999999999989e-02
  4.945578092847299e-01   1.322138028139146e-01  -5.009999999999989e-02
  4.945232196165633e-01   1.321693562171601e-01  -5.009999999999989e-02
  4.944889413560981e-01   1.321246916948924e-01  -5.009999999999989e-02
  4.944549783242583e-01   1.320798148939681e-01  -5.009999999999989e-02
  4.944213342453316e-01   1.320347315519281e-01  -5.009999999999989e-02
  4.943880127448201e-01   1.319894474948962e-01  -5.009999999999989e-02
  4.943550173473481e-01   1.319439686354100e-01  -5.009999999999988e-02
  4.943223514746299e-01   1.318983009701826e-01  -5.009999999999988e-02
  4.942900184434994e-01   1.318524505778003e-01  -5.009999999999988e-02
  4.942580214640041e-01   1.318064236163547e-01  -5.009999999999988e-02
  4.942263636375651e-01   1.317602263210134e-01  -5.009999999999988e-02
  4.941950479552060e-01   1.317138650015299e-01  -5.009999999999988e-02
  4.941640772958523e-01   1.316673460396948e-01  -5.009999999999988e-02
  4.941334544247032e-01   1.316206758867310e-01  -5.009999999999988e-02
  4.941031819916786e-01   1.315738610606342e-01  -5.009999999999988e-02
  4.940732625299409e-01   1.315269081434617e-01  -5.009999999999988e-02
  4.940436984544968e-01   1.314798237785712e-01  -5.009999999999988e-02
  4.940144920608776e-01   1.314326146678118e-01  -5.009999999999988e-02
  4.939856455239012e-01   1.313852875686704e-01  -5.009999999999988e-02
  4.939571608965170e-01   1.313378492913750e-01  -5.009999999999988e-02
  4.939290401087352e-01   1.312903066959587e-01  -5.009999999999988e-02
  4.939012849666409e-01   1.312426666892853e-01  -5.009999999999988e-02
  4.938738971514964e-01   1.311949362220404e-01  -5.009999999999988e-02
  4.938468782189298e-01   1.311471222856910e-01  -5.009999999999988e-02
  4.938202295982135e-01   1.310992319094141e-01  -5.009999999999988e-02
  4.937939525916323e-01   1.310512721570004e-01  -5.009999999999988e-02
  4.937680483739416e-01   1.310032501237328e-01  -5.009999999999988e-02
  4.937425179919177e-01   1.309551729332446e-01  -5.009999999999988e-02
  4.937173623639992e-01   1.309070477343595e-01  -5.009999999999988e-02
  4.936925822800209e-01   1.308588816979156e-01  -5.009999999999988e-02
  4.936681784010408e-01   1.308106820135782e-01  -5.009999999999988e-02
  4.936441512592593e-01   1.307624558866422e-01  -5.009999999999988e-02
  4.936205012580323e-01   1.307142105348285e-01  -5.009999999999988e-02
  4.935972286719764e-01   1.306659531850764e-01  -5.009999999999988e-02
  4.935743336471679e-01   1.306176910703359e-01  -5.009999999999988e-02
  4.935518162014342e-01   1.305694314263620e-01  -5.009999999999988e-02
  4.935296762247374e-01   1.305211814885141e-01  -5.009999999999988e-02
  4.935079134796506e-01   1.304729484885639e-01  -5.009999999999988e-02
  4.934865276019250e-01   1.304247396515138e-01  -5.009999999999988e-02
  4.934655181011484e-01   1.303765621924298e-01  -5.009999999999988e-02
  4.934448843614927e-01   1.303284233132909e-01  -5.009999999999988e-02
  4.934246256425523e-01   1.302803301998580e-01  -5.009999999999988e-02
  4.934047410802689e-01   1.302322900185652e-01  -5.009999999999988e-02
  4.933852296879445e-01   1.301843099134362e-01  -5.009999999999988e-02
  4.933660903573401e-01   1.301363970030290e-01  -5.009999999999988e-02
  4.933473218598591e-01   1.300885583774101e-01  -5.009999999999988e-02
  4.933289228478132e-01   1.300408010951626e-01  -5.009999999999988e-02
  4.933108918557714e-01   1.299931321804296e-01  -5.009999999999988e-02
  4.932932273019878e-01   1.299455586199960e-01  -5.009999999999988e-02
  4.932759274899091e-01   1.298980873604106e-01  -5.009999999999989e-02
  4.932589906097579e-01   1.298507253051508e-01  -5.009999999999989e-02
  4.932424147401913e-01   1.298034793118337e-01  -5.009999999999989e-02
  4.932261978500328e-01   1.297563561894732e-01  -5.009999999999989e-02
  4.932103378000743e-01   1.297093626957881e-01  -5.009999999999989e-02
  4.931948323449479e-01   1.296625055345607e-01  -5.009999999999989e-02
  4.931796791350639e-01   1.296157913530501e-01  -5.009999999999989e-02
  4.931648757186135e-01   1.295692267394604e-01  -5.009999999999989e-02
  4.931504195436332e-01   1.295228182204667e-01  -5.009999999999989e-02
  4.931363079601304e-01   1.294765722588008e-01  -5.009999999999989e-02
  4.931225382222647e-01   1.294304952508964e-01  -5.009999999999989e-02
  4.931091074905858e-01   1.293845935245982e-01  -5.009999999999990e-02
  4.930960128343229e-01   1.293388733369342e-01  -5.009999999999990e-02
  4.930832512337241e-01   1.292933408719534e-01  -5.009999999999990e-02
  4.930708195824442e-01   1.292480022386301e-01  -5.009999999999990e-02
  4.930587146899758e-01   1.292028634688364e-01  -5.009999999999990e-02
  4.930469332841235e-01   1.291579305153829e-01  -5.009999999999990e-02
  4.930354720135173e-01   1.291132092501296e-01  -5.009999999999990e-02
  4.930243274501624e-01   1.290687054621683e-01  -5.009999999999990e-02
  4.930134960920232e-01   1.290244248560757e-01  -5.009999999999990e-02
  4.930029743656386e-01   1.289803730502390e-01  -5.009999999999990e-02
  4.929927586287656e-01   1.289365555752555e-01  -5.009999999999990e-02
  4.929828451730491e-01   1.288929778724039e-01  -5.009999999999990e-02
  4.929732302267135e-01   1.288496452921916e-01  -5.009999999999990e-02
  4.929639099572761e-01   1.288065630929746e-01  -5.009999999999990e-02
  4.929548804742768e-01   1.287637364396527e-01  -5.009999999999990e-02
  4.929461378320230e-01   1.287211704024393e-01  -5.009999999999990e-02
  4.929376780323461e-01   1.286788699557060e-01  -5.009999999999990e-02
  4.929294970273679e-01   1.286368399769013e-01  -5.009999999999991e-02
  4.929215907222732e-01   1.285950852455447e-01  -5.009999999999991e-02
  4.929139549780863e-01   1.285536104422944e-01  -5.009999999999991e-02
  4.929065856144489e-01   1.285124201480897e-01  -5.009999999999991e-02
  4.928994784123966e-01   1.284715188433664e-01  -5.009999999999991e-02
  4.928926291171318e-01   1.284309109073458e-01  -5.009999999999991e-02
  4.928860334407902e-01   1.283906006173966e-01  -5.009999999999991e-02
  4.928796870651976e-01   1.283505921484680e-01  -5.009999999999992e-02
  4.928735856446168e-01   1.283108895725951e-01  -5.009999999999992e-02
  4.928677248084794e-01   1.282714968584740e-01  -5.009999999999992e-02
  4.928621001641024e-01   1.282324178711076e-01  -5.009999999999992e-02
  4.928567072993865e-01   1.281936563715191e-01  -5.009999999999992e-02
  4.928515417854930e-01   1.281552160165342e-01  -5.009999999999992e-02
  4.928465991794990e-01   1.281171003586299e-01  -5.009999999999992e-02
  4.928418750270265e-01   1.280793128458488e-01  -5.009999999999992e-02
  4.928373648648462e-01   1.280418568217782e-01  -5.009999999999992e-02
  4.928330642234507e-01   1.280047355255928e-01  -5.009999999999992e-02
  4.928289686295977e-01   1.279679520921586e-01  -5.009999999999992e-02
  4.928250736088210e-01   1.279315095521987e-01  -5.009999999999992e-02
  4.928213746879055e-01   1.278954108325182e-01  -5.009999999999992e-02
  4.928178673973276e-01   1.278596587562868e-01  -5.009999999999992e-02
  4.928145472736564e-01   1.278242560433787e-01  -5.009999999999993e-02
  4.928114098619167e-01   1.277892053107670e-01  -5.009999999999993e-02
  4.928084507179098e-01   1.277545090729728e-01  -5.009999999999993e-02
  4.928056654104928e-01   1.277201697425650e-01  -5.009999999999993e-02
  4.928030495238137e-01   1.276861896307125e-01  -5.009999999999993e-02
  4.928005986595018e-01   1.276525709477840e-01  -5.009999999999993e-02
  4.927983084388112e-01   1.276193158039962e-01  -5.009999999999993e-02
  4.927961745047178e-01   1.275864262101072e-01  -5.009999999999994e-02
  4.927941925239673e-01   1.275539040781549e-01  -5.009999999999994e-02
  4.927923581890736e-01   1.275217512222371e-01  -5.009999999999994e-02
  4.927906672202674e-01   1.274899693593332e-01  -5.009999999999994e-02
  4.927891153673929e-01   1.274585601101652e-01  -5.009999999999994e-02
  4.927876984117533e-01   1.274275250000961e-01  -5.009999999999994e-02
  4.927864121679031e-01   1.273968654600641e-01  -5.009999999999994e-02
  4.927852524853874e-01   1.273665828275516e-01  -5.009999999999994e-02
  4.927842152504267e-01   1.273366783475868e-01  -5.009999999999994e-02
  4.927832963875488e-01   1.273071531737759e-01  -5.009999999999994e-02
  4.927824918611642e-01   1.272780083693653e-01  -5.009999999999994e-02
  4.927817976770879e-01   1.272492449083311e-01  -5.009999999999994e-02
  4.927812098840049e-01   1.272208636764950e-01  -5.009999999999994e-02
  4.927807245748808e-01   1.271928654726644e-01  -5.009999999999994e-02
  4.927803378883159e-01   1.271652510097962e-01  -5.009999999999995e-02
  4.927800460098446e-01   1.271380209161813e-01  -5.009999999999995e-02
  4.927798451731776e-01   1.271111757366493e-01  -5.009999999999995e-02
  4.927797316613900e-01   1.270847159337910e-01  -5.009999999999995e-02
  4.927797018080519e-01   1.270586418891989e-01  -5.009999999999995e-02
  4.927797519983049e-01   1.270329539047217e-01  -5.009999999999995e-02
  4.927798786698828e-01   1.270076522037337e-01  -5.009999999999995e-02
  4.927800783140767e-01   1.269827369324163e-01  -5.009999999999996e-02
  4.927803474766467e-01   1.269582081610504e-01  -5.009999999999996e-02
  4.927806827586774e-01   1.269340658853188e-01  -5.009999999999996e-02
  4.927810808173814e-01   1.269103100276174e-01  -5.009999999999996e-02
  4.927815383668476e-01   1.268869404383726e-01  -5.009999999999996e-02
  4.927820521787377e-01   1.268639568973650e-01  -5.009999999999996e-02
  4.927826190829296e-01   1.268413591150584e-01  -5.009999999999996e-02
  4.927832359681095e-01   1.268191467339305e-01  -5.009999999999996e-02
  4.927838997823117e-01   1.267973193298080e-01  -5.009999999999996e-02
  4.927846075334094e-01   1.267758764132007e-01  -5.009999999999996e-02
  4.927853562895542e-01   1.267548174306377e-01  -5.009999999999996e-02
  4.927861431795677e-01   1.267341417660005e-01  -5.009999999999996e-02
  4.927869653932834e-01   1.267138487418560e-01  -5.009999999999996e-02
  4.927878201818424e-01   1.266939376207848e-01  -5.009999999999996e-02
  4.927887048579415e-01   1.266744076067069e-01  -5.009999999999996e-02
  4.927896167960357e-01   1.266552578462016e-01  -5.009999999999996e-02
  4.927905534324957e-01   1.266364874298222e-01  -5.009999999999996e-02
  4.927915122657209e-01   1.266180953934037e-01  -5.009999999999997e-02
  4.927924908562102e-01   1.266000807193635e-01  -5.009999999999997e-02
  4.927934919788909e-01   1.265824384258004e-01  -5.009999999999996e-02
  4.927945061522248e-01   1.265651796151889e-01  -5.009999999999999e-02
  4.927955353938996e-01   1.265482907202234e-01  -5.009999999999998e-02
  4.927965833787891e-01   1.265317773911606e-01  -5.009999999999997e-02
  4.927976544683663e-01   1.265156343939364e-01  -5.009999999999998e-02
  4.927987527931044e-01   1.264998607673955e-01  -5.009999999999998e-02
  4.927998821404820e-01   1.264844604484911e-01  -5.009999999999999e-02
  4.928010467805822e-01   1.264694305894456e-01  -5.009999999999999e-02
  4.928022508274103e-01   1.264547707979637e-01  -5.009999999999999e-02
  4.928034983847048e-01   1.264404808931295e-01  -5.009999999999999e-02
  4.928047943800302e-01   1.264265521383967e-01  -5.009999999999999e-02
  4.928061419701216e-01   1.264129952193963e-01  -5.009999999999999e-02
  4.928075457350599e-01   1.263998052504120e-01  -5.009999999999999e-02
  4.928090098527506e-01   1.263869818564055e-01  -5.009999999999999e-02
  4.928105384849538e-01   1.263745247948898e-01  -5.009999999999999e-02
  4.928121357630645e-01   1.263624339819345e-01  -5.009999999999999e-02
  4.928138057689641e-01   1.263507095214369e-01  -5.010000000000000e-02
  4.928155525094946e-01   1.263393517375643e-01  -5.009999999999999e-02
  4.928173798827719e-01   1.263283612099263e-01  -5.009999999999999e-02
  4.928192916341783e-01   1.263177388105312e-01  -5.009999999999999e-02
  4.928212912994923e-01   1.263074857408841e-01  -5.009999999999999e-02
  4.928233842130493e-01   1.262975941277912e-01  -5.010000000000000e-02
  4.928255703786876e-01   1.262880801915547e-01  -5.009999999999999e-02
  4.928278536419522e-01   1.262789397638455e-01  -5.010000000000000e-02
  4.928302360334678e-01   1.262701752177468e-01  -5.009999999999999e-02
  4.928327188622354e-01   1.262617893053309e-01  -5.010000000000001e-02
  4.928353025230230e-01   1.262537851383474e-01  -5.009999999999999e-02
  4.928379862671463e-01   1.262461661382620e-01  -5.009999999999999e-02
  4.928407679366442e-01   1.262389359438412e-01  -5.010000000000000e-02
  4.928436439740176e-01   1.262320975633784e-01  -5.010000000000000e-02
  4.928466079508233e-01   1.262256558524892e-01  -5.010000000000001e-02
  4.928496518742036e-01   1.262196133203373e-01  -5.010000000000000e-02
  4.928527648733792e-01   1.262139722467885e-01  -5.009999999999999e-02
  4.928559332236171e-01   1.262087336156694e-01  -5.010000000000001e-02
  4.928591402466526e-01   1.262038965958542e-01  -5.009999999999999e-02
  4.928623663778708e-01   1.261994580106185e-01  -5.009999999999999e-02
  4.928655894367670e-01   1.261954118573094e-01  -5.010000000000000e-02
  4.928687851136804e-01   1.261917489501513e-01  -5.010000000000000e-02
  4.928719276525796e-01   1.261884567557854e-01  -5.010000000000001e-02
  4.928749906740194e-01   1.261855194708308e-01  -5.010000000000001e-02
  4.928779480543589e-01   1.261829183559019e-01  -5.009999999999999e-02
  4.928807747659385e-01   1.261806322994891e-01  -5.010000000000000e-02
  4.928834475920460e-01   1.261786385492474e-01  -5.009999999999999e-02
  4.928859456570527e-01   1.261769135272062e-01  -5.010000000000000e-02
  4.928882507473846e-01   1.261754336433366e-01  -5.010000000000001e-02
  4.928903474328605e-01   1.261741760364182e-01  -5.009999999999999e-02
  4.928922230226431e-01   1.261731191953968e-01  -5.009999999999999e-02
  4.928939900000000e-01   1.261721800000000e-01  -5.010000000000000e-02
