620
  5.200401111584641e-01   1.368077113754850e-01  -5.010000000000001e-02
  5.200400487579749e-01   1.368092100769826e-01  -5.010000000000001e-02
  5.200399820719011e-01   1.368107993859180e-01  -5.010000000000001e-02
  5.200398901117980e-01   1.368125652203387e-01  -5.010000000000001e-02
  5.200397316336892e-01   1.368145066513724e-01  -5.010000000000001e-02
  5.200395508857511e-01   1.368166278268344e-01  -5.010000000000001e-02
  5.200392700048623e-01   1.368189223369388e-01  -5.010000000000001e-02
  5.200389404528187e-01   1.368213962082270e-01  -5.010000000000001e-02
  5.200385022008160e-01   1.368240421855836e-01  -5.010000000000001e-02
  5.200379662831376e-01   1.368268610021170e-01  -5.010000000000001e-02
  5.200373210495619e-01   1.368298511595123e-01  -5.010000000000001e-02
  5.200365223104352e-01   1.368330017002279e-01  -5.010000000000001e-02
  5.200355754138129e-01   1.368363116138244e-01  -5.010000000000002e-02
  5.200344599059563e-01   1.368397735580727e-01  -5.010000000000001e-02
  5.200331548010648e-01   1.368433780354889e-01  -5.010000000000001e-02
  5.200316450580977e-01   1.368471161879563e-01  -5.010000000000001e-02
  5.200299237838281e-01   1.368509816376489e-01  -5.010000000000001e-02
  5.200280019657614e-01   1.368549760747355e-01  -5.010000000000001e-02
  5.200258585285561e-01   1.368590868833773e-01  -5.010000000000001e-02
  5.200234844721535e-01   1.368633058932590e-01  -5.010000000000002e-02
  5.200208699039715e-01   1.368676237656721e-01  -5.010000000000001e-02
  5.200179836367198e-01   1.368720168341521e-01  -5.010000000000001e-02
  5.200148386675602e-01   1.368764884809173e-01  -5.010000000000001e-02
  5.200114302293398e-01   1.368810311070174e-01  -5.010000000000001e-02
  5.200077689793347e-01   1.368856488009950e-01  -5.010000000000001e-02
  5.200038459953678e-01   1.368903317690711e-01  -5.010000000000001e-02
  5.199996512068498e-01   1.368950679133435e-01  -5.010000000000001e-02
  5.199951617651364e-01   1.368998320689008e-01  -5.010000000000002e-02
  5.199903870394859e-01   1.369046282315176e-01  -5.010000000000002e-02
  5.199853513058913e-01   1.369094773484753e-01  -5.010000000000002e-02
  5.199800460540286e-01   1.369143685929890e-01  -5.010000000000002e-02
  5.199744604320356e-01   1.369192877903989e-01  -5.010000000000002e-02
  5.199685896745945e-01   1.369242266322400e-01  -5.010000000000002e-02
  5.199624279885802e-01   1.369291749946869e-01  -5.010000000000002e-02
  5.199559944569148e-01   1.369341546089904e-01  -5.010000000000002e-02
  5.199492836746272e-01   1.369391569995726e-01  -5.010000000000001e-02
  5.199422900941685e-01   1.369441732908734e-01  -5.010000000000002e-02
  5.199350085414209e-01   1.369491945004383e-01  -5.010000000000002e-02
  5.199274398126716e-01   1.369542201817957e-01  -5.010000000000001e-02
  5.199195944677425e-01   1.369592656578023e-01  -5.010000000000001e-02
  5.199114700117485e-01   1.369643267060110e-01  -5.010000000000001e-02
  5.199030619991695e-01   1.369693963212129e-01  -5.010000000000001e-02
  5.198943693317750e-01   1.369744726851072e-01  -5.010000000000001e-02
  5.198853905428174e-01   1.369795536731582e-01  -5.010000000000001e-02
  5.198761233452958e-01   1.369846352090949e-01  -5.010000000000001e-02
  5.198665676017151e-01   1.369897169748701e-01  -5.010000000000001e-02
  5.198567263806482e-01   1.369948054991925e-01  -5.010000000000001e-02
  5.198465982526679e-01   1.369998995624028e-01  -5.010000000000001e-02
  5.198361831442746e-01   1.370050010171644e-01  -5.010000000000001e-02
  5.198254722103275e-01   1.370100928189926e-01  -5.010000000000001e-02
  5.198144684176849e-01   1.370151818570275e-01  -5.010000000000001e-02
  5.198031764055705e-01   1.370202803368915e-01  -5.010000000000000e-02
  5.197915952208563e-01   1.370253895415068e-01  -5.010000000000000e-02
  5.197797080360946e-01   1.370304728036604e-01  -5.010000000000000e-02
  5.197675272412479e-01   1.370355602745319e-01  -5.010000000000000e-02
  5.197550561535204e-01   1.370406636270317e-01  -5.010000000000001e-02
  5.197422801438285e-01   1.370457505941571e-01  -5.010000000000001e-02
  5.197291957479415e-01   1.370508135926986e-01  -5.010000000000001e-02
  5.197158194297888e-01   1.370558987119294e-01  -5.010000000000001e-02
  5.197021399825458e-01   1.370609811025675e-01  -5.010000000000001e-02
  5.196881453856945e-01   1.370660302565854e-01  -5.010000000000001e-02
  5.196738545356134e-01   1.370711025238135e-01  -5.010000000000001e-02
  5.196592485776648e-01   1.370761494363512e-01  -5.009999999999999e-02
  5.196443304946807e-01   1.370811819111072e-01  -5.009999999999999e-02
  5.196291133064556e-01   1.370862443922849e-01  -5.009999999999999e-02
  5.196135630977279e-01   1.370912380826000e-01  -5.009999999999999e-02
  5.195977081070102e-01   1.370962534970323e-01  -5.010000000000000e-02
  5.195815374115209e-01   1.371012629962657e-01  -5.010000000000000e-02
  5.195650392695624e-01   1.371062316239981e-01  -5.010000000000001e-02
  5.195482351838066e-01   1.371112371902270e-01  -5.010000000000001e-02
  5.195310883044315e-01   1.371161595284525e-01  -5.010000000000001e-02
  5.195136315056055e-01   1.371211166065835e-01  -5.010000000000001e-02
  5.194958397084093e-01   1.371260271489028e-01  -5.010000000000001e-02
  5.194777229534551e-01   1.371309311753196e-01  -5.010000000000000e-02
  5.194592780116598e-01   1.371358248668214e-01  -5.010000000000001e-02
  5.194404927837345e-01   1.371406662353797e-01  -5.010000000000001e-02
  5.194213823877927e-01   1.371455219388886e-01  -5.010000000000000e-02
  5.194019229009724e-01   1.371503018861396e-01  -5.010000000000000e-02
  5.193821414399689e-01   1.371551238086488e-01  -5.010000000000000e-02
  5.193619996854858e-01   1.371598346162273e-01  -5.010000000000000e-02
  5.193415358881669e-01   1.371646039155507e-01  -5.010000000000000e-02
  5.193207039335926e-01   1.371692380131843e-01  -5.010000000000001e-02
  5.192995474174734e-01   1.371739377475905e-01  -5.010000000000001e-02
  5.192780193307085e-01   1.371784964421709e-01  -5.010000000000001e-02
  5.192561627765114e-01   1.371831225988401e-01  -5.010000000000000e-02
  5.192339302575368e-01   1.371875966897690e-01  -5.010000000000000e-02
  5.192113648427479e-01   1.371921377729334e-01  -5.010000000000000e-02
  5.191884164985338e-01   1.371965008908476e-01  -5.010000000000000e-02
  5.191651283345469e-01   1.372009176513376e-01  -5.010000000000000e-02
  5.191414568394228e-01   1.372051622289768e-01  -5.010000000000001e-02
  5.191174361440860e-01   1.372094321045070e-01  -5.010000000000001e-02
  5.190930586615682e-01   1.372136946934843e-01  -5.010000000000001e-02
  5.190683298589462e-01   1.372179932524292e-01  -5.010000000000001e-02
  5.190432476598482e-01   1.372223277010167e-01  -5.010000000000001e-02
  5.190178108709118e-01   1.372267034451491e-01  -5.010000000000001e-02
  5.189920179024660e-01   1.372311233955339e-01  -5.010000000000001e-02
  5.189658641036423e-01   1.372355727478661e-01  -5.010000000000001e-02
  5.189393520631614e-01   1.372400789433526e-01  -5.010000000000001e-02
  5.189124732256727e-01   1.372446038781413e-01  -5.010000000000001e-02
  5.188852326254291e-01   1.372491897141084e-01  -5.010000000000001e-02
  5.188576240432816e-01   1.372538118616816e-01  -5.010000000000001e-02
  5.188296484068244e-01   1.372584882942309e-01  -5.010000000000001e-02
  5.188013024767720e-01   1.372632120032356e-01  -5.010000000000001e-02
  5.187725834637429e-01   1.372679786853697e-01  -5.010000000000001e-02
  5.187434921970435e-01   1.372728057047736e-01  -5.010000000000001e-02
  5.187140212107372e-01   1.372776603440327e-01  -5.010000000000001e-02
  5.186841741342514e-01   1.372825769351427e-01  -5.010000000000001e-02
  5.186539451683769e-01   1.372875325528923e-01  -5.010000000000001e-02
  5.186233335331114e-01   1.372925348064336e-01  -5.010000000000001e-02
  5.185923390160591e-01   1.372975946634907e-01  -5.010000000000001e-02
  5.185609540894902e-01   1.373026781947983e-01  -5.010000000000001e-02
  5.185291830788701e-01   1.373078242615513e-01  -5.010000000000001e-02
  5.184970193940106e-01   1.373130042924764e-01  -5.010000000000000e-02
  5.184644622463316e-01   1.373182256398360e-01  -5.009999999999999e-02
  5.184315131465190e-01   1.373235098464566e-01  -5.009999999999999e-02
  5.183981615541372e-01   1.373288030550494e-01  -5.010000000000000e-02
  5.183644140314809e-01   1.373341585312896e-01  -5.010000000000000e-02
  5.183302654864063e-01   1.373395561768704e-01  -5.010000000000001e-02
  5.182957112888982e-01   1.373449787394120e-01  -5.010000000000001e-02
  5.182607555578420e-01   1.373504643142917e-01  -5.010000000000001e-02
  5.182253896091494e-01   1.373559692644404e-01  -5.010000000000001e-02
  5.181896150003307e-01   1.373615155133669e-01  -5.010000000000000e-02
  5.181534332879700e-01   1.373671248768222e-01  -5.010000000000000e-02
  5.181168323815576e-01   1.373727307368800e-01  -5.010000000000000e-02
  5.180798199508745e-01   1.373783946545730e-01  -5.010000000000000e-02
  5.180423933179218e-01   1.373841107525448e-01  -5.010000000000000e-02
  5.180045423573221e-01   1.373898240997754e-01  -5.010000000000001e-02
  5.179662752751604e-01   1.373956002577494e-01  -5.010000000000001e-02
  5.179275866122178e-01   1.374014143975389e-01  -5.010000000000001e-02
  5.178884695672706e-01   1.374072326044160e-01  -5.010000000000001e-02
  5.178489312209939e-01   1.374131134749809e-01  -5.010000000000001e-02
  5.178089643957601e-01   1.374190197386225e-01  -5.010000000000001e-02
  5.177685646481547e-01   1.374249325135179e-01  -5.010000000000001e-02
  5.177277385875762e-01   1.374309076821854e-01  -5.010000000000002e-02
  5.176864781815475e-01   1.374369010141852e-01  -5.010000000000002e-02
  5.176447802484975e-01   1.374429015477288e-01  -5.010000000000002e-02
  5.176026511799954e-01   1.374489641237419e-01  -5.010000000000002e-02
  5.175600826717760e-01   1.374550413301191e-01  -5.010000000000001e-02
  5.175170711457343e-01   1.374611187273154e-01  -5.010000000000001e-02
  5.174736238605776e-01   1.374672576959432e-01  -5.010000000000001e-02
  5.174297329508532e-01   1.374734124924291e-01  -5.010000000000001e-02
  5.173853922425505e-01   1.374795492826447e-01  -5.010000000000001e-02
  5.173406113576434e-01   1.374857469936616e-01  -5.010000000000001e-02
  5.172953845889949e-01   1.374919740798371e-01  -5.010000000000001e-02
  5.172497009806224e-01   1.374981604556006e-01  -5.010000000000001e-02
  5.172035730121105e-01   1.375044070056562e-01  -5.010000000000000e-02
  5.171569984495018e-01   1.375107067755187e-01  -5.010000000000000e-02
  5.171099584869623e-01   1.375169287765392e-01  -5.010000000000001e-02
  5.170624702259788e-01   1.375232100742349e-01  -5.010000000000000e-02
  5.170145324742652e-01   1.375295508263100e-01  -5.010000000000001e-02
  5.169661272665230e-01   1.375358224989823e-01  -5.010000000000001e-02
  5.169172658341467e-01   1.375421199144706e-01  -5.010000000000001e-02
  5.168679513227299e-01   1.375484757242145e-01  -5.010000000000001e-02
  5.168181719955244e-01   1.375548061257276e-01  -5.010000000000001e-02
  5.167679258784613e-01   1.375611038586876e-01  -5.010000000000001e-02
  5.167172233777827e-01   1.375674587937222e-01  -5.010000000000001e-02
  5.166660611592241e-01   1.375738518810174e-01  -5.010000000000001e-02
  5.166144195690011e-01   1.375801316115362e-01  -5.010000000000001e-02
  5.165623185892833e-01   1.375864672048240e-01  -5.010000000000000e-02
  5.165097573580646e-01   1.375928587657028e-01  -5.010000000000001e-02
  5.164567182082362e-01   1.375991655133993e-01  -5.010000000000001e-02
  5.164032080849702e-01   1.376054522382653e-01  -5.010000000000000e-02
  5.163492351203673e-01   1.376117933408073e-01  -5.010000000000000e-02
  5.162947949585827e-01   1.376181573274450e-01  -5.010000000000000e-02
  5.162398675295445e-01   1.376243761359926e-01  -5.009999999999999e-02
  5.161844750100362e-01   1.376306476014484e-01  -5.010000000000000e-02
  5.161286168043580e-01   1.376369717912568e-01  -5.010000000000000e-02
  5.160722767321579e-01   1.376432079014502e-01  -5.010000000000000e-02
  5.160154569378583e-01   1.376493799584835e-01  -5.009999999999999e-02
  5.159581696802358e-01   1.376556027937768e-01  -5.009999999999999e-02
  5.159004145287311e-01   1.376618764540997e-01  -5.009999999999999e-02
  5.158421644933703e-01   1.376679504470569e-01  -5.009999999999999e-02
  5.157834423197689e-01   1.376740422676650e-01  -5.009999999999999e-02
  5.157242509789850e-01   1.376801827595353e-01  -5.010000000000000e-02
  5.156645855044053e-01   1.376863254081129e-01  -5.010000000000000e-02
  5.156044246332220e-01   1.376922622361171e-01  -5.010000000000000e-02
  5.155437937239951e-01   1.376982454486727e-01  -5.010000000000000e-02
  5.154826926573130e-01   1.377042750575635e-01  -5.010000000000000e-02
  5.154211100120337e-01   1.377102326879710e-01  -5.010000000000000e-02
  5.153590352265220e-01   1.377160084333907e-01  -5.010000000000001e-02
  5.152964899559218e-01   1.377218279550727e-01  -5.010000000000001e-02
  5.152334742709671e-01   1.377276912464356e-01  -5.010000000000001e-02
  5.151699736912351e-01   1.377334364403118e-01  -5.010000000000001e-02
  5.151059850690732e-01   1.377390267524388e-01  -5.010000000000000e-02
  5.150415263011904e-01   1.377446581384510e-01  -5.010000000000000e-02
  5.149765976570649e-01   1.377503305748058e-01  -5.009999999999999e-02
  5.149111782971227e-01   1.377557935694258e-01  -5.009999999999999e-02
  5.148452790768534e-01   1.377611711810884e-01  -5.010000000000000e-02
  5.147789108698584e-01   1.377665870637423e-01  -5.010000000000000e-02
  5.147120741525737e-01   1.377720411785086e-01  -5.010000000000001e-02
  5.146447388648612e-01   1.377771445769673e-01  -5.010000000000001e-02
  5.145769355300450e-01   1.377822778671567e-01  -5.010000000000001e-02
  5.145086652184082e-01   1.377874465114704e-01  -5.010000000000001e-02
  5.144399168034360e-01   1.377924879269204e-01  -5.010000000000000e-02
  5.143706846533612e-01   1.377973143437776e-01  -5.010000000000000e-02
  5.143009875630287e-01   1.378021731732565e-01  -5.009999999999999e-02
  5.142308263894846e-01   1.378070643556096e-01  -5.010000000000000e-02
  5.141601770334876e-01   1.378116129471725e-01  -5.010000000000000e-02
  5.140890622271163e-01   1.378161450534270e-01  -5.009999999999999e-02
  5.140174860631475e-01   1.378207065617394e-01  -5.009999999999999e-02
  5.139454373150356e-01   1.378250945643493e-01  -5.009999999999999e-02
  5.138729151092375e-01   1.378292757851106e-01  -5.010000000000000e-02
  5.137999348027953e-01   1.378334834173675e-01  -5.010000000000000e-02
  5.137264949360596e-01   1.378376676204927e-01  -5.010000000000001e-02
  5.136525777939005e-01   1.378414798314088e-01  -5.010000000000001e-02
  5.135782063521972e-01   1.378453154724202e-01  -5.010000000000001e-02
  5.135033820468068e-01   1.378491744694737e-01  -5.010000000000001e-02
  5.134280871117236e-01   1.378526585260098e-01  -5.010000000000002e-02
  5.133523382015910e-01   1.378560797283727e-01  -5.010000000000001e-02
  5.132761409557114e-01   1.378595211798363e-01  -5.010000000000001e-02
  5.131994851983877e-01   1.378627014978432e-01  -5.010000000000001e-02
  5.131223767111983e-01   1.378657165902864e-01  -5.010000000000001e-02
  5.130448249876096e-01   1.378687490141384e-01  -5.010000000000001e-02
  5.129668236921994e-01   1.378715697474657e-01  -5.010000000000001e-02
  5.128883725972147e-01   1.378741186748274e-01  -5.010000000000001e-02
  5.128094839269469e-01   1.378766818192961e-01  -5.010000000000000e-02
  5.127301548585168e-01   1.378790935328409e-01  -5.010000000000000e-02
  5.126503827566974e-01   1.378811924402306e-01  -5.010000000000001e-02
  5.125701793233655e-01   1.378833026965115e-01  -5.010000000000001e-02
  5.124895432690942e-01   1.378852708265388e-01  -5.010000000000001e-02
  5.124084714441290e-01   1.378868595897068e-01  -5.010000000000001e-02
  5.123269751057217e-01   1.378884566720575e-01  -5.010000000000001e-02
  5.122450542469910e-01   1.378899134065713e-01  -5.010000000000001e-02
  5.121627074177269e-01   1.378909888960215e-01  -5.010000000000001e-02
  5.120799434780681e-01   1.378920698331353e-01  -5.010000000000001e-02
  5.119967633406007e-01   1.378929827159539e-01  -5.010000000000001e-02
  5.119131676985880e-01   1.378935251847972e-01  -5.010000000000001e-02
  5.118291629327081e-01   1.378940703085272e-01  -5.010000000000001e-02
  5.117447511290093e-01   1.378943942094192e-01  -5.010000000000001e-02
  5.116599347829489e-01   1.378943822442024e-01  -5.010000000000001e-02
  5.115747178823763e-01   1.378943702224785e-01  -5.010000000000001e-02
  5.114891045032943e-01   1.378940518264878e-01  -5.010000000000001e-02
  5.114030976072603e-01   1.378934510447016e-01  -5.010000000000001e-02
  5.113166993072410e-01   1.378928475288511e-01  -5.010000000000001e-02
  5.112299171689427e-01   1.378918232381439e-01  -5.010000000000001e-02
  5.111427520972963e-01   1.378905997531399e-01  -5.010000000000001e-02
  5.110552053507731e-01   1.378893709107894e-01  -5.010000000000001e-02
  5.109672890849775e-01   1.378876288410998e-01  -5.010000000000000e-02
  5.108789991719801e-01   1.378858092371610e-01  -5.009999999999999e-02
  5.107903395061688e-01   1.378839146049691e-01  -5.009999999999999e-02
  5.107013253781322e-01   1.378814575828874e-01  -5.009999999999999e-02
  5.106119470765974e-01   1.378789905086674e-01  -5.009999999999999e-02
  5.105222157239595e-01   1.378762743926863e-01  -5.009999999999999e-02
  5.104321403615320e-01   1.378731388654724e-01  -5.009999999999999e-02
  5.103417120693121e-01   1.378699910527573e-01  -5.010000000000000e-02
  5.102509497903475e-01   1.378664348739502e-01  -5.010000000000000e-02
  5.101598501642817e-01   1.378626609190010e-01  -5.009999999999999e-02
  5.100684093920731e-01   1.378588728315000e-01  -5.009999999999999e-02
  5.099766631088682e-01   1.378543730524210e-01  -5.009999999999999e-02
  5.098845845700240e-01   1.378498417932720e-01  -5.009999999999999e-02
  5.097921877209923e-01   1.378450945739110e-01  -5.009999999999999e-02
  5.096994882809121e-01   1.378399121760227e-01  -5.009999999999999e-02
  5.096064685732242e-01   1.378347118734504e-01  -5.009999999999999e-02
  5.095131615991642e-01   1.378290126140944e-01  -5.010000000000000e-02
  5.094195558504037e-01   1.378230806099491e-01  -5.010000000000001e-02
  5.093256470135537e-01   1.378170697720771e-01  -5.010000000000000e-02
  5.092314783420533e-01   1.378104021493002e-01  -5.010000000000001e-02
  5.091370117230963e-01   1.378037134303221e-01  -5.010000000000001e-02
  5.090422764629776e-01   1.377966711256037e-01  -5.010000000000001e-02
  5.089472773375108e-01   1.377892734472256e-01  -5.010000000000001e-02
  5.088519942681067e-01   1.377818536578448e-01  -5.010000000000001e-02
  5.087564876569636e-01   1.377737306823395e-01  -5.010000000000001e-02
  5.086607106825832e-01   1.377655362697477e-01  -5.010000000000001e-02
  5.085646892540519e-01   1.377570388476310e-01  -5.010000000000001e-02
  5.084684428287508e-01   1.377480755166649e-01  -5.010000000000000e-02
  5.083719368933015e-01   1.377390880177846e-01  -5.009999999999999e-02
  5.082752341555042e-01   1.377294799364296e-01  -5.009999999999999e-02
  5.081782914841264e-01   1.377197492815301e-01  -5.009999999999999e-02
  5.080811319488435e-01   1.377097308711507e-01  -5.009999999999999e-02
  5.079837848515314e-01   1.376991931474506e-01  -5.009999999999999e-02
  5.078862038563959e-01   1.376886301045503e-01  -5.009999999999999e-02
  5.077884655269829e-01   1.376774056171421e-01  -5.009999999999999e-02
  5.076905163398542e-01   1.376660442021498e-01  -5.009999999999999e-02
  5.075923815179205e-01   1.376543868850261e-01  -5.009999999999999e-02
  5.074940893648692e-01   1.376422422226938e-01  -5.009999999999999e-02
  5.073955899911642e-01   1.376300719568439e-01  -5.009999999999998e-02
  5.072969736122499e-01   1.376172106137469e-01  -5.009999999999998e-02
  5.071981702799618e-01   1.376042505759100e-01  -5.009999999999998e-02
  5.070992250112052e-01   1.375909044715746e-01  -5.009999999999998e-02
  5.070001554665936e-01   1.375770830346579e-01  -5.009999999999998e-02
  5.069009063833648e-01   1.375632361117821e-01  -5.009999999999999e-02
  5.068015913977896e-01   1.375486106346370e-01  -5.009999999999999e-02
  5.067021081207649e-01   1.375339603742959e-01  -5.009999999999999e-02
  5.066025268553835e-01   1.375188580975305e-01  -5.009999999999999e-02
  5.065028382143230e-01   1.375034040417937e-01  -5.009999999999999e-02
  5.064030158475343e-01   1.374878166015899e-01  -5.009999999999999e-02
  5.063031539716314e-01   1.374715399087487e-01  -5.010000000000000e-02
  5.062031524701420e-01   1.374552404580456e-01  -5.010000000000001e-02
  5.061031175238995e-01   1.374383185989104e-01  -5.010000000000001e-02
  5.060029925995719e-01   1.374211477787229e-01  -5.010000000000001e-02
  5.059027887602751e-01   1.374037095639805e-01  -5.010000000000001e-02
  5.058025617906259e-01   1.373857201506119e-01  -5.010000000000001e-02
  5.057022244427193e-01   1.373677109258082e-01  -5.010000000000001e-02
  5.056019142167955e-01   1.373489655293373e-01  -5.010000000000001e-02
  5.055015176003284e-01   1.373301354939035e-01  -5.010000000000001e-02
  5.054011066655396e-01   1.373108792342869e-01  -5.010000000000001e-02
  5.053006814090395e-01   1.372912286229732e-01  -5.009999999999999e-02
  5.052001968236810e-01   1.372714551548027e-01  -5.009999999999999e-02
  5.050997815604215e-01   1.372509461732852e-01  -5.009999999999999e-02
  5.049992975219123e-01   1.372304231449955e-01  -5.009999999999999e-02
  5.048988739317954e-01   1.372092956070305e-01  -5.009999999999999e-02
  5.047984361465194e-01   1.371879515367567e-01  -5.009999999999999e-02
  5.046980136157443e-01   1.371662919090030e-01  -5.009999999999999e-02
  5.045976635860159e-01   1.371440815485543e-01  -5.009999999999999e-02
  5.044972747028416e-01   1.371218625887156e-01  -5.010000000000000e-02
  5.043970289450640e-01   1.370988557812956e-01  -5.009999999999999e-02
  5.042967598640800e-01   1.370758270738016e-01  -5.009999999999999e-02
  5.041965822955726e-01   1.370523128792285e-01  -5.009999999999999e-02
  5.040964641403772e-01   1.370284773482838e-01  -5.009999999999999e-02
  5.039963805874174e-01   1.370044599628462e-01  -5.009999999999999e-02
  5.038964442479582e-01   1.369798219965892e-01  -5.009999999999999e-02
  5.037965108846974e-01   1.369551847640740e-01  -5.010000000000000e-02
  5.036967566774068e-01   1.369298709783008e-01  -5.010000000000001e-02
  5.035970478791664e-01   1.369044391234188e-01  -5.010000000000001e-02
  5.034974574605211e-01   1.368786362511341e-01  -5.010000000000001e-02
  5.033980036468245e-01   1.368524164688498e-01  -5.010000000000000e-02
  5.032986025094302e-01   1.368261302752441e-01  -5.010000000000000e-02
  5.031994396817380e-01   1.367991087619291e-01  -5.010000000000000e-02
  5.031003211340585e-01   1.367720993147581e-01  -5.010000000000000e-02
  5.030014226164787e-01   1.367444906874621e-01  -5.009999999999999e-02
  5.029026492778496e-01   1.367166478406956e-01  -5.010000000000000e-02
  5.028040131048384e-01   1.366885589291307e-01  -5.009999999999999e-02
  5.027056001210626e-01   1.366599455049610e-01  -5.009999999999999e-02
  5.026072603442755e-01   1.366313533656112e-01  -5.010000000000000e-02
  5.025092157799262e-01   1.366020514235045e-01  -5.009999999999999e-02
  5.024112699573801e-01   1.365727267722972e-01  -5.009999999999999e-02
  5.023135474514334e-01   1.365429914626200e-01  -5.009999999999999e-02
  5.022160313464469e-01   1.365129217163073e-01  -5.009999999999999e-02
  5.021186538253674e-01   1.364827647066454e-01  -5.009999999999999e-02
  5.020215964409990e-01   1.364519600222940e-01  -5.009999999999999e-02
  5.019246515808472e-01   1.364211910515877e-01  -5.009999999999999e-02
  5.018280153232382e-01   1.363898679243859e-01  -5.009999999999999e-02
  5.017315680168314e-01   1.363583814664829e-01  -5.009999999999999e-02
  5.016353368389983e-01   1.363266737637551e-01  -5.010000000000000e-02
  5.015394146855445e-01   1.362944826863345e-01  -5.010000000000000e-02
  5.014436321355023e-01   1.362623384592406e-01  -5.010000000000001e-02
  5.013482395446008e-01   1.362295230398191e-01  -5.010000000000001e-02
  5.012530202550487e-01   1.361966910820624e-01  -5.010000000000000e-02
  5.011580889546886e-01   1.361635334390066e-01  -5.009999999999999e-02
  5.010634587733738e-01   1.361300297119624e-01  -5.009999999999999e-02
  5.009690073519491e-01   1.360965481262510e-01  -5.009999999999999e-02
  5.008749921420015e-01   1.360623875190183e-01  -5.009999999999999e-02
  5.007811525997024e-01   1.360282907409632e-01  -5.009999999999999e-02
  5.006876640000377e-01   1.359937975581307e-01  -5.009999999999999e-02
  5.005944752763228e-01   1.359590626262315e-01  -5.009999999999999e-02
  5.005015168398458e-01   1.359242935083238e-01  -5.009999999999999e-02
  5.004090031231977e-01   1.358889374281311e-01  -5.009999999999999e-02
  5.003166894671259e-01   1.358536578053335e-01  -5.009999999999999e-02
  5.002247774153216e-01   1.358179485716837e-01  -5.009999999999999e-02
  5.001331743092640e-01   1.357820638577830e-01  -5.009999999999999e-02
  5.000418378615039e-01   1.357461307636799e-01  -5.010000000000000e-02
  4.999509646208157e-01   1.357096676987693e-01  -5.009999999999999e-02
  4.998603145166214e-01   1.356732941678118e-01  -5.009999999999999e-02
  4.997700961899943e-01   1.356365099488749e-01  -5.009999999999999e-02
  4.996802082294977e-01   1.355995782815880e-01  -5.009999999999998e-02
  4.995906045525139e-01   1.355626287495667e-01  -5.009999999999999e-02
  4.995014995662963e-01   1.355251585331753e-01  -5.009999999999999e-02
  4.994126393819506e-01   1.354877912602836e-01  -5.009999999999999e-02
  4.993242205015943e-01   1.354500774460907e-01  -5.009999999999999e-02
  4.992361718277251e-01   1.354121965875977e-01  -5.009999999999999e-02
  4.991484015504032e-01   1.353743778598547e-01  -5.009999999999999e-02
  4.990611846150792e-01   1.353360012305406e-01  -5.009999999999999e-02
  4.989742326491877e-01   1.352977411913551e-01  -5.010000000000000e-02
  4.988877064045796e-01   1.352592478397873e-01  -5.010000000000001e-02
  4.988016129790185e-01   1.352205164834878e-01  -5.010000000000000e-02
  4.987157960767275e-01   1.351819095283401e-01  -5.010000000000000e-02
  4.986305464724072e-01   1.351427984487534e-01  -5.010000000000001e-02
  4.985456122945079e-01   1.351037476962298e-01  -5.010000000000001e-02
  4.984610565097034e-01   1.350646336208296e-01  -5.010000000000000e-02
  4.983770207913654e-01   1.350251615866473e-01  -5.009999999999999e-02
  4.982932792537197e-01   1.349858277307369e-01  -5.009999999999999e-02
  4.982100429567962e-01   1.349461972000935e-01  -5.009999999999999e-02
  4.981272221446931e-01   1.349064687199989e-01  -5.009999999999999e-02
  4.980447055607922e-01   1.348668861757358e-01  -5.009999999999999e-02
  4.979639388177937e-01   1.348245800049513e-01  -5.009999999999999e-02
  4.978839694290872e-01   1.347815064169993e-01  -5.009999999999999e-02
  4.978047779967492e-01   1.347377363161708e-01  -5.009999999999998e-02
  4.977263716564394e-01   1.346932866883547e-01  -5.009999999999997e-02
  4.976487571612714e-01   1.346481745737615e-01  -5.009999999999997e-02
  4.975719408833307e-01   1.346024170571010e-01  -5.009999999999996e-02
  4.974959288154570e-01   1.345560312578825e-01  -5.009999999999996e-02
  4.974207265732847e-01   1.345090343208418e-01  -5.009999999999996e-02
  4.973463393975362e-01   1.344614434065039e-01  -5.009999999999996e-02
  4.972727721565584e-01   1.344132756818880e-01  -5.009999999999996e-02
  4.972000293490995e-01   1.343645483113604e-01  -5.009999999999995e-02
  4.971281151073151e-01   1.343152784476425e-01  -5.009999999999995e-02
  4.970570331999998e-01   1.342654832229784e-01  -5.009999999999994e-02
  4.969867870360340e-01   1.342151797404684e-01  -5.009999999999994e-02
  4.969173796680413e-01   1.341643850655745e-01  -5.009999999999994e-02
  4.968488137962469e-01   1.341131162178000e-01  -5.009999999999994e-02
  4.967810917725298e-01   1.340613901625505e-01  -5.009999999999994e-02
  4.967142156046625e-01   1.340092238031795e-01  -5.009999999999993e-02
  4.966481869607282e-01   1.339566339732214e-01  -5.009999999999993e-02
  4.965830071737102e-01   1.339036374288181e-01  -5.009999999999993e-02
  4.965186772462432e-01   1.338502508413393e-01  -5.009999999999992e-02
  4.964551978555207e-01   1.337964907902020e-01  -5.009999999999992e-02
  4.963925693583495e-01   1.337423737558905e-01  -5.009999999999992e-02
  4.963307917963438e-01   1.336879161131803e-01  -5.009999999999992e-02
  4.962698649012512e-01   1.336331341245659e-01  -5.009999999999992e-02
  4.962097881004024e-01   1.335780439338976e-01  -5.009999999999992e-02
  4.961505605222775e-01   1.335226615602254e-01  -5.009999999999991e-02
  4.960921810021798e-01   1.334670028918532e-01  -5.009999999999991e-02
  4.960346480880122e-01   1.334110836806036e-01  -5.009999999999991e-02
  4.959779600461441e-01   1.333549195362945e-01  -5.009999999999991e-02
  4.959221148673670e-01   1.332985259214265e-01  -5.009999999999990e-02
  4.958671102729255e-01   1.332419181460831e-01  -5.009999999999990e-02
  4.958129437206211e-01   1.331851113630421e-01  -5.009999999999990e-02
  4.957596124109786e-01   1.331281205630981e-01  -5.009999999999990e-02
  4.957071132934691e-01   1.330709605705968e-01  -5.009999999999990e-02
  4.956554430727829e-01   1.330136460391779e-01  -5.009999999999990e-02
  4.956045982151441e-01   1.329561914477278e-01  -5.009999999999990e-02
  4.955545749546617e-01   1.328986110965392e-01  -5.009999999999990e-02
  4.955053692997087e-01   1.328409191036777e-01  -5.009999999999990e-02
  4.954569770393253e-01   1.327831294015517e-01  -5.009999999999989e-02
  4.954093937496369e-01   1.327252557336858e-01  -5.009999999999989e-02
  4.953626148002829e-01   1.326673116516937e-01  -5.009999999999989e-02
  4.953166353608486e-01   1.326093105124508e-01  -5.009999999999989e-02
  4.952714504072964e-01   1.325512654754610e-01  -5.009999999999989e-02
  4.952270547283880e-01   1.324931895004179e-01  -5.009999999999989e-02
  4.951834429320943e-01   1.324350953449567e-01  -5.009999999999989e-02
  4.951406094519856e-01   1.323769955625927e-01  -5.009999999999989e-02
  4.950985485535989e-01   1.323189025008465e-01  -5.009999999999988e-02
  4.950572543407755e-01   1.322608282995487e-01  -5.009999999999988e-02
  4.950167207619652e-01   1.322027848893252e-01  -5.009999999999988e-02
  4.949769416164910e-01   1.321447839902559e-01  -5.009999999999988e-02
  4.949379105607721e-01   1.320868371107063e-01  -5.009999999999988e-02
  4.948996211144980e-01   1.320289555463268e-01  -5.009999999999988e-02
  4.948620666667520e-01   1.319711503792170e-01  -5.009999999999988e-02
  4.948252404820778e-01   1.319134324772502e-01  -5.009999999999988e-02
  4.947891357064881e-01   1.318558124935559e-01  -5.009999999999988e-02
  4.947537453734086e-01   1.317983008661553e-01  -5.009999999999988e-02
  4.947190624095561e-01   1.317409078177464e-01  -5.009999999999988e-02
  4.946850796407470e-01   1.316836433556345e-01  -5.009999999999988e-02
  4.946517897976314e-01   1.316265172718042e-01  -5.009999999999988e-02
  4.946191855213528e-01   1.315695391431301e-01  -5.009999999999988e-02
  4.945872593691274e-01   1.315127183317195e-01  -5.009999999999988e-02
  4.945560038197436e-01   1.314560639853858e-01  -5.009999999999988e-02
  4.945254112789760e-01   1.313995850382471e-01  -5.009999999999988e-02
  4.944954740849147e-01   1.313432902114465e-01  -5.009999999999988e-02
  4.944661845132050e-01   1.312871880139889e-01  -5.009999999999988e-02
  4.944375347821980e-01   1.312312867436923e-01  -5.009999999999988e-02
  4.944095170580082e-01   1.311755944882473e-01  -5.009999999999988e-02
  4.943821234594781e-01   1.311201191263827e-01  -5.009999999999988e-02
  4.943553460630474e-01   1.310648683291312e-01  -5.009999999999988e-02
  4.943291769075251e-01   1.310098495611933e-01  -5.009999999999988e-02
  4.943036079987648e-01   1.309550700823935e-01  -5.009999999999988e-02
  4.942786313142401e-01   1.309005369492260e-01  -5.009999999999988e-02
  4.942542388075213e-01   1.308462570164857e-01  -5.009999999999988e-02
  4.942304224126506e-01   1.307922369389808e-01  -5.009999999999988e-02
  4.942071740484162e-01   1.307384831733221e-01  -5.009999999999988e-02
  4.941844856225255e-01   1.306850019797868e-01  -5.009999999999988e-02
  4.941623490356746e-01   1.306317994242521e-01  -5.009999999999988e-02
  4.941407561855165e-01   1.305788813801948e-01  -5.009999999999988e-02
  4.941196989705262e-01   1.305262535307536e-01  -5.009999999999988e-02
  4.940991692937625e-01   1.304739213708507e-01  -5.009999999999988e-02
  4.940791590665281e-01   1.304218902093686e-01  -5.009999999999988e-02
  4.940596602119256e-01   1.303701651713791e-01  -5.009999999999988e-02
  4.940406646683128e-01   1.303187512004207e-01  -5.009999999999988e-02
  4.940221643926545e-01   1.302676530608216e-01  -5.009999999999989e-02
  4.940041513637730e-01   1.302168753400644e-01  -5.009999999999989e-02
  4.939866175854983e-01   1.301664224511899e-01  -5.009999999999989e-02
  4.939695550897162e-01   1.301162986352364e-01  -5.009999999999989e-02
  4.939529559393180e-01   1.300665079637117e-01  -5.009999999999989e-02
  4.939368122310497e-01   1.300170543410946e-01  -5.009999999999989e-02
  4.939211160982640e-01   1.299679415073634e-01  -5.009999999999989e-02
  4.939058597135739e-01   1.299191730405482e-01  -5.009999999999989e-02
  4.938910352914104e-01   1.298707523593040e-01  -5.009999999999989e-02
  4.938766350904844e-01   1.298226827255027e-01  -5.009999999999989e-02
  4.938626514161542e-01   1.297749672468407e-01  -5.009999999999990e-02
  4.938490766226995e-01   1.297276088794598e-01  -5.009999999999990e-02
  4.938359031155039e-01   1.296806104305791e-01  -5.009999999999990e-02
  4.938231233531454e-01   1.296339745611350e-01  -5.009999999999990e-02
  4.938107298493985e-01   1.295877037884279e-01  -5.009999999999990e-02
  4.937987151751465e-01   1.295418004887724e-01  -5.009999999999990e-02
  4.937870719602082e-01   1.294962669001493e-01  -5.009999999999990e-02
  4.937757928950778e-01   1.294511051248574e-01  -5.009999999999990e-02
  4.937648707325820e-01   1.294063171321634e-01  -5.009999999999990e-02
  4.937542982894519e-01   1.293619047609467e-01  -5.009999999999990e-02
  4.937440684478168e-01   1.293178697223391e-01  -5.009999999999990e-02
  4.937341741566150e-01   1.292742136023556e-01  -5.009999999999990e-02
  4.937246084329289e-01   1.292309378645168e-01  -5.009999999999990e-02
  4.937153643632414e-01   1.291880438524591e-01  -5.009999999999990e-02
  4.937064351046184e-01   1.291455327925328e-01  -5.009999999999990e-02
  4.936978138858166e-01   1.291034057963856e-01  -5.009999999999990e-02
  4.936894940083199e-01   1.290616638635306e-01  -5.009999999999990e-02
  4.936814688473051e-01   1.290203078838971e-01  -5.009999999999991e-02
  4.936737318525388e-01   1.289793386403632e-01  -5.009999999999991e-02
  4.936662765492063e-01   1.289387568112689e-01  -5.009999999999991e-02
  4.936590965386754e-01   1.288985629729084e-01  -5.009999999999991e-02
  4.936521854991963e-01   1.288587576020003e-01  -5.009999999999991e-02
  4.936455371865382e-01   1.288193410781355e-01  -5.009999999999991e-02
  4.936391454345652e-01   1.287803136862011e-01  -5.009999999999991e-02
  4.936330041557532e-01   1.287416756187789e-01  -5.009999999999992e-02
  4.936271073416486e-01   1.287034269785194e-01  -5.009999999999992e-02
  4.936214490632712e-01   1.286655677804883e-01  -5.009999999999992e-02
  4.936160234714616e-01   1.286280979544865e-01  -5.009999999999992e-02
  4.936108247971771e-01   1.285910173473420e-01  -5.009999999999992e-02
  4.936058473517342e-01   1.285543257251734e-01  -5.009999999999992e-02
  4.936010855270025e-01   1.285180227756240e-01  -5.009999999999992e-02
  4.935965337955498e-01   1.284821081100663e-01  -5.009999999999992e-02
  4.935921867107396e-01   1.284465812657766e-01  -5.009999999999992e-02
  4.935880389067842e-01   1.284114417080788e-01  -5.009999999999992e-02
  4.935840850987526e-01   1.283766888324571e-01  -5.009999999999992e-02
  4.935803200825372e-01   1.283423219666372e-01  -5.009999999999992e-02
  4.935767387347780e-01   1.283083403726361e-01  -5.009999999999992e-02
  4.935733360127485e-01   1.282747432487798e-01  -5.009999999999992e-02
  4.935701069542020e-01   1.282415297316882e-01  -5.009999999999992e-02
  4.935670466771820e-01   1.282086988982286e-01  -5.009999999999993e-02
  4.935641503797967e-01   1.281762497674354e-01  -5.009999999999993e-02
  4.935614133399591e-01   1.281441813023977e-01  -5.009999999999993e-02
  4.935588309150946e-01   1.281124924121144e-01  -5.009999999999993e-02
  4.935563985418168e-01   1.280811819533149e-01  -5.009999999999993e-02
  4.935541117355727e-01   1.280502487322487e-01  -5.009999999999993e-02
  4.935519660902597e-01   1.280196915064404e-01  -5.009999999999993e-02
  4.935499572778137e-01   1.279895089864128e-01  -5.009999999999994e-02
  4.935480810477712e-01   1.279596998373764e-01  -5.009999999999994e-02
  4.935463332268056e-01   1.279302626808865e-01  -5.009999999999994e-02
  4.935447097182397e-01   1.279011960964671e-01  -5.009999999999994e-02
  4.935432065015344e-01   1.278724986232028e-01  -5.009999999999994e-02
  4.935418196317554e-01   1.278441687612974e-01  -5.009999999999994e-02
  4.935405452390195e-01   1.278162049736009e-01  -5.009999999999994e-02
  4.935393795279202e-01   1.277886056871036e-01  -5.009999999999994e-02
  4.935383187769347e-01   1.277613692943995e-01  -5.009999999999994e-02
  4.935373593378131e-01   1.277344941551164e-01  -5.009999999999994e-02
  4.935364976349504e-01   1.277079785973156e-01  -5.009999999999994e-02
  4.935357301647430e-01   1.276818209188603e-01  -5.009999999999994e-02
  4.935350534949294e-01   1.276560193887526e-01  -5.009999999999994e-02
  4.935344642639178e-01   1.276305722484401e-01  -5.009999999999994e-02
  4.935339591800991e-01   1.276054777130925e-01  -5.009999999999994e-02
  4.935335350211492e-01   1.275807339728471e-01  -5.009999999999994e-02
  4.935331886333182e-01   1.275563391940262e-01  -5.009999999999995e-02
  4.935329169307098e-01   1.275322915203232e-01  -5.009999999999995e-02
  4.935327168945505e-01   1.275085890739616e-01  -5.009999999999995e-02
  4.935325855724499e-01   1.274852299568236e-01  -5.009999999999995e-02
  4.935325200776520e-01   1.274622122515517e-01  -5.009999999999995e-02
  4.935325175882792e-01   1.274395340226215e-01  -5.009999999999995e-02
  4.935325753465698e-01   1.274171933173872e-01  -5.009999999999995e-02
  4.935326906581078e-01   1.273951881671002e-01  -5.009999999999995e-02
  4.935328608910489e-01   1.273735165879006e-01  -5.009999999999996e-02
  4.935330834753400e-01   1.273521765817819e-01  -5.009999999999996e-02
  4.935333559019349e-01   1.273311661375310e-01  -5.009999999999996e-02
  4.935336757220065e-01   1.273104832316410e-01  -5.009999999999996e-02
  4.935340405461550e-01   1.272901258291998e-01  -5.009999999999996e-02
  4.935344480436142e-01   1.272700918847541e-01  -5.009999999999996e-02
  4.935348959414557e-01   1.272503793431480e-01  -5.009999999999996e-02
  4.935353820237908e-01   1.272309861403388e-01  -5.009999999999996e-02
  4.935359041309715e-01   1.272119102041886e-01  -5.009999999999996e-02
  4.935364601587920e-01   1.271931494552328e-01  -5.009999999999996e-02
  4.935370480576883e-01   1.271747018074264e-01  -5.009999999999996e-02
  4.935376658319396e-01   1.271565651688674e-01  -5.009999999999996e-02
  4.935383115388691e-01   1.271387374424988e-01  -5.009999999999996e-02
  4.935389832880476e-01   1.271212165267889e-01  -5.009999999999996e-02
  4.935396792404967e-01   1.271040003163909e-01  -5.009999999999996e-02
  4.935403976078955e-01   1.270870867027811e-01  -5.009999999999996e-02
  4.935411366517889e-01   1.270704735748783e-01  -5.009999999999996e-02
  4.935418946827984e-01   1.270541588196419e-01  -5.009999999999996e-02
  4.935426700598363e-01   1.270381403226515e-01  -5.009999999999996e-02
  4.935434611893225e-01   1.270224159686675e-01  -5.009999999999996e-02
  4.935442665244061e-01   1.270069836421729e-01  -5.009999999999997e-02
  4.935450845641893e-01   1.269918412278970e-01  -5.009999999999997e-02
  4.935459167422786e-01   1.269769856808014e-01  -5.009999999999997e-02
  4.935467595725406e-01   1.269624180604222e-01  -5.009999999999997e-02
  4.935476099334920e-01   1.269481328725845e-01  -5.009999999999997e-02
  4.935484700835083e-01   1.269341292908776e-01  -5.009999999999998e-02
  4.935493421564565e-01   1.269204081146611e-01  -5.009999999999999e-02
  4.935502289138835e-01   1.269069602469632e-01  -5.009999999999998e-02
  4.935511322576294e-01   1.268937898151855e-01  -5.009999999999998e-02
  4.935520544944479e-01   1.268808943759062e-01  -5.009999999999999e-02
  4.935529979183296e-01   1.268682716116144e-01  -5.009999999999999e-02
  4.935539647621775e-01   1.268559199370060e-01  -5.009999999999999e-02
  4.935549572383871e-01   1.268438378710624e-01  -5.009999999999999e-02
  4.935559775355028e-01   1.268320240507624e-01  -5.009999999999999e-02
  4.935570278140098e-01   1.268204772437465e-01  -5.009999999999999e-02
  4.935581113034758e-01   1.268091851791538e-01  -5.009999999999999e-02
  4.935592286588455e-01   1.267981624767032e-01  -5.009999999999998e-02
  4.935603826539360e-01   1.267874011242412e-01  -5.009999999999999e-02
  4.935615754279434e-01   1.267768997525993e-01  -5.009999999999999e-02
  4.935628090959045e-01   1.267666570689272e-01  -5.009999999999999e-02
  4.935640857441148e-01   1.267566718649414e-01  -5.010000000000000e-02
  4.935654074242611e-01   1.267469430259687e-01  -5.009999999999999e-02
  4.935667761459824e-01   1.267374695407589e-01  -5.009999999999999e-02
  4.935681938675194e-01   1.267282505119859e-01  -5.009999999999999e-02
  4.935696624840575e-01   1.267192851672794e-01  -5.009999999999999e-02
  4.935711838133150e-01   1.267105728705338e-01  -5.010000000000000e-02
  4.935727595778663e-01   1.267021131331173e-01  -5.009999999999999e-02
  4.935743913836455e-01   1.266939056244526e-01  -5.010000000000000e-02
  4.935760827217577e-01   1.266859409434559e-01  -5.009999999999999e-02
  4.935778317956469e-01   1.266782340434612e-01  -5.009999999999999e-02
  4.935796411318419e-01   1.266707783668170e-01  -5.009999999999999e-02
  4.935815116815165e-01   1.266635740768291e-01  -5.010000000000000e-02
  4.935834441215661e-01   1.266566214996815e-01  -5.010000000000000e-02
  4.935854388003797e-01   1.266499211203652e-01  -5.009999999999999e-02
  4.935874956752442e-01   1.266434735723167e-01  -5.010000000000000e-02
  4.935896142411125e-01   1.266372796187747e-01  -5.010000000000000e-02
  4.935917934509592e-01   1.266313401235585e-01  -5.010000000000000e-02
  4.935940316286595e-01   1.266256560087415e-01  -5.010000000000000e-02
  4.935963266808829e-01   1.266202275015481e-01  -5.009999999999999e-02
  4.935986748442746e-01   1.266150567582057e-01  -5.009999999999999e-02
  4.936010722472516e-01   1.266101438364598e-01  -5.010000000000001e-02
  4.936035137719559e-01   1.266054891247811e-01  -5.009999999999999e-02
  4.936059932382687e-01   1.266010925894403e-01  -5.010000000000000e-02
  4.936085033607039e-01   1.265969536245117e-01  -5.010000000000000e-02
  4.936110357395558e-01   1.265930708933699e-01  -5.010000000000001e-02
  4.936135808947075e-01   1.265894421712974e-01  -5.010000000000000e-02
  4.936161283483205e-01   1.265860642013785e-01  -5.010000000000000e-02
  4.936186667589644e-01   1.265829325773679e-01  -5.010000000000000e-02
  4.936211841049081e-01   1.265800416670791e-01  -5.010000000000000e-02
  4.936236679088897e-01   1.265773845876949e-01  -5.010000000000000e-02
  4.936261054916332e-01   1.265749532402665e-01  -5.010000000000000e-02
  4.936284842376468e-01   1.265727384050586e-01  -5.009999999999999e-02
  4.936307918552208e-01   1.265707298932127e-01  -5.010000000000000e-02
  4.936330166133929e-01   1.265689167445359e-01  -5.010000000000000e-02
  4.936351475417815e-01   1.265672874570734e-01  -5.010000000000000e-02
  4.936371745839372e-01   1.265658302321168e-01  -5.010000000000000e-02
  4.936390887002787e-01   1.265645332185652e-01  -5.010000000000000e-02
  4.936408819217982e-01   1.265633847427455e-01  -5.009999999999999e-02
  4.936425473598123e-01   1.265623735132591e-01  -5.010000000000000e-02
  4.936440791796926e-01   1.265614887943720e-01  -5.010000000000001e-02
  4.936454725477135e-01   1.265607205452609e-01  -5.010000000000001e-02
  4.936468000000000e-01   1.265600200000000e-01  -5.010000000000000e-02
