620
  5.202700111584639e-01   1.369755513754850e-01  -5.010000000000001e-02
  5.202699279578118e-01   1.369775496441485e-01  -5.010000000000001e-02
  5.202698357270582e-01   1.369797371514140e-01  -5.010000000000001e-02
  5.202696364376818e-01   1.369822889442865e-01  -5.010000000000001e-02
  5.202693603692312e-01   1.369852092204148e-01  -5.010000000000001e-02
  5.202689522843330e-01   1.369884955015738e-01  -5.010000000000001e-02
  5.202683585067168e-01   1.369921403395946e-01  -5.010000000000001e-02
  5.202675628304609e-01   1.369961398145869e-01  -5.010000000000001e-02
  5.202665157623230e-01   1.370004822128643e-01  -5.010000000000001e-02
  5.202651686313420e-01   1.370051514829935e-01  -5.010000000000002e-02
  5.202634740059948e-01   1.370101272863320e-01  -5.010000000000001e-02
  5.202613641928450e-01   1.370153760009285e-01  -5.010000000000001e-02
  5.202588529286132e-01   1.370208926306195e-01  -5.010000000000001e-02
  5.202559090591413e-01   1.370266531635410e-01  -5.010000000000001e-02
  5.202525071161522e-01   1.370326342880337e-01  -5.010000000000001e-02
  5.202486025156823e-01   1.370387978641564e-01  -5.010000000000001e-02
  5.202441636146632e-01   1.370451089625230e-01  -5.010000000000002e-02
  5.202392248802916e-01   1.370515787521341e-01  -5.010000000000001e-02
  5.202337499326828e-01   1.370581671353730e-01  -5.010000000000001e-02
  5.202277347283448e-01   1.370648572073622e-01  -5.010000000000002e-02
  5.202211566533335e-01   1.370716154999180e-01  -5.010000000000002e-02
  5.202140438335675e-01   1.370784583004902e-01  -5.010000000000002e-02
  5.202063877626804e-01   1.370853659377260e-01  -5.010000000000002e-02
  5.201981821480209e-01   1.370923226584366e-01  -5.010000000000002e-02
  5.201894055476217e-01   1.370992922074702e-01  -5.010000000000002e-02
  5.201800994524801e-01   1.371063184826433e-01  -5.010000000000002e-02
  5.201702527182502e-01   1.371133811792248e-01  -5.010000000000002e-02
  5.201598306530095e-01   1.371204239790778e-01  -5.010000000000001e-02
  5.201488738935687e-01   1.371275001830450e-01  -5.010000000000002e-02
  5.201373831744086e-01   1.371346078009255e-01  -5.010000000000001e-02
  5.201253363335541e-01   1.371417072981242e-01  -5.010000000000001e-02
  5.201127341928269e-01   1.371487954113119e-01  -5.010000000000002e-02
  5.200995947967824e-01   1.371559013718411e-01  -5.010000000000001e-02
  5.200859107971412e-01   1.371630106532244e-01  -5.010000000000001e-02
  5.200716757606833e-01   1.371701096531250e-01  -5.010000000000001e-02
  5.200568951369075e-01   1.371772088447451e-01  -5.010000000000001e-02
  5.200415684616253e-01   1.371843073593402e-01  -5.010000000000001e-02
  5.200256881399694e-01   1.371913891730652e-01  -5.010000000000001e-02
  5.200092575180401e-01   1.371984626940841e-01  -5.010000000000000e-02
  5.199922763098941e-01   1.372055288023244e-01  -5.010000000000000e-02
  5.199747375252020e-01   1.372125723329561e-01  -5.010000000000001e-02
  5.199566417198662e-01   1.372195967546265e-01  -5.010000000000001e-02
  5.199379909171561e-01   1.372266101232922e-01  -5.010000000000001e-02
  5.199187816579844e-01   1.372336064843633e-01  -5.010000000000001e-02
  5.198990110157353e-01   1.372405815898734e-01  -5.010000000000001e-02
  5.198786785873419e-01   1.372475384263553e-01  -5.009999999999999e-02
  5.198577835626651e-01   1.372544793040037e-01  -5.009999999999999e-02
  5.198363144581413e-01   1.372613737490374e-01  -5.010000000000000e-02
  5.198142714032401e-01   1.372682250575676e-01  -5.010000000000000e-02
  5.197916582235722e-01   1.372750499739427e-01  -5.010000000000001e-02
  5.197684737029403e-01   1.372818507022780e-01  -5.010000000000001e-02
  5.197447165423874e-01   1.372886295360125e-01  -5.010000000000001e-02
  5.197203742086370e-01   1.372953480287378e-01  -5.010000000000001e-02
  5.196954447271620e-01   1.373020022227893e-01  -5.010000000000001e-02
  5.196699347678807e-01   1.373086226112620e-01  -5.010000000000001e-02
  5.196438428129722e-01   1.373152119162946e-01  -5.010000000000001e-02
  5.196171541808047e-01   1.373217175286033e-01  -5.010000000000000e-02
  5.195898701587033e-01   1.373281476184057e-01  -5.010000000000000e-02
  5.195619989298204e-01   1.373345443789624e-01  -5.010000000000001e-02
  5.195335307349056e-01   1.373408741742014e-01  -5.010000000000001e-02
  5.195044505055102e-01   1.373470709855980e-01  -5.010000000000001e-02
  5.194747781766422e-01   1.373532335212654e-01  -5.010000000000000e-02
  5.194445040841157e-01   1.373593259052598e-01  -5.010000000000000e-02
  5.194136054370476e-01   1.373652343760640e-01  -5.010000000000000e-02
  5.193821069079548e-01   1.373710913161607e-01  -5.010000000000000e-02
  5.193499889141535e-01   1.373768005528787e-01  -5.010000000000001e-02
  5.193172791352717e-01   1.373825219543290e-01  -5.010000000000001e-02
  5.192839837104620e-01   1.373883036377103e-01  -5.010000000000001e-02
  5.192500982461549e-01   1.373941327587517e-01  -5.010000000000001e-02
  5.192156248542359e-01   1.374000339852791e-01  -5.010000000000001e-02
  5.191805600252778e-01   1.374059993052526e-01  -5.010000000000001e-02
  5.191449000255104e-01   1.374120185024347e-01  -5.010000000000001e-02
  5.191086477999403e-01   1.374181207955214e-01  -5.010000000000001e-02
  5.190717971802732e-01   1.374242807782456e-01  -5.010000000000001e-02
  5.190343515035677e-01   1.374305293386944e-01  -5.010000000000001e-02
  5.189963052630995e-01   1.374368441216755e-01  -5.010000000000001e-02
  5.189576588204805e-01   1.374432374017988e-01  -5.010000000000001e-02
  5.189184094879837e-01   1.374497027894330e-01  -5.010000000000001e-02
  5.188785552054995e-01   1.374562369868014e-01  -5.010000000000001e-02
  5.188380958869506e-01   1.374628484522698e-01  -5.010000000000001e-02
  5.187970271005948e-01   1.374695183296196e-01  -5.010000000000001e-02
  5.187553511340668e-01   1.374762687382960e-01  -5.010000000000001e-02
  5.187130614795970e-01   1.374830667532874e-01  -5.009999999999999e-02
  5.186701625213469e-01   1.374899466668658e-01  -5.009999999999999e-02
  5.186266467033480e-01   1.374968675811535e-01  -5.009999999999999e-02
  5.185825195538193e-01   1.375038702255626e-01  -5.010000000000000e-02
  5.185377732075951e-01   1.375109101792510e-01  -5.010000000000000e-02
  5.184924133476082e-01   1.375180284657514e-01  -5.010000000000001e-02
  5.184464326459909e-01   1.375251823869994e-01  -5.010000000000001e-02
  5.183998358743798e-01   1.375324064294994e-01  -5.010000000000001e-02
  5.183526178695825e-01   1.375396700956862e-01  -5.010000000000000e-02
  5.183047808442481e-01   1.375469904734396e-01  -5.010000000000000e-02
  5.182563235950967e-01   1.375543612745033e-01  -5.010000000000001e-02
  5.182072439229468e-01   1.375617695200145e-01  -5.010000000000001e-02
  5.181575463581006e-01   1.375692455110316e-01  -5.010000000000001e-02
  5.181072220927053e-01   1.375767306620035e-01  -5.010000000000001e-02
  5.180562835162775e-01   1.375843071846188e-01  -5.010000000000001e-02
  5.180047135187362e-01   1.375918579492622e-01  -5.010000000000001e-02
  5.179525289811240e-01   1.375994955074701e-01  -5.010000000000002e-02
  5.178997184700853e-01   1.376071384269618e-01  -5.010000000000002e-02
  5.178462883553314e-01   1.376148272780000e-01  -5.010000000000001e-02
  5.177922393880626e-01   1.376225624630038e-01  -5.010000000000001e-02
  5.177375642624111e-01   1.376302878911838e-01  -5.010000000000001e-02
  5.176822774933629e-01   1.376380997427066e-01  -5.010000000000001e-02
  5.176263603298390e-01   1.376458574503313e-01  -5.010000000000001e-02
  5.175698305968738e-01   1.376536812115077e-01  -5.010000000000001e-02
  5.175126825715678e-01   1.376615206178703e-01  -5.010000000000001e-02
  5.174549131025713e-01   1.376693436348254e-01  -5.010000000000001e-02
  5.173965370254113e-01   1.376772487973503e-01  -5.010000000000000e-02
  5.173375343918292e-01   1.376850761858464e-01  -5.010000000000001e-02
  5.172779248351751e-01   1.376929607738076e-01  -5.010000000000001e-02
  5.172177056642252e-01   1.377008685187239e-01  -5.010000000000001e-02
  5.171568669440595e-01   1.377087096048328e-01  -5.010000000000001e-02
  5.170954293635252e-01   1.377166278739544e-01  -5.010000000000001e-02
  5.170333777246897e-01   1.377244878718996e-01  -5.010000000000001e-02
  5.169707207152955e-01   1.377323411576120e-01  -5.010000000000001e-02
  5.169074708821091e-01   1.377402687464976e-01  -5.010000000000001e-02
  5.168436044049825e-01   1.377480585770478e-01  -5.010000000000001e-02
  5.167791467425379e-01   1.377558967700289e-01  -5.010000000000001e-02
  5.167140997977345e-01   1.377637767936448e-01  -5.010000000000000e-02
  5.166484414292394e-01   1.377714907750877e-01  -5.010000000000000e-02
  5.165822024652872e-01   1.377792729687430e-01  -5.010000000000000e-02
  5.165153776374326e-01   1.377870522218288e-01  -5.010000000000000e-02
  5.164479535460653e-01   1.377946858854291e-01  -5.010000000000000e-02
  5.163799576246714e-01   1.378023842908445e-01  -5.010000000000000e-02
  5.163113821252549e-01   1.378100479645109e-01  -5.010000000000000e-02
  5.162422175897024e-01   1.378175609705570e-01  -5.009999999999999e-02
  5.161724910195409e-01   1.378251350276805e-01  -5.009999999999999e-02
  5.161021948540047e-01   1.378326647325170e-01  -5.009999999999999e-02
  5.160313187506036e-01   1.378400173981429e-01  -5.009999999999999e-02
  5.159598914408142e-01   1.378474272457536e-01  -5.010000000000000e-02
  5.158879088157753e-01   1.378548144124984e-01  -5.010000000000000e-02
  5.158153542544279e-01   1.378619742814160e-01  -5.010000000000000e-02
  5.157422603506014e-01   1.378691873740232e-01  -5.010000000000000e-02
  5.156686294615400e-01   1.378764332871427e-01  -5.010000000000000e-02
  5.155944300783133e-01   1.378833371651711e-01  -5.010000000000000e-02
  5.155197042232840e-01   1.378902900287430e-01  -5.010000000000001e-02
  5.154444565047577e-01   1.378972914490787e-01  -5.010000000000001e-02
  5.153686611797012e-01   1.379040032951158e-01  -5.010000000000001e-02
  5.152923452164261e-01   1.379106705750253e-01  -5.009999999999999e-02
  5.152155216122589e-01   1.379173822045542e-01  -5.010000000000000e-02
  5.151381728488783e-01   1.379238706643763e-01  -5.009999999999999e-02
  5.150603115901192e-01   1.379302244210893e-01  -5.010000000000000e-02
  5.149819579072388e-01   1.379366183613687e-01  -5.010000000000001e-02
  5.149030996878927e-01   1.379428298501527e-01  -5.010000000000001e-02
  5.148237407921223e-01   1.379488379947698e-01  -5.010000000000001e-02
  5.147439056565066e-01   1.379548821948012e-01  -5.010000000000001e-02
  5.146635854367264e-01   1.379607623374262e-01  -5.010000000000000e-02
  5.145827799155764e-01   1.379663955747156e-01  -5.010000000000000e-02
  5.145015152790230e-01   1.379720608185558e-01  -5.010000000000000e-02
  5.144197842949257e-01   1.379775597202591e-01  -5.010000000000000e-02
  5.143375867795786e-01   1.379827981212675e-01  -5.009999999999999e-02
  5.142549481833393e-01   1.379880646321108e-01  -5.009999999999999e-02
  5.141718611802351e-01   1.379931349786478e-01  -5.010000000000000e-02
  5.140883286179757e-01   1.379979509943731e-01  -5.010000000000000e-02
  5.140043738782443e-01   1.380027913504670e-01  -5.010000000000001e-02
  5.139199887268988e-01   1.380073852383757e-01  -5.010000000000001e-02
  5.138351812518112e-01   1.380117591085343e-01  -5.010000000000001e-02
  5.137499713317496e-01   1.380161537344347e-01  -5.010000000000001e-02
  5.136643484666148e-01   1.380202112151779e-01  -5.010000000000001e-02
  5.135783275214521e-01   1.380240963543876e-01  -5.010000000000001e-02
  5.134919246408869e-01   1.380279987437240e-01  -5.010000000000001e-02
  5.134051288255481e-01   1.380314899693943e-01  -5.010000000000001e-02
  5.133179610385250e-01   1.380348984001069e-01  -5.010000000000001e-02
  5.132304323360970e-01   1.380383145315892e-01  -5.010000000000001e-02
  5.131425296667590e-01   1.380411705467804e-01  -5.010000000000001e-02
  5.130542808279938e-01   1.380440378092426e-01  -5.010000000000001e-02
  5.129656893796187e-01   1.380467852812879e-01  -5.010000000000001e-02
  5.128767543427742e-01   1.380491252773740e-01  -5.010000000000001e-02
  5.127874954921123e-01   1.380514737934214e-01  -5.010000000000001e-02
  5.126979135908578e-01   1.380535327432752e-01  -5.010000000000001e-02
  5.126080161290390e-01   1.380552944622978e-01  -5.010000000000001e-02
  5.125178177888835e-01   1.380570620776280e-01  -5.010000000000001e-02
  5.124273188379689e-01   1.380583755480711e-01  -5.010000000000001e-02
  5.123365324390136e-01   1.380595612623866e-01  -5.010000000000001e-02
  5.122454681342508e-01   1.380607006878862e-01  -5.010000000000001e-02
  5.121541289657493e-01   1.380612934060219e-01  -5.010000000000001e-02
  5.120625282745714e-01   1.380618878212306e-01  -5.010000000000001e-02
  5.119706732912154e-01   1.380622336482574e-01  -5.010000000000001e-02
  5.118785717330688e-01   1.380622206553007e-01  -5.010000000000001e-02
  5.117862328461933e-01   1.380622076288635e-01  -5.010000000000001e-02
  5.116936664848384e-01   1.380617148334710e-01  -5.010000000000001e-02
  5.116008796731586e-01   1.380610666921123e-01  -5.010000000000001e-02
  5.115078809081481e-01   1.380603378806703e-01  -5.010000000000001e-02
  5.114146836749649e-01   1.380590297257516e-01  -5.010000000000001e-02
  5.113212901849751e-01   1.380577188160912e-01  -5.010000000000001e-02
  5.112277140579329e-01   1.380560979431017e-01  -5.010000000000001e-02
  5.111339636376199e-01   1.380541658012719e-01  -5.009999999999999e-02
  5.110400419349808e-01   1.380522301294125e-01  -5.009999999999999e-02
  5.109459714447446e-01   1.380497046127835e-01  -5.009999999999999e-02
  5.108517481401913e-01   1.380471038038445e-01  -5.009999999999999e-02
  5.107573849707461e-01   1.380442978153920e-01  -5.009999999999999e-02
  5.106628990109982e-01   1.380410087550970e-01  -5.009999999999999e-02
  5.105682837377968e-01   1.380377151933950e-01  -5.010000000000000e-02
  5.104735644968943e-01   1.380339730684382e-01  -5.010000000000000e-02
  5.103787397081822e-01   1.380300447923725e-01  -5.009999999999999e-02
  5.102838152828421e-01   1.380260146941985e-01  -5.009999999999999e-02
  5.101888242380684e-01   1.380213401082842e-01  -5.009999999999999e-02
  5.100937459822339e-01   1.380166612306432e-01  -5.009999999999999e-02
  5.099986076512360e-01   1.380116219115711e-01  -5.009999999999999e-02
  5.099034135598430e-01   1.380063000492406e-01  -5.009999999999999e-02
  5.098081574384008e-01   1.380009747190964e-01  -5.010000000000000e-02
  5.097128897411698e-01   1.379949405564583e-01  -5.010000000000000e-02
  5.096175769259101e-01   1.379889003717185e-01  -5.010000000000000e-02
  5.095222476449411e-01   1.379825520067494e-01  -5.010000000000001e-02
  5.094269165006247e-01   1.379758020749615e-01  -5.010000000000001e-02
  5.093315649641013e-01   1.379690506993012e-01  -5.010000000000001e-02
  5.092362448005799e-01   1.379617130905618e-01  -5.010000000000001e-02
  5.091409270075583e-01   1.379542905972176e-01  -5.010000000000001e-02
  5.090456321955830e-01   1.379466394809353e-01  -5.010000000000001e-02
  5.089503905446248e-01   1.379384908691325e-01  -5.010000000000001e-02
  5.088551694348593e-01   1.379303440147773e-01  -5.010000000000001e-02
  5.087600251651951e-01   1.379216599294531e-01  -5.010000000000001e-02
  5.086649331877433e-01   1.379128041110322e-01  -5.010000000000000e-02
  5.085698986018844e-01   1.379038206906230e-01  -5.009999999999999e-02
  5.084749698287294e-01   1.378942921814694e-01  -5.009999999999999e-02
  5.083801015274750e-01   1.378847697422041e-01  -5.009999999999999e-02
  5.082853498914697e-01   1.378747908147121e-01  -5.009999999999999e-02
  5.081907029981536e-01   1.378645453853323e-01  -5.009999999999999e-02
  5.080961446093015e-01   1.378542674422113e-01  -5.009999999999999e-02
  5.080017540756202e-01   1.378433188059241e-01  -5.009999999999999e-02
  5.079074626545621e-01   1.378323816660022e-01  -5.009999999999999e-02
  5.078133183559608e-01   1.378211194255591e-01  -5.009999999999999e-02
  5.077193318500571e-01   1.378095067551418e-01  -5.009999999999999e-02
  5.076254669418238e-01   1.377979091089415e-01  -5.009999999999998e-02
  5.075318111635765e-01   1.377856982725914e-01  -5.009999999999998e-02
  5.074383008708605e-01   1.377734325230090e-01  -5.009999999999998e-02
  5.073449653563460e-01   1.377609543972582e-01  -5.009999999999998e-02
  5.072518525422893e-01   1.377479639985372e-01  -5.009999999999998e-02
  5.071588973876695e-01   1.377349955952737e-01  -5.009999999999999e-02
  5.070661774368719e-01   1.377215586238182e-01  -5.009999999999999e-02
  5.069736595281514e-01   1.377079341083268e-01  -5.009999999999999e-02
  5.068813286564028e-01   1.376942790129742e-01  -5.009999999999999e-02
  5.067892800810319e-01   1.376800093449445e-01  -5.009999999999999e-02
  5.066974233385394e-01   1.376657694154684e-01  -5.009999999999999e-02
  5.066058161070864e-01   1.376512395590764e-01  -5.009999999999999e-02
  5.065144759601747e-01   1.376363518403959e-01  -5.010000000000000e-02
  5.064233472091194e-01   1.376214985775614e-01  -5.010000000000001e-02
  5.063325374047543e-01   1.376060762613749e-01  -5.010000000000001e-02
  5.062419760470601e-01   1.375905455351413e-01  -5.010000000000001e-02
  5.061516622716428e-01   1.375749550579334e-01  -5.010000000000001e-02
  5.060616899581504e-01   1.375588062195038e-01  -5.010000000000001e-02
  5.059719597886591e-01   1.375427008427148e-01  -5.010000000000001e-02
  5.058825367181425e-01   1.375263188628666e-01  -5.010000000000001e-02
  5.057934365534751e-01   1.375096075501064e-01  -5.010000000000001e-02
  5.057045959632610e-01   1.374929449222155e-01  -5.010000000000001e-02
  5.056161213919075e-01   1.374758065733026e-01  -5.010000000000001e-02
  5.055279495152910e-01   1.374585536298044e-01  -5.009999999999999e-02
  5.054400587861675e-01   1.374413298027026e-01  -5.009999999999999e-02
  5.053525889292063e-01   1.374234648126451e-01  -5.009999999999999e-02
  5.052654056452388e-01   1.374056583527357e-01  -5.009999999999999e-02
  5.051785552513407e-01   1.373877146533503e-01  -5.009999999999999e-02
  5.050921037922656e-01   1.373693428223437e-01  -5.009999999999999e-02
  5.050059540344164e-01   1.373510351059744e-01  -5.009999999999999e-02
  5.049201912246087e-01   1.373324227207635e-01  -5.009999999999999e-02
  5.048348159558767e-01   1.373135267075080e-01  -5.009999999999999e-02
  5.047497565999151e-01   1.372947006148745e-01  -5.010000000000000e-02
  5.046651254895725e-01   1.372754683464985e-01  -5.010000000000000e-02
  5.045808630214524e-01   1.372561158630408e-01  -5.009999999999999e-02
  5.044969298183395e-01   1.372368390015742e-01  -5.009999999999999e-02
  5.044134670322547e-01   1.372170542832649e-01  -5.009999999999999e-02
  5.043303606652324e-01   1.371972688169927e-01  -5.009999999999999e-02
  5.042475982373733e-01   1.371775555439805e-01  -5.009999999999999e-02
  5.041653389543421e-01   1.371572756192742e-01  -5.009999999999999e-02
  5.040834289657220e-01   1.371370818084277e-01  -5.010000000000000e-02
  5.040018909991008e-01   1.371169003415791e-01  -5.010000000000000e-02
  5.039208546116394e-01   1.370962310959112e-01  -5.010000000000000e-02
  5.038401784591149e-01   1.370756537322316e-01  -5.010000000000001e-02
  5.037598959517012e-01   1.370550546265919e-01  -5.010000000000001e-02
  5.036801177095344e-01   1.370340220682325e-01  -5.010000000000001e-02
  5.036007097492213e-01   1.370130871301577e-01  -5.010000000000000e-02
  5.035217106559327e-01   1.369921195196335e-01  -5.010000000000000e-02
  5.034432274893602e-01   1.369707331394758e-01  -5.010000000000000e-02
  5.033651237430159e-01   1.369494501499634e-01  -5.010000000000000e-02
  5.032874366356097e-01   1.369281484583079e-01  -5.010000000000000e-02
  5.032102877543619e-01   1.369064012489031e-01  -5.009999999999999e-02
  5.031335265047576e-01   1.368847633075314e-01  -5.009999999999999e-02
  5.030571765656369e-01   1.368631627446959e-01  -5.009999999999999e-02
  5.029813770527534e-01   1.368411241525226e-01  -5.009999999999999e-02
  5.029059725742588e-01   1.368192004159924e-01  -5.010000000000000e-02
  5.028309660780767e-01   1.367973910951243e-01  -5.010000000000000e-02
  5.027565342957714e-01   1.367751064688064e-01  -5.009999999999999e-02
  5.026825041309119e-01   1.367529420854065e-01  -5.009999999999999e-02
  5.026088779151055e-01   1.367308986430002e-01  -5.009999999999999e-02
  5.025358099593944e-01   1.367084763906233e-01  -5.009999999999999e-02
  5.024631795582306e-01   1.366860803183244e-01  -5.009999999999999e-02
  5.023909585724108e-01   1.366638104919982e-01  -5.009999999999999e-02
  5.023192615566912e-01   1.366413077417995e-01  -5.009999999999999e-02
  5.022480487701406e-01   1.366187057787881e-01  -5.009999999999999e-02
  5.021772500583764e-01   1.365962352374422e-01  -5.009999999999999e-02
  5.021069276934711e-01   1.365737086401088e-01  -5.009999999999999e-02
  5.020371472661450e-01   1.365509279262734e-01  -5.009999999999999e-02
  5.019677847911032e-01   1.365282836583119e-01  -5.009999999999999e-02
  5.018988417681128e-01   1.365057763258424e-01  -5.009999999999999e-02
  5.018305015641142e-01   1.364828567493663e-01  -5.010000000000000e-02
  5.017625869332958e-01   1.364600648805440e-01  -5.010000000000000e-02
  5.016950946388485e-01   1.364374147460587e-01  -5.010000000000000e-02
  5.016281302216722e-01   1.364146000073028e-01  -5.010000000000001e-02
  5.015616729388669e-01   1.363916852942027e-01  -5.010000000000001e-02
  5.014956401487591e-01   1.363689169477304e-01  -5.010000000000001e-02
  5.014300440975146e-01   1.363462630229265e-01  -5.010000000000000e-02
  5.013650505106464e-01   1.363232521043823e-01  -5.010000000000000e-02
  5.013004828765073e-01   1.363003919940029e-01  -5.009999999999999e-02
  5.012363419479151e-01   1.362776829583226e-01  -5.009999999999999e-02
  5.011727190452143e-01   1.362548725546647e-01  -5.009999999999999e-02
  5.011096203379287e-01   1.362319455180961e-01  -5.009999999999999e-02
  5.010469489195499e-01   1.362091737377730e-01  -5.009999999999999e-02
  5.009847052710844e-01   1.361865573884700e-01  -5.009999999999999e-02
  5.009230431926310e-01   1.361636798586796e-01  -5.009999999999999e-02
  5.008618427329556e-01   1.361408681523456e-01  -5.009999999999999e-02
  5.008010697960101e-01   1.361182157997651e-01  -5.009999999999999e-02
  5.007407352335388e-01   1.360956947302335e-01  -5.009999999999999e-02
  5.006810044088182e-01   1.360728673279270e-01  -5.009999999999999e-02
  5.006217002662955e-01   1.360502029912777e-01  -5.009999999999999e-02
  5.005628228492430e-01   1.360277017368230e-01  -5.009999999999999e-02
  5.005044082684438e-01   1.360052701975054e-01  -5.009999999999999e-02
  5.004465707848353e-01   1.359826128702450e-01  -5.009999999999999e-02
  5.003891584377710e-01   1.359601220864994e-01  -5.010000000000000e-02
  5.003321710426906e-01   1.359377977739687e-01  -5.010000000000000e-02
  5.002756480506296e-01   1.359155397346863e-01  -5.010000000000000e-02
  5.002196924237271e-01   1.358930874303511e-01  -5.009999999999999e-02
  5.001641594913884e-01   1.358708047330334e-01  -5.009999999999999e-02
  5.001090488573539e-01   1.358486914837331e-01  -5.009999999999999e-02
  5.000543814508618e-01   1.358266948585667e-01  -5.009999999999999e-02
  5.000002955307339e-01   1.358044729370097e-01  -5.009999999999999e-02
  4.999466290116232e-01   1.357824233319537e-01  -5.009999999999999e-02
  4.998933813016192e-01   1.357605458002042e-01  -5.009999999999999e-02
  4.998405517618419e-01   1.357388400792690e-01  -5.009999999999999e-02
  4.997882979146454e-01   1.357169252909860e-01  -5.009999999999999e-02
  4.997364802308331e-01   1.356951350421148e-01  -5.009999999999999e-02
  4.996850771068437e-01   1.356735191229521e-01  -5.009999999999999e-02
  4.996340877277373e-01   1.356520771908013e-01  -5.009999999999999e-02
  4.995835999658500e-01   1.356306002880331e-01  -5.009999999999999e-02
  4.995336105821824e-01   1.356090935385768e-01  -5.009999999999999e-02
  4.994840308132129e-01   1.355877630161519e-01  -5.009999999999999e-02
  4.994348596833979e-01   1.355666083010538e-01  -5.009999999999999e-02
  4.993860961785135e-01   1.355456289569368e-01  -5.009999999999999e-02
  4.993379052753119e-01   1.355244429533060e-01  -5.009999999999999e-02
  4.992901252155757e-01   1.355034190818034e-01  -5.009999999999999e-02
  4.992427480693560e-01   1.354825724976891e-01  -5.009999999999999e-02
  4.991957726804276e-01   1.354619026922082e-01  -5.009999999999999e-02
  4.991492382930420e-01   1.354413182637073e-01  -5.010000000000000e-02
  4.991032316435239e-01   1.354206209813886e-01  -5.010000000000000e-02
  4.990576216246236e-01   1.354001021336213e-01  -5.010000000000000e-02
  4.990124069525793e-01   1.353797611428720e-01  -5.010000000000001e-02
  4.989675863127219e-01   1.353595974177028e-01  -5.009999999999999e-02
  4.989232104362730e-01   1.353394958543461e-01  -5.010000000000000e-02
  4.988793378004264e-01   1.353193242404284e-01  -5.010000000000000e-02
  4.988358536231531e-01   1.352993312306956e-01  -5.010000000000001e-02
  4.987927564794047e-01   1.352795161699436e-01  -5.010000000000001e-02
  4.987497587341664e-01   1.352597468103065e-01  -5.010000000000000e-02
  4.987066058372375e-01   1.352398241951280e-01  -5.010000000000000e-02
  4.986634004690234e-01   1.352195303985765e-01  -5.010000000000000e-02
  4.986200116271249e-01   1.351991504234371e-01  -5.009999999999999e-02
  4.985764405360071e-01   1.351786848448477e-01  -5.009999999999999e-02
  4.985326884567748e-01   1.351581342551561e-01  -5.009999999999999e-02
  4.984887746697759e-01   1.351374613816227e-01  -5.009999999999999e-02
  4.984448348666915e-01   1.351163838100815e-01  -5.009999999999999e-02
  4.984007187643634e-01   1.350952216692055e-01  -5.009999999999999e-02
  4.983564277673093e-01   1.350739756327305e-01  -5.009999999999999e-02
  4.983119633176480e-01   1.350526463924293e-01  -5.009999999999999e-02
  4.982674114270210e-01   1.350310652330714e-01  -5.009999999999999e-02
  4.982233700364485e-01   1.350080440382047e-01  -5.009999999999999e-02
  4.981793011718829e-01   1.349846729431831e-01  -5.009999999999999e-02
  4.981352095326146e-01   1.349609506589928e-01  -5.009999999999999e-02
  4.980910998713370e-01   1.349368759718279e-01  -5.009999999999998e-02
  4.980469769929986e-01   1.349124477448343e-01  -5.009999999999998e-02
  4.980028457536019e-01   1.348876649198412e-01  -5.009999999999998e-02
  4.979587110589517e-01   1.348625265190793e-01  -5.009999999999998e-02
  4.979145778633495e-01   1.348370316468827e-01  -5.009999999999997e-02
  4.978704511682378e-01   1.348111794913744e-01  -5.009999999999997e-02
  4.978263360207901e-01   1.347849693261326e-01  -5.009999999999997e-02
  4.977822375124505e-01   1.347584005118365e-01  -5.009999999999996e-02
  4.977381607774205e-01   1.347314724978898e-01  -5.009999999999996e-02
  4.976941109910941e-01   1.347041848240202e-01  -5.009999999999996e-02
  4.976500933684414e-01   1.346765371218525e-01  -5.009999999999996e-02
  4.976061131623408e-01   1.346485291164552e-01  -5.009999999999996e-02
  4.975621756618607e-01   1.346201606278563e-01  -5.009999999999996e-02
  4.975182861904904e-01   1.345914315725289e-01  -5.009999999999996e-02
  4.974744501043210e-01   1.345623419648433e-01  -5.009999999999995e-02
  4.974306727901771e-01   1.345328919184842e-01  -5.009999999999995e-02
  4.973869596636996e-01   1.345030816478313e-01  -5.009999999999995e-02
  4.973433161673802e-01   1.344729114693015e-01  -5.009999999999995e-02
  4.972997477685487e-01   1.344423818026506e-01  -5.009999999999994e-02
  4.972562599573142e-01   1.344114931722329e-01  -5.009999999999994e-02
  4.972128582444597e-01   1.343802462082168e-01  -5.009999999999994e-02
  4.971695481592929e-01   1.343486416477549e-01  -5.009999999999994e-02
  4.971263352474530e-01   1.343166803361064e-01  -5.009999999999994e-02
  4.970832250686746e-01   1.342843632277102e-01  -5.009999999999994e-02
  4.970402231945111e-01   1.342516913872071e-01  -5.009999999999994e-02
  4.969973352060168e-01   1.342186659904095e-01  -5.009999999999994e-02
  4.969545666913914e-01   1.341852883252160e-01  -5.009999999999993e-02
  4.969119232435861e-01   1.341515597924704e-01  -5.009999999999993e-02
  4.968694104578739e-01   1.341174819067632e-01  -5.009999999999993e-02
  4.968270339293856e-01   1.340830562971733e-01  -5.009999999999993e-02
  4.967847992506130e-01   1.340482847079487e-01  -5.009999999999992e-02
  4.967427120088800e-01   1.340131689991254e-01  -5.009999999999992e-02
  4.967007777837852e-01   1.339777111470818e-01  -5.009999999999992e-02
  4.966590021446162e-01   1.339419132450281e-01  -5.009999999999992e-02
  4.966173906477376e-01   1.339057775034285e-01  -5.009999999999992e-02
  4.965759488339554e-01   1.338693062503560e-01  -5.009999999999992e-02
  4.965346822258595e-01   1.338325019317770e-01  -5.009999999999992e-02
  4.964935963251456e-01   1.337953671117663e-01  -5.009999999999992e-02
  4.964526966099191e-01   1.337579044726489e-01  -5.009999999999992e-02
  4.964119885319842e-01   1.337201168150705e-01  -5.009999999999992e-02
  4.963714775141174e-01   1.336820070579928e-01  -5.009999999999991e-02
  4.963311689473314e-01   1.336435782386143e-01  -5.009999999999991e-02
  4.962910681881291e-01   1.336048335122158e-01  -5.009999999999991e-02
  4.962511805557506e-01   1.335657761519282e-01  -5.009999999999991e-02
  4.962115113294158e-01   1.335264095484237e-01  -5.009999999999991e-02
  4.961720657455658e-01   1.334867372095285e-01  -5.009999999999990e-02
  4.961328489951033e-01   1.334467627597570e-01  -5.009999999999990e-02
  4.960938662206373e-01   1.334064899397663e-01  -5.009999999999990e-02
  4.960551225137325e-01   1.333659226057318e-01  -5.009999999999990e-02
  4.960166229121666e-01   1.333250647286421e-01  -5.009999999999990e-02
  4.959783723971991e-01   1.332839203935136e-01  -5.009999999999990e-02
  4.959403758908520e-01   1.332424937985250e-01  -5.009999999999990e-02
  4.959026382532074e-01   1.332007892540714e-01  -5.009999999999990e-02
  4.958651642797230e-01   1.331588111817368e-01  -5.009999999999990e-02
  4.958279586985688e-01   1.331165641131871e-01  -5.009999999999990e-02
  4.957910261679876e-01   1.330740526889830e-01  -5.009999999999990e-02
  4.957543712736821e-01   1.330312816573117e-01  -5.009999999999990e-02
  4.957179985262305e-01   1.329882558726401e-01  -5.009999999999990e-02
  4.956819123585348e-01   1.329449802942887e-01  -5.009999999999989e-02
  4.956461171233025e-01   1.329014599849263e-01  -5.009999999999989e-02
  4.956106170905660e-01   1.328577001089877e-01  -5.009999999999989e-02
  4.955754164452415e-01   1.328137059310136e-01  -5.009999999999989e-02
  4.955405192847299e-01   1.327694828139146e-01  -5.009999999999989e-02
  4.955059296165633e-01   1.327250362171601e-01  -5.009999999999989e-02
  4.954716513560981e-01   1.326803716948924e-01  -5.009999999999989e-02
  4.954376883242583e-01   1.326354948939681e-01  -5.009999999999989e-02
  4.954040442453316e-01   1.325904115519281e-01  -5.009999999999989e-02
  4.953707227448201e-01   1.325451274948963e-01  -5.009999999999989e-02
  4.953377273473481e-01   1.324996486354100e-01  -5.009999999999988e-02
  4.953050614746299e-01   1.324539809701826e-01  -5.009999999999988e-02
  4.952727284434994e-01   1.324081305778003e-01  -5.009999999999988e-02
  4.952407314640041e-01   1.323621036163547e-01  -5.009999999999988e-02
  4.952090736375651e-01   1.323159063210135e-01  -5.009999999999988e-02
  4.951777579552060e-01   1.322695450015300e-01  -5.009999999999988e-02
  4.951467872958522e-01   1.322230260396948e-01  -5.009999999999988e-02
  4.951161644247032e-01   1.321763558867310e-01  -5.009999999999988e-02
  4.950858919916786e-01   1.321295410606342e-01  -5.009999999999988e-02
  4.950559725299408e-01   1.320825881434617e-01  -5.009999999999988e-02
  4.950264084544968e-01   1.320355037785713e-01  -5.009999999999988e-02
  4.949972020608776e-01   1.319882946678118e-01  -5.009999999999988e-02
  4.949683555239012e-01   1.319409675686704e-01  -5.009999999999988e-02
  4.949398708965170e-01   1.318935292913750e-01  -5.009999999999988e-02
  4.949117501087352e-01   1.318459866959587e-01  -5.009999999999988e-02
  4.948839949666409e-01   1.317983466892853e-01  -5.009999999999988e-02
  4.948566071514964e-01   1.317506162220405e-01  -5.009999999999988e-02
  4.948295882189298e-01   1.317028022856910e-01  -5.009999999999988e-02
  4.948029395982135e-01   1.316549119094141e-01  -5.009999999999988e-02
  4.947766625916322e-01   1.316069521570004e-01  -5.009999999999988e-02
  4.947507583739416e-01   1.315589301237328e-01  -5.009999999999988e-02
  4.947252279919177e-01   1.315108529332446e-01  -5.009999999999988e-02
  4.947000723639992e-01   1.314627277343595e-01  -5.009999999999988e-02
  4.946752922800209e-01   1.314145616979156e-01  -5.009999999999988e-02
  4.946508884010407e-01   1.313663620135782e-01  -5.009999999999988e-02
  4.946268612592593e-01   1.313181358866423e-01  -5.009999999999988e-02
  4.946032112580323e-01   1.312698905348285e-01  -5.009999999999988e-02
  4.945799386719764e-01   1.312216331850764e-01  -5.009999999999988e-02
  4.945570436471679e-01   1.311733710703359e-01  -5.009999999999988e-02
  4.945345262014341e-01   1.311251114263620e-01  -5.009999999999988e-02
  4.945123862247374e-01   1.310768614885142e-01  -5.009999999999988e-02
  4.944906234796506e-01   1.310286284885639e-01  -5.009999999999988e-02
  4.944692376019250e-01   1.309804196515138e-01  -5.009999999999988e-02
  4.944482281011484e-01   1.309322421924298e-01  -5.009999999999988e-02
  4.944275943614927e-01   1.308841033132909e-01  -5.009999999999988e-02
  4.944073356425523e-01   1.308360101998580e-01  -5.009999999999988e-02
  4.943874510802688e-01   1.307879700185652e-01  -5.009999999999988e-02
  4.943679396879445e-01   1.307399899134363e-01  -5.009999999999988e-02
  4.943488003573401e-01   1.306920770030291e-01  -5.009999999999988e-02
  4.943300318598591e-01   1.306442383774101e-01  -5.009999999999988e-02
  4.943116328478132e-01   1.305964810951626e-01  -5.009999999999988e-02
  4.942936018557714e-01   1.305488121804296e-01  -5.009999999999988e-02
  4.942759373019878e-01   1.305012386199961e-01  -5.009999999999988e-02
  4.942586374899091e-01   1.304537673604106e-01  -5.009999999999989e-02
  4.942417006097579e-01   1.304064053051508e-01  -5.009999999999989e-02
  4.942251247401913e-01   1.303591593118337e-01  -5.009999999999989e-02
  4.942089078500327e-01   1.303120361894732e-01  -5.009999999999989e-02
  4.941930478000743e-01   1.302650426957882e-01  -5.009999999999989e-02
  4.941775423449479e-01   1.302181855345607e-01  -5.009999999999989e-02
  4.941623891350639e-01   1.301714713530501e-01  -5.009999999999989e-02
  4.941475857186135e-01   1.301249067394604e-01  -5.009999999999989e-02
  4.941331295436332e-01   1.300784982204668e-01  -5.009999999999989e-02
  4.941190179601304e-01   1.300322522588008e-01  -5.009999999999989e-02
  4.941052482222647e-01   1.299861752508964e-01  -5.009999999999989e-02
  4.940918174905858e-01   1.299402735245982e-01  -5.009999999999990e-02
  4.940787228343229e-01   1.298945533369342e-01  -5.009999999999990e-02
  4.940659612337241e-01   1.298490208719534e-01  -5.009999999999990e-02
  4.940535295824441e-01   1.298036822386302e-01  -5.009999999999990e-02
  4.940414246899758e-01   1.297585434688365e-01  -5.009999999999990e-02
  4.940296432841235e-01   1.297136105153829e-01  -5.009999999999990e-02
  4.940181820135173e-01   1.296688892501297e-01  -5.009999999999990e-02
  4.940070374501623e-01   1.296243854621684e-01  -5.009999999999990e-02
  4.939962060920231e-01   1.295801048560757e-01  -5.009999999999990e-02
  4.939856843656385e-01   1.295360530502391e-01  -5.009999999999990e-02
  4.939754686287656e-01   1.294922355752555e-01  -5.009999999999990e-02
  4.939655551730490e-01   1.294486578724039e-01  -5.009999999999990e-02
  4.939559402267135e-01   1.294053252921917e-01  -5.009999999999990e-02
  4.939466199572761e-01   1.293622430929746e-01  -5.009999999999990e-02
  4.939375904742768e-01   1.293194164396527e-01  -5.009999999999990e-02
  4.939288478320230e-01   1.292768504024393e-01  -5.009999999999990e-02
  4.939203880323460e-01   1.292345499557060e-01  -5.009999999999990e-02
  4.939122070273679e-01   1.291925199769013e-01  -5.009999999999991e-02
  4.939043007222732e-01   1.291507652455447e-01  -5.009999999999991e-02
  4.938966649780863e-01   1.291092904422944e-01  -5.009999999999991e-02
  4.938892956144488e-01   1.290681001480897e-01  -5.009999999999991e-02
  4.938821884123966e-01   1.290271988433664e-01  -5.009999999999991e-02
  4.938753391171318e-01   1.289865909073459e-01  -5.009999999999991e-02
  4.938687434407902e-01   1.289462806173966e-01  -5.009999999999991e-02
  4.938623970651976e-01   1.289062721484680e-01  -5.009999999999992e-02
  4.938562956446168e-01   1.288665695725951e-01  -5.009999999999992e-02
  4.938504348084793e-01   1.288271768584741e-01  -5.009999999999992e-02
  4.938448101641024e-01   1.287880978711076e-01  -5.009999999999992e-02
  4.938394172993865e-01   1.287493363715191e-01  -5.009999999999992e-02
  4.938342517854930e-01   1.287108960165342e-01  -5.009999999999992e-02
  4.938293091794989e-01   1.286727803586299e-01  -5.009999999999992e-02
  4.938245850270265e-01   1.286349928458488e-01  -5.009999999999992e-02
  4.938200748648462e-01   1.285975368217783e-01  -5.009999999999992e-02
  4.938157742234506e-01   1.285604155255928e-01  -5.009999999999992e-02
  4.938116786295977e-01   1.285236320921586e-01  -5.009999999999992e-02
  4.938077836088210e-01   1.284871895521987e-01  -5.009999999999992e-02
  4.938040846879055e-01   1.284510908325182e-01  -5.009999999999992e-02
  4.938005773973275e-01   1.284153387562868e-01  -5.009999999999992e-02
  4.937972572736564e-01   1.283799360433787e-01  -5.009999999999993e-02
  4.937941198619167e-01   1.283448853107671e-01  -5.009999999999993e-02
  4.937911607179098e-01   1.283101890729728e-01  -5.009999999999993e-02
  4.937883754104928e-01   1.282758497425650e-01  -5.009999999999993e-02
  4.937857595238137e-01   1.282418696307126e-01  -5.009999999999993e-02
  4.937833086595017e-01   1.282082509477841e-01  -5.009999999999993e-02
  4.937810184388111e-01   1.281749958039962e-01  -5.009999999999993e-02
  4.937788845047178e-01   1.281421062101073e-01  -5.009999999999994e-02
  4.937769025239673e-01   1.281095840781549e-01  -5.009999999999994e-02
  4.937750681890736e-01   1.280774312222371e-01  -5.009999999999994e-02
  4.937733772202674e-01   1.280456493593332e-01  -5.009999999999994e-02
  4.937718253673928e-01   1.280142401101652e-01  -5.009999999999994e-02
  4.937704084117532e-01   1.279832050000961e-01  -5.009999999999994e-02
  4.937691221679031e-01   1.279525454600641e-01  -5.009999999999994e-02
  4.937679624853874e-01   1.279222628275516e-01  -5.009999999999994e-02
  4.937669252504267e-01   1.278923583475868e-01  -5.009999999999994e-02
  4.937660063875488e-01   1.278628331737759e-01  -5.009999999999994e-02
  4.937652018611641e-01   1.278336883693654e-01  -5.009999999999994e-02
  4.937645076770879e-01   1.278049249083312e-01  -5.009999999999994e-02
  4.937639198840049e-01   1.277765436764950e-01  -5.009999999999994e-02
  4.937634345748808e-01   1.277485454726644e-01  -5.009999999999994e-02
  4.937630478883159e-01   1.277209310097962e-01  -5.009999999999995e-02
  4.937627560098445e-01   1.276937009161814e-01  -5.009999999999995e-02
  4.937625551731776e-01   1.276668557366493e-01  -5.009999999999995e-02
  4.937624416613900e-01   1.276403959337910e-01  -5.009999999999995e-02
  4.937624118080519e-01   1.276143218891989e-01  -5.009999999999995e-02
  4.937624619983049e-01   1.275886339047217e-01  -5.009999999999995e-02
  4.937625886698828e-01   1.275633322037338e-01  -5.009999999999995e-02
  4.937627883140767e-01   1.275384169324163e-01  -5.009999999999996e-02
  4.937630574766466e-01   1.275138881610504e-01  -5.009999999999996e-02
  4.937633927586774e-01   1.274897458853188e-01  -5.009999999999996e-02
  4.937637908173813e-01   1.274659900276174e-01  -5.009999999999996e-02
  4.937642483668475e-01   1.274426204383726e-01  -5.009999999999996e-02
  4.937647621787377e-01   1.274196368973651e-01  -5.009999999999996e-02
  4.937653290829296e-01   1.273970391150584e-01  -5.009999999999996e-02
  4.937659459681094e-01   1.273748267339305e-01  -5.009999999999996e-02
  4.937666097823116e-01   1.273529993298080e-01  -5.009999999999996e-02
  4.937673175334093e-01   1.273315564132007e-01  -5.009999999999996e-02
  4.937680662895542e-01   1.273104974306377e-01  -5.009999999999996e-02
  4.937688531795677e-01   1.272898217660005e-01  -5.009999999999996e-02
  4.937696753932834e-01   1.272695287418560e-01  -5.009999999999996e-02
  4.937705301818424e-01   1.272496176207848e-01  -5.009999999999996e-02
  4.937714148579415e-01   1.272300876067069e-01  -5.009999999999996e-02
  4.937723267960357e-01   1.272109378462016e-01  -5.009999999999996e-02
  4.937732634324956e-01   1.271921674298223e-01  -5.009999999999996e-02
  4.937742222657208e-01   1.271737753934038e-01  -5.009999999999997e-02
  4.937752008562102e-01   1.271557607193635e-01  -5.009999999999997e-02
  4.937762019788908e-01   1.271381184258003e-01  -5.009999999999997e-02
  4.937772161522248e-01   1.271208596151889e-01  -5.009999999999998e-02
  4.937782453938996e-01   1.271039707202234e-01  -5.009999999999998e-02
  4.937792933787891e-01   1.270874573911607e-01  -5.009999999999997e-02
  4.937803644683663e-01   1.270713143939364e-01  -5.009999999999998e-02
  4.937814627931043e-01   1.270555407673955e-01  -5.009999999999999e-02
  4.937825921404819e-01   1.270401404484910e-01  -5.009999999999998e-02
  4.937837567805823e-01   1.270251105894456e-01  -5.009999999999999e-02
  4.937849608274103e-01   1.270104507979637e-01  -5.009999999999999e-02
  4.937862083847050e-01   1.269961608931296e-01  -5.009999999999999e-02
  4.937875043800302e-01   1.269822321383967e-01  -5.009999999999999e-02
  4.937888519701216e-01   1.269686752193963e-01  -5.009999999999999e-02
  4.937902557350599e-01   1.269554852504120e-01  -5.009999999999999e-02
  4.937917198527507e-01   1.269426618564055e-01  -5.010000000000000e-02
  4.937932484849538e-01   1.269302047948898e-01  -5.009999999999999e-02
  4.937948457630645e-01   1.269181139819345e-01  -5.010000000000000e-02
  4.937965157689641e-01   1.269063895214369e-01  -5.009999999999999e-02
  4.937982625094946e-01   1.268950317375643e-01  -5.009999999999999e-02
  4.938000898827720e-01   1.268840412099263e-01  -5.009999999999999e-02
  4.938020016341783e-01   1.268734188105311e-01  -5.009999999999999e-02
  4.938040012994923e-01   1.268631657408841e-01  -5.009999999999999e-02
  4.938060942130493e-01   1.268532741277912e-01  -5.009999999999999e-02
  4.938082803786876e-01   1.268437601915547e-01  -5.010000000000001e-02
  4.938105636419522e-01   1.268346197638455e-01  -5.010000000000000e-02
  4.938129460334677e-01   1.268258552177468e-01  -5.010000000000000e-02
  4.938154288622353e-01   1.268174693053309e-01  -5.010000000000000e-02
  4.938180125230229e-01   1.268094651383474e-01  -5.009999999999999e-02
  4.938206962671462e-01   1.268018461382620e-01  -5.010000000000000e-02
  4.938234779366442e-01   1.267946159438412e-01  -5.010000000000000e-02
  4.938263539740176e-01   1.267877775633784e-01  -5.010000000000001e-02
  4.938293179508232e-01   1.267813358524892e-01  -5.009999999999999e-02
  4.938323618742035e-01   1.267752933203373e-01  -5.009999999999999e-02
  4.938354748733792e-01   1.267696522467885e-01  -5.010000000000000e-02
  4.938386432236171e-01   1.267644136156694e-01  -5.010000000000000e-02
  4.938418502466527e-01   1.267595765958542e-01  -5.010000000000000e-02
  4.938450763778709e-01   1.267551380106185e-01  -5.010000000000001e-02
  4.938482994367669e-01   1.267510918573094e-01  -5.009999999999999e-02
  4.938514951136804e-01   1.267474289501513e-01  -5.010000000000000e-02
  4.938546376525796e-01   1.267441367557854e-01  -5.010000000000000e-02
  4.938577006740193e-01   1.267411994708308e-01  -5.010000000000000e-02
  4.938606580543590e-01   1.267385983559019e-01  -5.010000000000001e-02
  4.938634847659386e-01   1.267363122994890e-01  -5.010000000000001e-02
  4.938661575920460e-01   1.267343185492473e-01  -5.009999999999999e-02
  4.938686556570527e-01   1.267325935272062e-01  -5.010000000000000e-02
  4.938709607473846e-01   1.267311136433366e-01  -5.010000000000000e-02
  4.938730574328605e-01   1.267298560364182e-01  -5.009999999999999e-02
  4.938749330226431e-01   1.267287991953968e-01  -5.010000000000000e-02
  4.938767000000000e-01   1.267278600000000e-01  -5.010000000000000e-02
