468
  4.934345781720000e-01   1.262214812800000e-01  -5.010000000000000e-02
  4.934359895206442e-01   1.262209732494846e-01  -5.010000000000000e-02
  4.934374390125498e-01   1.262204514888815e-01  -5.010000000000000e-02
  4.934389276743150e-01   1.262199156286553e-01  -5.010000000000001e-02
  4.934404565599343e-01   1.262193652894090e-01  -5.010000000000001e-02
  4.934420267515160e-01   1.262188000816258e-01  -5.010000000000000e-02
  4.934436393600197e-01   1.262182196054036e-01  -5.010000000000001e-02
  4.934452955260099e-01   1.262176234501835e-01  -5.010000000000000e-02
  4.934469964204309e-01   1.262170111944713e-01  -5.010000000000000e-02
  4.934487432453995e-01   1.262163824055518e-01  -5.010000000000000e-02
  4.934505372350182e-01   1.262157366391961e-01  -5.010000000000000e-02
  4.934523796562088e-01   1.262150734393617e-01  -5.010000000000000e-02
  4.934542718095663e-01   1.262143923378853e-01  -5.010000000000000e-02
  4.934562761624444e-01   1.262139510066378e-01  -5.010000000000000e-02
  4.934583820420094e-01   1.262136980946312e-01  -5.010000000000000e-02
  4.934605447402997e-01   1.262134383588071e-01  -5.010000000000000e-02
  4.934627657813419e-01   1.262131716161329e-01  -5.010000000000001e-02
  4.934650467295482e-01   1.262128976787258e-01  -5.010000000000000e-02
  4.934673891907588e-01   1.262126163537275e-01  -5.010000000000000e-02
  4.934697948133104e-01   1.262123274431760e-01  -5.010000000000000e-02
  4.934722652891307e-01   1.262120307438740e-01  -5.010000000000001e-02
  4.934748023548596e-01   1.262117260472546e-01  -5.010000000000000e-02
  4.934774077929971e-01   1.262114131392430e-01  -5.010000000000000e-02
  4.934800864535091e-01   1.262111744517706e-01  -5.010000000000000e-02
  4.934828509307255e-01   1.262113030092840e-01  -5.010000000000000e-02
  4.934856898662542e-01   1.262114350293601e-01  -5.010000000000000e-02
  4.934886052501409e-01   1.262115706045426e-01  -5.010000000000000e-02
  4.934915991247752e-01   1.262117098298096e-01  -5.010000000000000e-02
  4.934946735862208e-01   1.262118528026351e-01  -5.010000000000000e-02
  4.934978307855777e-01   1.262119996230524e-01  -5.009999999999999e-02
  4.935010729303748e-01   1.262121503937192e-01  -5.010000000000000e-02
  4.935044022859969e-01   1.262123052199835e-01  -5.010000000000000e-02
  4.935078203704887e-01   1.262124717480784e-01  -5.010000000000000e-02
  4.935112862337667e-01   1.262130550569250e-01  -5.010000000000000e-02
  4.935148452577118e-01   1.262136540448208e-01  -5.009999999999999e-02
  4.935184999219028e-01   1.262142691290820e-01  -5.010000000000000e-02
  4.935222527705726e-01   1.262149007379059e-01  -5.010000000000000e-02
  4.935261064142209e-01   1.262155493106427e-01  -5.010000000000000e-02
  4.935300635312627e-01   1.262162152980726e-01  -5.010000000000001e-02
  4.935341268697128e-01   1.262168991626900e-01  -5.010000000000001e-02
  4.935382992489087e-01   1.262176013789925e-01  -5.010000000000000e-02
  4.935425222575320e-01   1.262186079117375e-01  -5.010000000000000e-02
  4.935468375961641e-01   1.262197388880016e-01  -5.010000000000001e-02
  4.935512686305865e-01   1.262209001861485e-01  -5.010000000000001e-02
  4.935558184238802e-01   1.262220926089594e-01  -5.010000000000000e-02
  4.935604901181044e-01   1.262233169799140e-01  -5.010000000000000e-02
  4.935652869362167e-01   1.262245741436943e-01  -5.010000000000000e-02
  4.935702121840333e-01   1.262258649666980e-01  -5.010000000000000e-02
  4.935752461230928e-01   1.262272676905113e-01  -5.010000000000000e-02
  4.935803332425287e-01   1.262289805071456e-01  -5.009999999999999e-02
  4.935855564117737e-01   1.262307391313099e-01  -5.010000000000000e-02
  4.935909192143665e-01   1.262325447695700e-01  -5.010000000000000e-02
  4.935964253252364e-01   1.262343986592628e-01  -5.010000000000000e-02
  4.936020785128696e-01   1.262363020692253e-01  -5.010000000000000e-02
  4.936078826415179e-01   1.262382563005387e-01  -5.010000000000000e-02
  4.936138015535400e-01   1.262403720340286e-01  -5.010000000000000e-02
  4.936198000220693e-01   1.262427577208667e-01  -5.010000000000000e-02
  4.936259584345449e-01   1.262452070199695e-01  -5.009999999999999e-02
  4.936322809777928e-01   1.262477215965045e-01  -5.010000000000000e-02
  4.936387719439907e-01   1.262503031575395e-01  -5.010000000000000e-02
  4.936454357330871e-01   1.262529534530043e-01  -5.010000000000000e-02
  4.936522730675879e-01   1.262556832307984e-01  -5.010000000000000e-02
  4.936591686744198e-01   1.262587777657284e-01  -5.010000000000001e-02
  4.936662475868799e-01   1.262619545625510e-01  -5.009999999999999e-02
  4.936735145728974e-01   1.262652157609654e-01  -5.010000000000000e-02
  4.936809745187160e-01   1.262685635537665e-01  -5.010000000000000e-02
  4.936886324315171e-01   1.262720001880224e-01  -5.010000000000000e-02
  4.936964637036130e-01   1.262755911708527e-01  -5.010000000000000e-02
  4.937043978949047e-01   1.262794997443008e-01  -5.010000000000000e-02
  4.937125422467165e-01   1.262835118478755e-01  -5.010000000000000e-02
  4.937209021845977e-01   1.262876301543328e-01  -5.010000000000000e-02
  4.937294832665021e-01   1.262918574016545e-01  -5.010000000000000e-02
  4.937382911856005e-01   1.262961963944335e-01  -5.010000000000000e-02
  4.937472118537552e-01   1.263008844933141e-01  -5.010000000000000e-02
  4.937563497540374e-01   1.263057320140520e-01  -5.010000000000000e-02
  4.937657286832105e-01   1.263107073970461e-01  -5.010000000000000e-02
  4.937753548087617e-01   1.263158139140571e-01  -5.009999999999999e-02
  4.937852344456984e-01   1.263210549151027e-01  -5.010000000000000e-02
  4.937952412181526e-01   1.263266765171486e-01  -5.010000000000000e-02
  4.938054993567319e-01   1.263324673674540e-01  -5.010000000000000e-02
  4.938160269768149e-01   1.263384103435117e-01  -5.010000000000000e-02
  4.938268309147478e-01   1.263445093045264e-01  -5.010000000000000e-02
  4.938378697732095e-01   1.263508517261882e-01  -5.009999999999999e-02
  4.938491006697095e-01   1.263575280216602e-01  -5.010000000000000e-02
  4.938606255239461e-01   1.263643790626395e-01  -5.010000000000000e-02
  4.938724517350548e-01   1.263714092476007e-01  -5.009999999999999e-02
  4.938845749453745e-01   1.263786426873766e-01  -5.010000000000000e-02
  4.938968750055586e-01   1.263862942705945e-01  -5.010000000000000e-02
  4.939094956985975e-01   1.263941453121026e-01  -5.010000000000000e-02
  4.939224450246179e-01   1.264022007885944e-01  -5.009999999999999e-02
  4.939357121663994e-01   1.264104957206446e-01  -5.010000000000000e-02
  4.939491877616971e-01   1.264192207937663e-01  -5.010000000000000e-02
  4.939630130435728e-01   1.264281722792205e-01  -5.010000000000000e-02
  4.939771966517500e-01   1.264373557709878e-01  -5.010000000000000e-02
  4.939916769744056e-01   1.264468838202579e-01  -5.010000000000000e-02
  4.940064408787035e-01   1.264567958712200e-01  -5.010000000000000e-02
  4.940215859714129e-01   1.264669638408661e-01  -5.010000000000000e-02
  4.940371205885482e-01   1.264773954166575e-01  -5.010000000000000e-02
  4.940528892024699e-01   1.264883387618849e-01  -5.010000000000001e-02
  4.940690632561442e-01   1.264995634804280e-01  -5.010000000000000e-02
  4.940856525666851e-01   1.265110763853184e-01  -5.010000000000000e-02
  4.941025279601076e-01   1.265230819295777e-01  -5.010000000000000e-02
  4.941198004883112e-01   1.265354441627836e-01  -5.010000000000000e-02
  4.941375144282979e-01   1.265481223216801e-01  -5.009999999999999e-02
  4.941555317657296e-01   1.265613284975365e-01  -5.010000000000000e-02
  4.941739730335705e-01   1.265749192440278e-01  -5.010000000000000e-02
  4.941928797087581e-01   1.265888602753637e-01  -5.010000000000000e-02
  4.942120723922945e-01   1.266034145391031e-01  -5.010000000000000e-02
  4.942317513631666e-01   1.266183375659767e-01  -5.010000000000001e-02
  4.942518859615252e-01   1.266336930731062e-01  -5.010000000000000e-02
  4.942724674724610e-01   1.266495164876725e-01  -5.010000000000000e-02
  4.942935674775407e-01   1.266657385293276e-01  -5.010000000000000e-02
  4.943151979679847e-01   1.266823684171254e-01  -5.010000000000000e-02
  4.943373711557150e-01   1.266994155397980e-01  -5.010000000000000e-02
  4.943600994743350e-01   1.267168894565111e-01  -5.010000000000000e-02
  4.943833955799197e-01   1.267347998974693e-01  -5.010000000000001e-02
  4.944072723515988e-01   1.267531567643662e-01  -5.010000000000001e-02
  4.944317428919227e-01   1.267719701306644e-01  -5.010000000000000e-02
  4.944568205269951e-01   1.267912502416986e-01  -5.010000000000000e-02
  4.944831708222494e-01   1.268101258617840e-01  -5.010000000000000e-02
  4.945102406962146e-01   1.268293740769316e-01  -5.010000000000000e-02
  4.945379771342279e-01   1.268490962569090e-01  -5.010000000000000e-02
  4.945663947507468e-01   1.268693027934241e-01  -5.010000000000000e-02
  4.945955083865924e-01   1.268900042391422e-01  -5.010000000000001e-02
  4.946253331073182e-01   1.269112113065258e-01  -5.010000000000000e-02
  4.946558842012227e-01   1.269329348664222e-01  -5.010000000000000e-02
  4.946872817506197e-01   1.269550373897082e-01  -5.010000000000000e-02
  4.947195473351962e-01   1.269775217434226e-01  -5.010000000000000e-02
  4.947525916578300e-01   1.270005487627096e-01  -5.010000000000000e-02
  4.947864309785229e-01   1.270241297783924e-01  -5.010000000000000e-02
  4.948210817654843e-01   1.270482762663841e-01  -5.010000000000000e-02
  4.948565606905787e-01   1.270729998445154e-01  -5.009999999999999e-02
  4.948929338887667e-01   1.270982412581479e-01  -5.010000000000000e-02
  4.949302276154282e-01   1.271239991486627e-01  -5.010000000000000e-02
  4.949684032118519e-01   1.271503661256600e-01  -5.010000000000000e-02
  4.950074781592072e-01   1.271773542629676e-01  -5.010000000000000e-02
  4.950474701121551e-01   1.272049757542403e-01  -5.010000000000000e-02
  4.950884170058330e-01   1.272332137315662e-01  -5.010000000000000e-02
  4.951303452289936e-01   1.272620684110066e-01  -5.010000000000000e-02
  4.951732455082912e-01   1.272915920519750e-01  -5.010000000000000e-02
  4.952171361282403e-01   1.273217972377330e-01  -5.010000000000001e-02
  4.952620390217217e-01   1.273526915178588e-01  -5.010000000000000e-02
  4.953079981620827e-01   1.273842506293768e-01  -5.010000000000000e-02
  4.953550039564748e-01   1.274165284547573e-01  -5.010000000000000e-02
  4.954030751425431e-01   1.274495378607213e-01  -5.010000000000000e-02
  4.954522431236690e-01   1.274832734162983e-01  -5.010000000000000e-02
  4.955025365515947e-01   1.275177338384806e-01  -5.010000000000000e-02
  4.955539527740127e-01   1.275529635852808e-01  -5.010000000000001e-02
  4.956065140573011e-01   1.275889708439856e-01  -5.010000000000000e-02
  4.956602800720483e-01   1.276257091698912e-01  -5.010000000000000e-02
  4.957152268673303e-01   1.276632543233124e-01  -5.010000000000000e-02
  4.957713822872312e-01   1.277016062816166e-01  -5.010000000000000e-02
  4.958288120216059e-01   1.277407094497447e-01  -5.010000000000000e-02
  4.958874807297748e-01   1.277806562192077e-01  -5.010000000000000e-02
  4.959474527909010e-01   1.278213923306557e-01  -5.010000000000000e-02
  4.960087468652628e-01   1.278629306021182e-01  -5.010000000000000e-02
  4.960713522933407e-01   1.279053266279770e-01  -5.010000000000000e-02
  4.961353710172486e-01   1.279484693826723e-01  -5.010000000000000e-02
  4.962007258343905e-01   1.279925125417982e-01  -5.010000000000000e-02
  4.962675661381752e-01   1.280372728529336e-01  -5.010000000000000e-02
  4.963357861555305e-01   1.280829464398219e-01  -5.010000000000000e-02
  4.964055565048567e-01   1.281293157285871e-01  -5.010000000000000e-02
  4.964767710597833e-01   1.281765771412082e-01  -5.010000000000000e-02
  4.965495673408004e-01   1.282245600026357e-01  -5.010000000000001e-02
  4.966239084858856e-01   1.282733551784071e-01  -5.010000000000000e-02
  4.966998241077599e-01   1.283229532990921e-01  -5.010000000000000e-02
  4.967774272483738e-01   1.283732141196970e-01  -5.010000000000000e-02
  4.968566627292373e-01   1.284242549694874e-01  -5.010000000000000e-02
  4.969375735860246e-01   1.284760415837119e-01  -5.010000000000000e-02
  4.970202498594700e-01   1.285284629920572e-01  -5.010000000000000e-02
  4.971046961667431e-01   1.285815395160118e-01  -5.009999999999999e-02
  4.971909297411558e-01   1.286352709907451e-01  -5.010000000000000e-02
  4.972789878851336e-01   1.286896233315021e-01  -5.010000000000000e-02
  4.973689079997104e-01   1.287445596002330e-01  -5.010000000000000e-02
  4.974607247461087e-01   1.288000446545762e-01  -5.010000000000000e-02
  4.975544676608661e-01   1.288560489813758e-01  -5.010000000000000e-02
  4.976501643363682e-01   1.289125437018251e-01  -5.010000000000000e-02
  4.977478286203034e-01   1.289695206688707e-01  -5.009999999999999e-02
  4.978474861755660e-01   1.290269489694114e-01  -5.010000000000000e-02
  4.979491912225341e-01   1.290847442356868e-01  -5.010000000000000e-02
  4.980529204686076e-01   1.291429547682888e-01  -5.010000000000000e-02
  4.981586700697360e-01   1.292015939961721e-01  -5.010000000000000e-02
  4.982665091342480e-01   1.292605397839551e-01  -5.010000000000000e-02
  4.983763723335692e-01   1.293199119842967e-01  -5.010000000000000e-02
  4.984883145552611e-01   1.293796072466753e-01  -5.010000000000000e-02
  4.986022866803959e-01   1.294397130771487e-01  -5.010000000000000e-02
  4.987183140457078e-01   1.295001747104886e-01  -5.010000000000001e-02
  4.988363833675474e-01   1.295610071899654e-01  -5.010000000000000e-02
  4.989564720247370e-01   1.296222418946598e-01  -5.009999999999999e-02
  4.990785800051575e-01   1.296838631920266e-01  -5.010000000000000e-02
  4.992027054852676e-01   1.297458551874960e-01  -5.010000000000000e-02
  4.993288254053305e-01   1.298082412344974e-01  -5.010000000000000e-02
  4.994569245211558e-01   1.298710261269055e-01  -5.010000000000000e-02
  4.995869914194910e-01   1.299342033857052e-01  -5.010000000000000e-02
  4.997190203913843e-01   1.299977507156286e-01  -5.010000000000000e-02
  4.998529822815231e-01   1.300616905590364e-01  -5.010000000000000e-02
  4.999888622880654e-01   1.301260120222725e-01  -5.010000000000000e-02
  5.001266301355145e-01   1.301907328869841e-01  -5.010000000000000e-02
  5.002662741378592e-01   1.302558275512837e-01  -5.010000000000000e-02
  5.004077697694275e-01   1.303212933128032e-01  -5.010000000000000e-02
  5.005510760331983e-01   1.303871592541875e-01  -5.009999999999999e-02
  5.006961667865493e-01   1.304534184202718e-01  -5.010000000000000e-02
  5.008430282658860e-01   1.305200320173210e-01  -5.010000000000000e-02
  5.009916109857898e-01   1.305870354444892e-01  -5.010000000000000e-02
  5.011418785112690e-01   1.306544314552427e-01  -5.010000000000000e-02
  5.012938123205000e-01   1.307221782421941e-01  -5.010000000000001e-02
  5.014473609739982e-01   1.307903030819262e-01  -5.009999999999999e-02
  5.016024939713777e-01   1.308587820761182e-01  -5.010000000000000e-02
  5.017591726177851e-01   1.309276050769491e-01  -5.010000000000000e-02
  5.019173497839936e-01   1.309967768979178e-01  -5.010000000000000e-02
  5.020770006101306e-01   1.310662469107215e-01  -5.010000000000000e-02
  5.022380670101931e-01   1.311360362006518e-01  -5.010000000000000e-02
  5.024005159162295e-01   1.312061040626018e-01  -5.010000000000000e-02
  5.025643008162473e-01   1.312764364022264e-01  -5.010000000000000e-02
  5.027293791915524e-01   1.313470056153161e-01  -5.009999999999999e-02
  5.028957038388562e-01   1.314177908107534e-01  -5.010000000000000e-02
  5.030632328652797e-01   1.314887545469844e-01  -5.010000000000000e-02
  5.032319163530974e-01   1.315598741693445e-01  -5.010000000000000e-02
  5.034017068685478e-01   1.316311173658190e-01  -5.010000000000000e-02
  5.035725595336686e-01   1.317024417832032e-01  -5.010000000000000e-02
  5.037444210044966e-01   1.317738217368367e-01  -5.010000000000000e-02
  5.039172430345245e-01   1.318452157009082e-01  -5.010000000000000e-02
  5.040909777789587e-01   1.319165778032935e-01  -5.010000000000000e-02
  5.042655628643942e-01   1.319878942581408e-01  -5.010000000000000e-02
  5.044409645030612e-01   1.320590783200297e-01  -5.010000000000000e-02
  5.046171046763412e-01   1.321301491035693e-01  -5.010000000000000e-02
  5.047939548430807e-01   1.322010006583707e-01  -5.010000000000000e-02
  5.049714425191041e-01   1.322716337705077e-01  -5.010000000000000e-02
  5.051495092781764e-01   1.323420121078545e-01  -5.010000000000000e-02
  5.053281203961163e-01   1.324120371105972e-01  -5.010000000000000e-02
  5.055071844063404e-01   1.324817527659158e-01  -5.009999999999999e-02
  5.056866787416998e-01   1.325510250226192e-01  -5.010000000000000e-02
  5.058665210167023e-01   1.326198725555915e-01  -5.010000000000000e-02
  5.060466431830418e-01   1.326882766610492e-01  -5.010000000000000e-02
  5.062270242618182e-01   1.327560932351681e-01  -5.010000000000000e-02
  5.064075596855231e-01   1.328233990166662e-01  -5.010000000000000e-02
  5.065881998020811e-01   1.328901250695540e-01  -5.010000000000001e-02
  5.067689053120676e-01   1.329561733482587e-01  -5.010000000000000e-02
  5.069495808776111e-01   1.330215989371598e-01  -5.010000000000001e-02
  5.071301715754489e-01   1.330863477798269e-01  -5.010000000000000e-02
  5.073106399885617e-01   1.331503166682620e-01  -5.010000000000000e-02
  5.074908906867907e-01   1.332135666644786e-01  -5.010000000000001e-02
  5.076708606432197e-01   1.332760703934724e-01  -5.010000000000000e-02
  5.078505124853044e-01   1.333377274935572e-01  -5.010000000000001e-02
  5.080297666360428e-01   1.333985618093277e-01  -5.010000000000000e-02
  5.082085482301049e-01   1.334585875318309e-01  -5.010000000000001e-02
  5.083868005455857e-01   1.335177685404494e-01  -5.010000000000000e-02
  5.085644850143085e-01   1.335760159038305e-01  -5.010000000000000e-02
  5.087415162149508e-01   1.336333863442178e-01  -5.010000000000000e-02
  5.089178296735841e-01   1.336898781136544e-01  -5.010000000000000e-02
  5.090933662123840e-01   1.337454775257907e-01  -5.010000000000000e-02
  5.092680795649281e-01   1.338001340279469e-01  -5.010000000000000e-02
  5.094419127143928e-01   1.338538352653713e-01  -5.010000000000000e-02
  5.096147947968165e-01   1.339066194535677e-01  -5.010000000000000e-02
  5.097866692926905e-01   1.339584845137489e-01  -5.010000000000000e-02
  5.099574843170279e-01   1.340094189159667e-01  -5.010000000000001e-02
  5.101271868706477e-01   1.340594205755701e-01  -5.010000000000000e-02
  5.102957297240774e-01   1.341084738124509e-01  -5.010000000000000e-02
  5.104630657527484e-01   1.341565684804119e-01  -5.009999999999999e-02
  5.106291374718973e-01   1.342037373700728e-01  -5.010000000000001e-02
  5.107938995194219e-01   1.342499783485594e-01  -5.010000000000000e-02
  5.109573062878615e-01   1.342952972428311e-01  -5.010000000000000e-02
  5.111193129707511e-01   1.343397041784543e-01  -5.010000000000000e-02
  5.112798795178094e-01   1.343831995646059e-01  -5.010000000000000e-02
  5.114389666222982e-01   1.344257883514907e-01  -5.010000000000000e-02
  5.115965369284621e-01   1.344674758913579e-01  -5.010000000000001e-02
  5.117525543740409e-01   1.345082703318393e-01  -5.009999999999999e-02
  5.119069852441742e-01   1.345481787115385e-01  -5.009999999999999e-02
  5.120597979878836e-01   1.345872075665808e-01  -5.010000000000000e-02
  5.122109615604193e-01   1.346253694578517e-01  -5.010000000000000e-02
  5.123604478620438e-01   1.346626733297474e-01  -5.010000000000000e-02
  5.125082321083835e-01   1.346991228301001e-01  -5.010000000000000e-02
  5.126542890065571e-01   1.347347317128527e-01  -5.010000000000000e-02
  5.127985943485878e-01   1.347695174302766e-01  -5.010000000000000e-02
  5.129411289469898e-01   1.348034847032947e-01  -5.010000000000000e-02
  5.130818757657287e-01   1.348366372487925e-01  -5.010000000000000e-02
  5.132208147174016e-01   1.348689994993259e-01  -5.010000000000000e-02
  5.133579403578920e-01   1.349005407323855e-01  -5.010000000000000e-02
  5.134932378523087e-01   1.349312775112097e-01  -5.010000000000001e-02
  5.136266906151468e-01   1.349612424472993e-01  -5.010000000000000e-02
  5.137582875482180e-01   1.349904523979023e-01  -5.010000000000000e-02
  5.138880188273879e-01   1.350189262962990e-01  -5.010000000000000e-02
  5.140158768255699e-01   1.350466807746631e-01  -5.010000000000000e-02
  5.141418767026342e-01   1.350736332475899e-01  -5.010000000000000e-02
  5.142660009806654e-01   1.350998586036299e-01  -5.010000000000000e-02
  5.143882421829591e-01   1.351253942839969e-01  -5.010000000000000e-02
  5.145085991302649e-01   1.351502558402714e-01  -5.010000000000000e-02
  5.146270887295689e-01   1.351743762868313e-01  -5.010000000000000e-02
  5.147437090851204e-01   1.351977845879175e-01  -5.010000000000000e-02
  5.148584487723731e-01   1.352205666140051e-01  -5.010000000000000e-02
  5.149713167115381e-01   1.352427142070512e-01  -5.010000000000000e-02
  5.150823447228020e-01   1.352641038218793e-01  -5.010000000000000e-02
  5.151915070518185e-01   1.352849153546567e-01  -5.010000000000000e-02
  5.152988173153419e-01   1.353051340794674e-01  -5.010000000000000e-02
  5.154043125021235e-01   1.353246205118531e-01  -5.010000000000000e-02
  5.155079660551717e-01   1.353435833036626e-01  -5.010000000000000e-02
  5.156098100193550e-01   1.353619213523943e-01  -5.010000000000000e-02
  5.157098579615630e-01   1.353796337394269e-01  -5.010000000000000e-02
  5.158080952832550e-01   1.353968893950368e-01  -5.010000000000000e-02
  5.159045873791844e-01   1.354134013805894e-01  -5.010000000000000e-02
  5.159992949915357e-01   1.354294907609073e-01  -5.010000000000000e-02
  5.160922688204033e-01   1.354449614641791e-01  -5.010000000000000e-02
  5.161835049680585e-01   1.354599390110423e-01  -5.010000000000000e-02
  5.162730273214380e-01   1.354743925042339e-01  -5.010000000000000e-02
  5.163608547359072e-01   1.354883174910050e-01  -5.010000000000001e-02
  5.164469953936145e-01   1.355017874802560e-01  -5.010000000000000e-02
  5.165314816870849e-01   1.355147174868800e-01  -5.010000000000000e-02
  5.166143169751506e-01   1.355272206502404e-01  -5.010000000000000e-02
  5.166955323640742e-01   1.355392231143850e-01  -5.010000000000000e-02
  5.167751386226192e-01   1.355507971071129e-01  -5.009999999999999e-02
  5.168531560608779e-01   1.355619452842622e-01  -5.010000000000001e-02
  5.169296139854880e-01   1.355726167442283e-01  -5.009999999999999e-02
  5.170045094982447e-01   1.355829848598334e-01  -5.010000000000000e-02
  5.170779021862767e-01   1.355927779641099e-01  -5.010000000000000e-02
  5.171497641312044e-01   1.356023668147033e-01  -5.010000000000000e-02
  5.172201655129731e-01   1.356113877732410e-01  -5.010000000000000e-02
  5.172890902203496e-01   1.356201408790358e-01  -5.010000000000000e-02
  5.173565684533934e-01   1.356285640644757e-01  -5.010000000000000e-02
  5.174226407355267e-01   1.356365165729392e-01  -5.010000000000000e-02
  5.174872931556969e-01   1.356442981857727e-01  -5.010000000000000e-02
  5.175505837935177e-01   1.356516100585758e-01  -5.010000000000000e-02
  5.176125156948319e-01   1.356586245141458e-01  -5.010000000000000e-02
  5.176730951670018e-01   1.356654857925334e-01  -5.010000000000000e-02
  5.177323853843163e-01   1.356718282988886e-01  -5.010000000000000e-02
  5.177903740883285e-01   1.356779740306667e-01  -5.010000000000000e-02
  5.178470776007818e-01   1.356839835558725e-01  -5.010000000000000e-02
  5.179025555942964e-01   1.356894961148902e-01  -5.010000000000000e-02
  5.179567991988556e-01   1.356948213436873e-01  -5.010000000000000e-02
  5.180098241140341e-01   1.357000269307342e-01  -5.010000000000000e-02
  5.180616759677429e-01   1.357048666405083e-01  -5.010000000000000e-02
  5.181123682859191e-01   1.357094336199186e-01  -5.010000000000000e-02
  5.181619073021599e-01   1.357138966958897e-01  -5.010000000000001e-02
  5.182103175758034e-01   1.357182252145006e-01  -5.010000000000000e-02
  5.182576494954356e-01   1.357220853246139e-01  -5.010000000000000e-02
  5.183038920212517e-01   1.357258565902408e-01  -5.010000000000000e-02
  5.183490663283871e-01   1.357295407382997e-01  -5.010000000000000e-02
  5.183932002708723e-01   1.357330500395424e-01  -5.010000000000000e-02
  5.184363300578542e-01   1.357361854687579e-01  -5.010000000000000e-02
  5.184784531226433e-01   1.357392477117511e-01  -5.010000000000000e-02
  5.185195897323125e-01   1.357422382418884e-01  -5.010000000000000e-02
  5.185597599063628e-01   1.357451585145380e-01  -5.010000000000000e-02
  5.185990081727069e-01   1.357476456149315e-01  -5.010000000000000e-02
  5.186373290609572e-01   1.357500685089834e-01  -5.010000000000000e-02
  5.186747414522920e-01   1.357524339619927e-01  -5.010000000000000e-02
  5.187112643384031e-01   1.357547431747369e-01  -5.010000000000000e-02
  5.187469212616324e-01   1.357569146979631e-01  -5.010000000000000e-02
  5.187817408162325e-01   1.357587757901133e-01  -5.009999999999999e-02
  5.188157257360156e-01   1.357605922713451e-01  -5.010000000000000e-02
  5.188488939277930e-01   1.357623650987710e-01  -5.010000000000000e-02
  5.188812630194306e-01   1.357640952145937e-01  -5.010000000000000e-02
  5.189128503586542e-01   1.357657835460428e-01  -5.010000000000000e-02
  5.189436861777699e-01   1.357671582381644e-01  -5.010000000000000e-02
  5.189737759434410e-01   1.357684546909939e-01  -5.009999999999999e-02
  5.190031339474255e-01   1.357697196150133e-01  -5.010000000000000e-02
  5.190317764201420e-01   1.357709537095291e-01  -5.010000000000000e-02
  5.190597193109126e-01   1.357721576617367e-01  -5.010000000000000e-02
  5.190869782886991e-01   1.357733321467516e-01  -5.010000000000000e-02
  5.191135755501709e-01   1.357742969880867e-01  -5.010000000000000e-02
  5.191395232089601e-01   1.357751324785410e-01  -5.010000000000000e-02
  5.191648320292479e-01   1.357759473989903e-01  -5.010000000000000e-02
  5.191895165767969e-01   1.357767422184386e-01  -5.010000000000000e-02
  5.192135911441322e-01   1.357775173970920e-01  -5.009999999999999e-02
  5.192370697525931e-01   1.357782733864245e-01  -5.010000000000000e-02
  5.192599661545548e-01   1.357790106292499e-01  -5.010000000000001e-02
  5.192822954268809e-01   1.357796682725898e-01  -5.010000000000000e-02
  5.193040746562460e-01   1.357800978667256e-01  -5.010000000000000e-02
  5.193253111713151e-01   1.357805167558508e-01  -5.010000000000000e-02
  5.193460176778604e-01   1.357809251905862e-01  -5.009999999999999e-02
  5.193662066258111e-01   1.357813234165060e-01  -5.010000000000000e-02
  5.193858902122372e-01   1.357817116741968e-01  -5.010000000000000e-02
  5.194050803844228e-01   1.357820901993180e-01  -5.010000000000000e-02
  5.194237888430204e-01   1.357824592226644e-01  -5.010000000000000e-02
  5.194420270452780e-01   1.357828189702296e-01  -5.010000000000001e-02
  5.194598062083288e-01   1.357831696632709e-01  -5.010000000000000e-02
  5.194771304879731e-01   1.357837638602361e-01  -5.010000000000000e-02
  5.194940175963603e-01   1.357843442327736e-01  -5.010000000000000e-02
  5.195104612462063e-01   1.357852523348503e-01  -5.010000000000000e-02
  5.195264821076120e-01   1.357862773077408e-01  -5.010000000000000e-02
  5.195420869997316e-01   1.357874062003626e-01  -5.010000000000000e-02
  5.195572699155402e-01   1.357888396624087e-01  -5.010000000000000e-02
  5.195720675134660e-01   1.357902367455031e-01  -5.010000000000000e-02
  5.195864540712922e-01   1.357919161527687e-01  -5.010000000000000e-02
  5.196004597822934e-01   1.357936884237704e-01  -5.010000000000001e-02
  5.196141089474287e-01   1.357954155777553e-01  -5.010000000000000e-02
  5.196273485674199e-01   1.357975283572453e-01  -5.010000000000000e-02
  5.196402480483409e-01   1.357996042544952e-01  -5.010000000000000e-02
  5.196528135755829e-01   1.358016529518255e-01  -5.010000000000000e-02
  5.196649837828242e-01   1.358040630256884e-01  -5.010000000000001e-02
  5.196768427289752e-01   1.358064114603201e-01  -5.009999999999999e-02
  5.196883981149090e-01   1.358086997807293e-01  -5.010000000000000e-02
  5.196995639280222e-01   1.358113577064534e-01  -5.010000000000000e-02
  5.197104412980066e-01   1.358139573487719e-01  -5.010000000000000e-02
  5.197210395547854e-01   1.358164902842944e-01  -5.010000000000000e-02
  5.197312844932547e-01   1.358192681905129e-01  -5.010000000000001e-02
  5.197412328686782e-01   1.358221018286872e-01  -5.010000000000000e-02
  5.197509253945398e-01   1.358248625921403e-01  -5.010000000000000e-02
  5.197603364697461e-01   1.358276552992404e-01  -5.010000000000000e-02
  5.197694013117878e-01   1.358307103320268e-01  -5.010000000000000e-02
  5.197782325427698e-01   1.358336866332210e-01  -5.010000000000000e-02
  5.197868360339762e-01   1.358365861815631e-01  -5.010000000000000e-02
  5.197951305151035e-01   1.358396479427547e-01  -5.010000000000000e-02
  5.198031369950195e-01   1.358428318061130e-01  -5.010000000000000e-02
  5.198109366188088e-01   1.358459334108947e-01  -5.010000000000001e-02
  5.198185346122026e-01   1.358489548351683e-01  -5.009999999999999e-02
  5.198258216307089e-01   1.358521623072937e-01  -5.010000000000000e-02
  5.198328447693250e-01   1.358554605740579e-01  -5.010000000000000e-02
  5.198396860465546e-01   1.358586734335136e-01  -5.010000000000001e-02
  5.198463500779419e-01   1.358618030532522e-01  -5.010000000000000e-02
  5.198527533262616e-01   1.358650232442841e-01  -5.010000000000000e-02
  5.198588547651089e-01   1.358684246474582e-01  -5.010000000000001e-02
  5.198647978881832e-01   1.358717377934546e-01  -5.010000000000000e-02
  5.198705867300861e-01   1.358749649314650e-01  -5.010000000000000e-02
  5.198762252263890e-01   1.358781082554746e-01  -5.010000000000000e-02
  5.198814894700968e-01   1.358815425636533e-01  -5.010000000000000e-02
  5.198865832445053e-01   1.358849426212510e-01  -5.010000000000000e-02
  5.198915445512298e-01   1.358882542576271e-01  -5.010000000000000e-02
  5.198963767815849e-01   1.358914797364598e-01  -5.010000000000001e-02
  5.199010832428404e-01   1.358946212653275e-01  -5.010000000000000e-02
  5.199053704063723e-01   1.358980839698850e-01  -5.010000000000000e-02
  5.199095410976544e-01   1.359014630021737e-01  -5.010000000000000e-02
  5.199136031128524e-01   1.359047539867092e-01  -5.010000000000000e-02
  5.199175592452804e-01   1.359079591865929e-01  -5.010000000000000e-02
  5.199214122184487e-01   1.359110808083729e-01  -5.010000000000000e-02
  5.199249441535925e-01   1.359143654138947e-01  -5.010000000000000e-02
  5.199282638028498e-01   1.359176974433038e-01  -5.010000000000001e-02
  5.199314968025006e-01   1.359209424999591e-01  -5.010000000000000e-02
  5.199346453874496e-01   1.359241028271002e-01  -5.009999999999999e-02
  5.199377117363495e-01   1.359271806115048e-01  -5.009999999999999e-02
  5.199406979729441e-01   1.359301779848368e-01  -5.010000000000000e-02
  5.199433352670887e-01   1.359333356733012e-01  -5.010000000000000e-02
  5.199457982180505e-01   1.359365036674772e-01  -5.010000000000000e-02
  5.199481967660918e-01   1.359395888227823e-01  -5.010000000000000e-02
  5.199505325782862e-01   1.359425932835055e-01  -5.010000000000000e-02
  5.199528072794357e-01   1.359455191395644e-01  -5.010000000000000e-02
  5.199550224530978e-01   1.359483684278243e-01  -5.010000000000000e-02
  5.199571796425880e-01   1.359511431333899e-01  -5.010000000000000e-02
  5.199589045582187e-01   1.359540981023016e-01  -5.010000000000000e-02
  5.199605719602642e-01   1.359569839904576e-01  -5.010000000000000e-02
  5.199621956855375e-01   1.359597942841996e-01  -5.010000000000000e-02
  5.199637768685842e-01   1.359625309471651e-01  -5.010000000000000e-02
  5.199653166149753e-01   1.359651958928420e-01  -5.009999999999999e-02
  5.199668160020208e-01   1.359677909858054e-01  -5.009999999999999e-02
  5.199682760794676e-01   1.359703180429250e-01  -5.010000000000000e-02
  5.199696978701819e-01   1.359727788345459e-01  -5.010000000000000e-02
  5.199707145626920e-01   1.359753520562132e-01  -5.010000000000000e-02
  5.199716965705076e-01   1.359778616317418e-01  -5.010000000000000e-02
  5.199726528129525e-01   1.359803053624345e-01  -5.009999999999999e-02
  5.199735839614994e-01   1.359826849642765e-01  -5.010000000000000e-02
  5.199744906703576e-01   1.359850021091362e-01  -5.010000000000000e-02
  5.199753735769049e-01   1.359872584258684e-01  -5.010000000000000e-02
  5.199762333021094e-01   1.359894555013907e-01  -5.010000000000001e-02
  5.199770704509399e-01   1.359915948817353e-01  -5.010000000000000e-02
  5.199778856127685e-01   1.359936780730752e-01  -5.010000000000001e-02
  5.199786793617626e-01   1.359957065427267e-01  -5.010000000000000e-02
  5.199791513071366e-01   1.359977727703544e-01  -5.010000000000000e-02
  5.199795910978357e-01   1.359997906821899e-01  -5.010000000000000e-02
  5.199800193309550e-01   1.360017555638516e-01  -5.010000000000000e-02
  5.199804363086646e-01   1.360036688018017e-01  -5.009999999999999e-02
  5.199808423253162e-01   1.360055317466257e-01  -5.010000000000000e-02
  5.199812376676398e-01   1.360073457139416e-01  -5.010000000000000e-02
  5.199816226149383e-01   1.360091119852871e-01  -5.010000000000000e-02
  5.199819974392754e-01   1.360108318089844e-01  -5.010000000000000e-02
  5.199823624056599e-01   1.360125064009851e-01  -5.010000000000000e-02
  5.199827177722247e-01   1.360141369456936e-01  -5.010000000000000e-02
  5.199830637904030e-01   1.360157245967708e-01  -5.009999999999999e-02
  5.199834007050980e-01   1.360172704779181e-01  -5.009999999999999e-02
  5.199837287548501e-01   1.360187756836420e-01  -5.010000000000000e-02
  5.199840481719998e-01   1.360202412800000e-01  -5.010000000000000e-02
