888
  4.938294525376910e-01   1.264713259241470e-01  -5.010000000000000e-02
  4.938282340353562e-01   1.264722007110126e-01  -5.010000000000000e-02
  4.938270000614223e-01   1.264730866052444e-01  -5.010000000000000e-02
  4.938257504208994e-01   1.264739837468295e-01  -5.010000000000000e-02
  4.938244849163777e-01   1.264748922774923e-01  -5.010000000000000e-02
  4.938232033479980e-01   1.264758123407158e-01  -5.010000000000000e-02
  4.938219055134225e-01   1.264767440817620e-01  -5.010000000000000e-02
  4.938205912078053e-01   1.264776876476941e-01  -5.010000000000000e-02
  4.938192602237619e-01   1.264786431873974e-01  -5.010000000000000e-02
  4.938179123513392e-01   1.264796108516014e-01  -5.010000000000000e-02
  4.938165473779843e-01   1.264805907929020e-01  -5.010000000000001e-02
  4.938151650885140e-01   1.264815831657835e-01  -5.010000000000000e-02
  4.938137652650829e-01   1.264825881266413e-01  -5.010000000000000e-02
  4.938123476871520e-01   1.264836058338048e-01  -5.010000000000001e-02
  4.938110715732446e-01   1.264848123704170e-01  -5.010000000000000e-02
  4.938098903776279e-01   1.264861567910912e-01  -5.010000000000000e-02
  4.938086942053185e-01   1.264875182580319e-01  -5.010000000000000e-02
  4.938074828681074e-01   1.264888969854559e-01  -5.010000000000000e-02
  4.938062561754638e-01   1.264902931902230e-01  -5.009999999999999e-02
  4.938050139345072e-01   1.264917070918671e-01  -5.010000000000000e-02
  4.938037559499794e-01   1.264931389126281e-01  -5.010000000000000e-02
  4.938024820242172e-01   1.264945888774839e-01  -5.010000000000000e-02
  4.938011919571232e-01   1.264960572141826e-01  -5.010000000000001e-02
  4.937998855461371e-01   1.264975441532753e-01  -5.010000000000000e-02
  4.937985625862072e-01   1.264990499281493e-01  -5.010000000000000e-02
  4.937972228697604e-01   1.265005747750613e-01  -5.010000000000001e-02
  4.937958661866728e-01   1.265021189331714e-01  -5.010000000000000e-02
  4.937947081537496e-01   1.265038423949729e-01  -5.010000000000001e-02
  4.937936001172997e-01   1.265056355359940e-01  -5.010000000000000e-02
  4.937924780536627e-01   1.265074513772830e-01  -5.010000000000001e-02
  4.937913417871228e-01   1.265092902032022e-01  -5.010000000000000e-02
  4.937901911398103e-01   1.265111523015988e-01  -5.010000000000000e-02
  4.937890259316768e-01   1.265130379638460e-01  -5.010000000000000e-02
  4.937878459804700e-01   1.265149474848837e-01  -5.010000000000000e-02
  4.937866511017078e-01   1.265168811632602e-01  -5.010000000000000e-02
  4.937854411086521e-01   1.265188393011748e-01  -5.010000000000001e-02
  4.937842158122830e-01   1.265208222045192e-01  -5.010000000000000e-02
  4.937829750212720e-01   1.265228301829214e-01  -5.010000000000000e-02
  4.937817185419554e-01   1.265248635497884e-01  -5.010000000000000e-02
  4.937805189229219e-01   1.265269616639384e-01  -5.010000000000000e-02
  4.937794934906097e-01   1.265291879213364e-01  -5.010000000000000e-02
  4.937784550987289e-01   1.265314423145119e-01  -5.010000000000000e-02
  4.937774035854973e-01   1.265337251947013e-01  -5.010000000000000e-02
  4.937763387871639e-01   1.265360369174145e-01  -5.009999999999999e-02
  4.937752605379871e-01   1.265383778424840e-01  -5.010000000000000e-02
  4.937741686702112e-01   1.265407483341144e-01  -5.010000000000000e-02
  4.937730630140436e-01   1.265431487609330e-01  -5.010000000000000e-02
  4.937719433976313e-01   1.265455794960397e-01  -5.009999999999999e-02
  4.937708096470375e-01   1.265480409170589e-01  -5.010000000000000e-02
  4.937696615862177e-01   1.265505334061903e-01  -5.010000000000001e-02
  4.937684990369962e-01   1.265530573502618e-01  -5.010000000000000e-02
  4.937673521298548e-01   1.265556254661777e-01  -5.010000000000000e-02
  4.937663997960003e-01   1.265583109838391e-01  -5.010000000000000e-02
  4.937654354500438e-01   1.265610303748238e-01  -5.009999999999999e-02
  4.937644589426344e-01   1.265637840602908e-01  -5.010000000000000e-02
  4.937634701226198e-01   1.265665724664794e-01  -5.010000000000001e-02
  4.937624688370257e-01   1.265693960247670e-01  -5.010000000000000e-02
  4.937614549310352e-01   1.265722551717268e-01  -5.010000000000000e-02
  4.937604282479683e-01   1.265751503491860e-01  -5.010000000000000e-02
  4.937593886292608e-01   1.265780820042847e-01  -5.010000000000000e-02
  4.937583359144435e-01   1.265810505895359e-01  -5.010000000000000e-02
  4.937572699411206e-01   1.265840565628847e-01  -5.009999999999999e-02
  4.937561905449481e-01   1.265871003877697e-01  -5.010000000000000e-02
  4.937551828866653e-01   1.265902095268820e-01  -5.010000000000000e-02
  4.937542932469899e-01   1.265933991492428e-01  -5.010000000000000e-02
  4.937533924116591e-01   1.265966289113530e-01  -5.010000000000000e-02
  4.937524802421278e-01   1.265998993099362e-01  -5.010000000000000e-02
  4.937515565981971e-01   1.266032108476483e-01  -5.009999999999999e-02
  4.937506213379949e-01   1.266065640331424e-01  -5.010000000000000e-02
  4.937496743179580e-01   1.266099593811352e-01  -5.010000000000000e-02
  4.937487153928135e-01   1.266133974124731e-01  -5.010000000000001e-02
  4.937477444155602e-01   1.266168786541995e-01  -5.010000000000000e-02
  4.937467612374494e-01   1.266204036396222e-01  -5.010000000000000e-02
  4.937457657079662e-01   1.266239729083820e-01  -5.010000000000000e-02
  4.937447902791227e-01   1.266275951451525e-01  -5.010000000000000e-02
  4.937439714463997e-01   1.266313050126780e-01  -5.010000000000000e-02
  4.937431423340878e-01   1.266350614537125e-01  -5.010000000000000e-02
  4.937423028156154e-01   1.266388650417104e-01  -5.010000000000001e-02
  4.937414527629160e-01   1.266427163569008e-01  -5.009999999999999e-02
  4.937405920464114e-01   1.266466159863599e-01  -5.010000000000000e-02
  4.937397205349963e-01   1.266505645240848e-01  -5.010000000000000e-02
  4.937388380960212e-01   1.266545625710669e-01  -5.009999999999999e-02
  4.937379445952764e-01   1.266586107353668e-01  -5.010000000000001e-02
  4.937370398969757e-01   1.266627096321889e-01  -5.010000000000001e-02
  4.937361238637391e-01   1.266668598839572e-01  -5.010000000000000e-02
  4.937352832480892e-01   1.266710793138071e-01  -5.010000000000000e-02
  4.937345312085446e-01   1.266753711903605e-01  -5.010000000000001e-02
  4.937337697542643e-01   1.266797167966461e-01  -5.010000000000000e-02
  4.937329987699958e-01   1.266841167904077e-01  -5.010000000000000e-02
  4.937322181391423e-01   1.266885718370620e-01  -5.010000000000000e-02
  4.937314277437483e-01   1.266930826097779e-01  -5.010000000000000e-02
  4.937306274644860e-01   1.266976497895574e-01  -5.010000000000000e-02
  4.937298171806410e-01   1.267022740653164e-01  -5.010000000000000e-02
  4.937289967700977e-01   1.267069561339659e-01  -5.010000000000000e-02
  4.937281661093251e-01   1.267116967004943e-01  -5.010000000000000e-02
  4.937273848477969e-01   1.267165058363148e-01  -5.010000000000000e-02
  4.937267103762983e-01   1.267213932676903e-01  -5.010000000000000e-02
  4.937260274855971e-01   1.267263417072405e-01  -5.009999999999999e-02
  4.937253360732494e-01   1.267313518973059e-01  -5.010000000000000e-02
  4.937246360356321e-01   1.267364245887714e-01  -5.010000000000000e-02
  4.937239272679313e-01   1.267415605411524e-01  -5.010000000000000e-02
  4.937232096641299e-01   1.267467605226810e-01  -5.010000000000000e-02
  4.937224831169960e-01   1.267520253103931e-01  -5.010000000000000e-02
  4.937217475180707e-01   1.267573556902155e-01  -5.010000000000000e-02
  4.937210027576561e-01   1.267627524570543e-01  -5.010000000000000e-02
  4.937203772051278e-01   1.267682321650272e-01  -5.010000000000000e-02
  4.937197817937273e-01   1.267737847225059e-01  -5.010000000000000e-02
  4.937191789744523e-01   1.267794063627220e-01  -5.010000000000000e-02
  4.937185686577846e-01   1.267850979204839e-01  -5.010000000000000e-02
  4.937179507531915e-01   1.267908602400612e-01  -5.010000000000000e-02
  4.937173251691160e-01   1.267966941752762e-01  -5.010000000000000e-02
  4.937166918129671e-01   1.268026005895952e-01  -5.010000000000000e-02
  4.937160505911095e-01   1.268085803562211e-01  -5.010000000000000e-02
  4.937154014088540e-01   1.268146343581852e-01  -5.010000000000000e-02
  4.937148666825983e-01   1.268207749966648e-01  -5.010000000000001e-02
  4.937143648624169e-01   1.268269955233018e-01  -5.010000000000001e-02
  4.937138568196383e-01   1.268332931848047e-01  -5.010000000000000e-02
  4.937133424795953e-01   1.268396689067403e-01  -5.010000000000000e-02
  4.937128217667882e-01   1.268461236249985e-01  -5.010000000000000e-02
  4.937122946048768e-01   1.268526582858871e-01  -5.010000000000001e-02
  4.937117609166726e-01   1.268592738462279e-01  -5.010000000000000e-02
  4.937112206241314e-01   1.268659712734521e-01  -5.010000000000000e-02
  4.937107157234389e-01   1.268727544580676e-01  -5.010000000000000e-02
  4.937103184673651e-01   1.268796293957577e-01  -5.010000000000000e-02
  4.937099163015856e-01   1.268865893011104e-01  -5.010000000000000e-02
  4.937095091675993e-01   1.268936351865535e-01  -5.010000000000000e-02
  4.937090970062626e-01   1.269007680756251e-01  -5.010000000000000e-02
  4.937086797577847e-01   1.269079890030709e-01  -5.009999999999999e-02
  4.937082573617214e-01   1.269152990149423e-01  -5.010000000000000e-02
  4.937078297569695e-01   1.269226991686943e-01  -5.010000000000000e-02
  4.937074414814739e-01   1.269301926520119e-01  -5.010000000000000e-02
  4.937071588088525e-01   1.269377836967743e-01  -5.009999999999999e-02
  4.937068726554559e-01   1.269454682161685e-01  -5.010000000000000e-02
  4.937065829801320e-01   1.269532473153213e-01  -5.010000000000000e-02
  4.937062897412851e-01   1.269611221112663e-01  -5.010000000000000e-02
  4.937059928968722e-01   1.269690937330427e-01  -5.010000000000000e-02
  4.937056924044002e-01   1.269771633217939e-01  -5.010000000000000e-02
  4.937053882209209e-01   1.269853320308660e-01  -5.010000000000000e-02
  4.937051981797608e-01   1.269936043465090e-01  -5.010000000000000e-02
  4.937050381618240e-01   1.270019790783611e-01  -5.010000000000000e-02
  4.937048761814414e-01   1.270104565171775e-01  -5.010000000000000e-02
  4.937047122156126e-01   1.270190378667158e-01  -5.010000000000000e-02
  4.937045462410945e-01   1.270277243434355e-01  -5.010000000000000e-02
  4.937043782343993e-01   1.270365171765957e-01  -5.010000000000000e-02
  4.937042081717928e-01   1.270454176083536e-01  -5.010000000000000e-02
  4.937041475820113e-01   1.270544280854756e-01  -5.010000000000000e-02
  4.937041269827723e-01   1.270635491342508e-01  -5.010000000000000e-02
  4.937041061318912e-01   1.270727816065056e-01  -5.010000000000000e-02
  4.937040850264436e-01   1.270821267971940e-01  -5.010000000000000e-02
  4.937040636634746e-01   1.270915860146553e-01  -5.010000000000000e-02
  4.937040420399992e-01   1.271011605807093e-01  -5.009999999999999e-02
  4.937040366308867e-01   1.271108517393904e-01  -5.010000000000000e-02
  4.937041675554832e-01   1.271206601737435e-01  -5.010000000000000e-02
  4.937043000736577e-01   1.271305879936550e-01  -5.010000000000000e-02
  4.937044342037851e-01   1.271406365756978e-01  -5.010000000000000e-02
  4.937045699644262e-01   1.271508073103952e-01  -5.009999999999999e-02
  4.937047073743295e-01   1.271611016023140e-01  -5.010000000000000e-02
  4.937048464524320e-01   1.271715208701559e-01  -5.010000000000000e-02
  4.937051256349806e-01   1.271820636732012e-01  -5.010000000000001e-02
  4.937054262763442e-01   1.271927339222688e-01  -5.010000000000001e-02
  4.937057305602002e-01   1.272035334492916e-01  -5.010000000000000e-02
  4.937060385281270e-01   1.272144637299554e-01  -5.010000000000001e-02
  4.937063502221137e-01   1.272255262545211e-01  -5.010000000000000e-02
  4.937066722076021e-01   1.272367222984682e-01  -5.010000000000000e-02
  4.937071498943195e-01   1.272480482682967e-01  -5.010000000000000e-02
  4.937076333480343e-01   1.272595109738466e-01  -5.010000000000000e-02
  4.937081226340626e-01   1.272711119637670e-01  -5.010000000000000e-02
  4.937086178183527e-01   1.272828528016934e-01  -5.010000000000001e-02
  4.937091189674882e-01   1.272947350663276e-01  -5.010000000000000e-02
  4.937097171592194e-01   1.273067558956758e-01  -5.010000000000000e-02
  4.937103951518329e-01   1.273189177462761e-01  -5.009999999999999e-02
  4.937110812923361e-01   1.273312257539502e-01  -5.010000000000000e-02
  4.937117756720795e-01   1.273436815573471e-01  -5.010000000000000e-02
  4.937124783832740e-01   1.273562868105483e-01  -5.010000000000000e-02
  4.937132262549775e-01   1.273690410080926e-01  -5.010000000000000e-02
  4.937140349289260e-01   1.273819449145899e-01  -5.010000000000000e-02
  4.937148532816048e-01   1.273950032633432e-01  -5.010000000000000e-02
  4.937156814205407e-01   1.274082177701479e-01  -5.010000000000000e-02
  4.937165194542485e-01   1.274215901665581e-01  -5.010000000000000e-02
  4.937173674922341e-01   1.274351221999468e-01  -5.010000000000000e-02
  4.937182256449986e-01   1.274488156335640e-01  -5.010000000000001e-02
  4.937190940240413e-01   1.274626722465929e-01  -5.009999999999999e-02
  4.937199727418637e-01   1.274766938342030e-01  -5.010000000000000e-02
  4.937208619119722e-01   1.274908822076012e-01  -5.010000000000000e-02
  4.937217616488812e-01   1.275052391940804e-01  -5.010000000000000e-02
  4.937226720681160e-01   1.275197666370651e-01  -5.010000000000000e-02
  4.937235932862161e-01   1.275344663961547e-01  -5.010000000000000e-02
  4.937245254207364e-01   1.275493403471634e-01  -5.010000000000000e-02
  4.937254685902508e-01   1.275643903821576e-01  -5.009999999999999e-02
  4.937264229143537e-01   1.275796184094904e-01  -5.010000000000001e-02
  4.937273885136622e-01   1.275950263538324e-01  -5.010000000000001e-02
  4.937283655098176e-01   1.276106161562001e-01  -5.010000000000000e-02
  4.937293540254873e-01   1.276263897739797e-01  -5.010000000000000e-02
  4.937303519987978e-01   1.276423493158193e-01  -5.010000000000000e-02
  4.937313330569756e-01   1.276584984070512e-01  -5.010000000000000e-02
  4.937323256460225e-01   1.276748373066584e-01  -5.010000000000000e-02
  4.937333298888532e-01   1.276913680379225e-01  -5.010000000000000e-02
  4.937343459093808e-01   1.277080926405665e-01  -5.010000000000000e-02
  4.937353738325176e-01   1.277250131707571e-01  -5.010000000000000e-02
  4.937364137841747e-01   1.277421317011031e-01  -5.010000000000000e-02
  4.937374658912617e-01   1.277594503206496e-01  -5.010000000000000e-02
  4.937385302816861e-01   1.277769711348673e-01  -5.010000000000000e-02
  4.937396070843523e-01   1.277946962656382e-01  -5.010000000000000e-02
  4.937406964291605e-01   1.278126278512359e-01  -5.010000000000000e-02
  4.937417984470053e-01   1.278307680463019e-01  -5.010000000000000e-02
  4.937429132697740e-01   1.278491190218163e-01  -5.010000000000000e-02
  4.937440410303441e-01   1.278676829650644e-01  -5.010000000000000e-02
  4.937451818625817e-01   1.278864620795977e-01  -5.010000000000000e-02
  4.937463359013379e-01   1.279054585851895e-01  -5.010000000000000e-02
  4.937476804861489e-01   1.279246623572118e-01  -5.010000000000000e-02
  4.937492096687522e-01   1.279440760721828e-01  -5.010000000000000e-02
  4.937507564849482e-01   1.279637136541667e-01  -5.010000000000000e-02
  4.937523211144270e-01   1.279835773844187e-01  -5.010000000000001e-02
  4.937539037381312e-01   1.280036695600919e-01  -5.010000000000000e-02
  4.937555045382496e-01   1.280239924941595e-01  -5.010000000000000e-02
  4.937571236982102e-01   1.280445485153298e-01  -5.010000000000000e-02
  4.937587614026732e-01   1.280653399679556e-01  -5.010000000000000e-02
  4.937604178375237e-01   1.280863692119366e-01  -5.009999999999999e-02
  4.937620931898631e-01   1.281076386226156e-01  -5.010000000000000e-02
  4.937637876480003e-01   1.281291505906676e-01  -5.010000000000000e-02
  4.937655014014430e-01   1.281509075219822e-01  -5.010000000000000e-02
  4.937672346408872e-01   1.281729118375385e-01  -5.010000000000000e-02
  4.937693678780100e-01   1.281951314759341e-01  -5.010000000000000e-02
  4.937716736429572e-01   1.282175895383448e-01  -5.010000000000000e-02
  4.937740055054584e-01   1.282403017899349e-01  -5.010000000000001e-02
  4.937763637195820e-01   1.282632707053189e-01  -5.010000000000000e-02
  4.937787485408668e-01   1.282864987734340e-01  -5.010000000000000e-02
  4.937811602263041e-01   1.283099884973690e-01  -5.010000000000000e-02
  4.937835990343206e-01   1.283337423941865e-01  -5.010000000000000e-02
  4.937860652247577e-01   1.283577629947351e-01  -5.010000000000000e-02
  4.937885590588528e-01   1.283820528434543e-01  -5.010000000000000e-02
  4.937910807992171e-01   1.284066144981698e-01  -5.010000000000000e-02
  4.937936307098149e-01   1.284314505298812e-01  -5.010000000000000e-02
  4.937968110029739e-01   1.284564936526332e-01  -5.010000000000000e-02
  4.938000896937276e-01   1.284818082432270e-01  -5.010000000000000e-02
  4.938034048179057e-01   1.285074041342838e-01  -5.010000000000000e-02
  4.938067567139814e-01   1.285332839391334e-01  -5.010000000000000e-02
  4.938101457219726e-01   1.285594502830374e-01  -5.010000000000000e-02
  4.938135721834080e-01   1.285859058029204e-01  -5.010000000000000e-02
  4.938170364412908e-01   1.286126531470907e-01  -5.010000000000000e-02
  4.938205388400612e-01   1.286396949749511e-01  -5.010000000000000e-02
  4.938240797255572e-01   1.286670339566989e-01  -5.010000000000000e-02
  4.938280910160534e-01   1.286946108333780e-01  -5.010000000000000e-02
  4.938324766751295e-01   1.287224421291240e-01  -5.010000000000000e-02
  4.938369102423411e-01   1.287505774488406e-01  -5.010000000000000e-02
  4.938413921430745e-01   1.287790194920207e-01  -5.010000000000000e-02
  4.938459228041501e-01   1.288077709672560e-01  -5.010000000000000e-02
  4.938505026537644e-01   1.288368345918737e-01  -5.010000000000000e-02
  4.938551321214317e-01   1.288662130915603e-01  -5.010000000000001e-02
  4.938598116379222e-01   1.288959091999751e-01  -5.010000000000000e-02
  4.938648484318469e-01   1.289258729482132e-01  -5.010000000000000e-02
  4.938704679283349e-01   1.289560684292241e-01  -5.010000000000000e-02
  4.938761477794477e-01   1.289865882163227e-01  -5.009999999999999e-02
  4.938818884966592e-01   1.290174350578357e-01  -5.010000000000000e-02
  4.938876905925287e-01   1.290486117079186e-01  -5.010000000000000e-02
  4.938935545806147e-01   1.290801209260976e-01  -5.010000000000000e-02
  4.938994809753877e-01   1.291119654767990e-01  -5.010000000000000e-02
  4.939055349301595e-01   1.291441351756943e-01  -5.010000000000000e-02
  4.939124814235846e-01   1.291764796006424e-01  -5.010000000000000e-02
  4.939195013150945e-01   1.292091657834681e-01  -5.010000000000000e-02
  4.939265951982509e-01   1.292421964879263e-01  -5.010000000000000e-02
  4.939337636671172e-01   1.292755744801091e-01  -5.010000000000000e-02
  4.939410073161414e-01   1.293093025278992e-01  -5.010000000000000e-02
  4.939483267400356e-01   1.293433834004092e-01  -5.010000000000000e-02
  4.939561984991320e-01   1.293777108547861e-01  -5.009999999999999e-02
  4.939646146999793e-01   1.294122896049861e-01  -5.010000000000000e-02
  4.939731182521093e-01   1.294472272461201e-01  -5.010000000000000e-02
  4.939817098250848e-01   1.294825265291503e-01  -5.010000000000000e-02
  4.939903900880386e-01   1.295181902032703e-01  -5.010000000000001e-02
  4.939991597095166e-01   1.295542210152648e-01  -5.010000000000000e-02
  4.940085552643089e-01   1.295904836149613e-01  -5.010000000000000e-02
  4.940184911668818e-01   1.296270029680963e-01  -5.010000000000000e-02
  4.940285284884358e-01   1.296638950861173e-01  -5.010000000000000e-02
  4.940386679667233e-01   1.297011626806282e-01  -5.009999999999999e-02
  4.940489103379226e-01   1.297388084574488e-01  -5.010000000000000e-02
  4.940593502158997e-01   1.297768082418129e-01  -5.010000000000000e-02
  4.940708080451424e-01   1.298149300737472e-01  -5.010000000000001e-02
  4.940823810956516e-01   1.298534352632672e-01  -5.010000000000000e-02
  4.940940701654790e-01   1.298923264656049e-01  -5.010000000000000e-02
  4.941058760498313e-01   1.299316063265260e-01  -5.010000000000001e-02
  4.941178703154984e-01   1.299712552092721e-01  -5.010000000000000e-02
  4.941309427427640e-01   1.300109959791947e-01  -5.010000000000000e-02
  4.941441445501552e-01   1.300511300705481e-01  -5.010000000000000e-02
  4.941574765859563e-01   1.300916600621561e-01  -5.009999999999999e-02
  4.941709396940294e-01   1.301325885193968e-01  -5.010000000000000e-02
  4.941849675945101e-01   1.301737694843003e-01  -5.010000000000000e-02
  4.941997504559987e-01   1.302151405375646e-01  -5.009999999999999e-02
  4.942146771583202e-01   1.302569141412262e-01  -5.010000000000000e-02
  4.942297485880685e-01   1.302990927764902e-01  -5.010000000000000e-02
  4.942450467858154e-01   1.303416487647764e-01  -5.010000000000000e-02
  4.942614732325378e-01   1.303842500748786e-01  -5.010000000000000e-02
  4.942780572214923e-01   1.304272599642435e-01  -5.010000000000000e-02
  4.942947996714349e-01   1.304706808156265e-01  -5.010000000000000e-02
  4.943117227980493e-01   1.305145064761695e-01  -5.010000000000000e-02
  4.943298573357358e-01   1.305583277240495e-01  -5.010000000000000e-02
  4.943481631701803e-01   1.306025629023987e-01  -5.010000000000000e-02
  4.943666412406528e-01   1.306472142809182e-01  -5.010000000000000e-02
  4.943855167059139e-01   1.306921881635016e-01  -5.010000000000000e-02
  4.944054216317521e-01   1.307372167208172e-01  -5.010000000000001e-02
  4.944255115832890e-01   1.307826638398669e-01  -5.010000000000000e-02
  4.944457875073466e-01   1.308285316625346e-01  -5.010000000000000e-02
  4.944669141234007e-01   1.308745195586041e-01  -5.010000000000000e-02
  4.944886502917719e-01   1.309207400119617e-01  -5.010000000000000e-02
  4.945105851159858e-01   1.309673828931801e-01  -5.009999999999999e-02
  4.945329534137098e-01   1.310143369259605e-01  -5.010000000000000e-02
  4.945563705262455e-01   1.310613064922839e-01  -5.010000000000000e-02
  4.945799988282882e-01   1.311086996582097e-01  -5.009999999999999e-02
  4.946038392557174e-01   1.311565183009056e-01  -5.010000000000000e-02
  4.946289590895748e-01   1.312042176212003e-01  -5.009999999999999e-02
  4.946543106123880e-01   1.312523369683829e-01  -5.009999999999999e-02
  4.946798865568683e-01   1.313008822869833e-01  -5.010000000000000e-02
  4.947066801049486e-01   1.313493184504473e-01  -5.010000000000000e-02
  4.947337902084472e-01   1.313981350813157e-01  -5.009999999999999e-02
  4.947611368164819e-01   1.314473775812566e-01  -5.010000000000000e-02
  4.947897803906780e-01   1.314964440764035e-01  -5.010000000000000e-02
  4.948186738913722e-01   1.315459328701154e-01  -5.010000000000000e-02
  4.948480251583405e-01   1.315957215624662e-01  -5.010000000000000e-02
  4.948784716592851e-01   1.316454308167496e-01  -5.010000000000000e-02
  4.949091770192934e-01   1.316955627038685e-01  -5.010000000000000e-02
  4.949406816056615e-01   1.317457803353700e-01  -5.009999999999999e-02
  4.949729548676878e-01   1.317961046125882e-01  -5.010000000000000e-02
  4.950054980785786e-01   1.318468498259201e-01  -5.010000000000000e-02
  4.950392853203345e-01   1.318973788926130e-01  -5.010000000000000e-02
  4.950734104589198e-01   1.319482875492274e-01  -5.010000000000000e-02
  4.951082892374378e-01   1.319992909306476e-01  -5.010000000000000e-02
  4.951439957880106e-01   1.320503397149775e-01  -5.010000000000000e-02
  4.951800720810428e-01   1.321017465972620e-01  -5.010000000000000e-02
  4.952173618496101e-01   1.321529104231255e-01  -5.010000000000000e-02
  4.952549510493271e-01   1.322044850867011e-01  -5.010000000000000e-02
  4.952936065554433e-01   1.322559015143429e-01  -5.010000000000001e-02
  4.953327917360372e-01   1.323075598128508e-01  -5.010000000000001e-02
  4.953728123374040e-01   1.323592179754816e-01  -5.010000000000000e-02
  4.954135844936684e-01   1.324109417710379e-01  -5.010000000000000e-02
  4.954550436220675e-01   1.324627708926084e-01  -5.010000000000000e-02
  4.954974068229227e-01   1.325145316985203e-01  -5.009999999999999e-02
  4.955403711768189e-01   1.325664597914970e-01  -5.010000000000000e-02
  4.955843217179775e-01   1.326182347863955e-01  -5.009999999999999e-02
  4.956288448245627e-01   1.326701945944966e-01  -5.010000000000000e-02
  4.956743753133323e-01   1.327219638665382e-01  -5.010000000000000e-02
  4.957205033482161e-01   1.327738890319264e-01  -5.010000000000000e-02
  4.957676147809139e-01   1.328256249315774e-01  -5.010000000000000e-02
  4.958153902665013e-01   1.328774474851946e-01  -5.010000000000000e-02
  4.958640735651468e-01   1.329291308601468e-01  -5.010000000000000e-02
  4.959135250935509e-01   1.329807910821572e-01  -5.010000000000000e-02
  4.959637706212123e-01   1.330324031657274e-01  -5.010000000000000e-02
  4.960149237347666e-01   1.330838404566054e-01  -5.010000000000000e-02
  4.960667265575571e-01   1.331353575402695e-01  -5.010000000000000e-02
  4.961196026758632e-01   1.331865117810782e-01  -5.010000000000000e-02
  4.961730504927790e-01   1.332378116614364e-01  -5.010000000000000e-02
  4.962275720981751e-01   1.332887233755350e-01  -5.010000000000001e-02
  4.962827812318619e-01   1.333396427085970e-01  -5.010000000000000e-02
  4.963388220717952e-01   1.333904116423367e-01  -5.009999999999999e-02
  4.963957941709797e-01   1.334409020904991e-01  -5.010000000000000e-02
  4.964534140858475e-01   1.334914279788419e-01  -5.010000000000000e-02
  4.965120890135571e-01   1.335415106025569e-01  -5.010000000000000e-02
  4.965714842356269e-01   1.335915229947043e-01  -5.009999999999999e-02
  4.966316452100834e-01   1.336414090449219e-01  -5.010000000000000e-02
  4.966928097140750e-01   1.336908625135891e-01  -5.010000000000000e-02
  4.967546620791660e-01   1.337402595818446e-01  -5.010000000000000e-02
  4.968173609723566e-01   1.337893950941528e-01  -5.010000000000000e-02
  4.968809707075987e-01   1.338381668951960e-01  -5.010000000000000e-02
  4.969452879848079e-01   1.338868288510153e-01  -5.010000000000000e-02
  4.970104593850078e-01   1.339351777159167e-01  -5.010000000000000e-02
  4.970765130547663e-01   1.339831548937809e-01  -5.010000000000000e-02
  4.971432853818049e-01   1.340309734207724e-01  -5.010000000000001e-02
  4.972108687929712e-01   1.340784946209200e-01  -5.010000000000000e-02
  4.972793460637875e-01   1.341255796700939e-01  -5.010000000000000e-02
  4.973485419000987e-01   1.341724678118100e-01  -5.010000000000000e-02
  4.974184634600122e-01   1.342191406521415e-01  -5.010000000000000e-02
  4.974893243310414e-01   1.342652567959870e-01  -5.010000000000000e-02
  4.975609000907436e-01   1.343111393079667e-01  -5.010000000000000e-02
  4.976331932136076e-01   1.343567747248609e-01  -5.010000000000000e-02
  4.977062882852235e-01   1.344020140190356e-01  -5.010000000000000e-02
  4.977801886800321e-01   1.344468295903324e-01  -5.010000000000000e-02
  4.978547915828231e-01   1.344913743094999e-01  -5.010000000000001e-02
  4.979300974365728e-01   1.345356353986039e-01  -5.010000000000000e-02
  4.980062038150400e-01   1.345794280382250e-01  -5.010000000000000e-02
  4.980830460864879e-01   1.346228418861060e-01  -5.010000000000000e-02
  4.981605684631630e-01   1.346659597008510e-01  -5.010000000000001e-02
  4.982387686174177e-01   1.347087715811070e-01  -5.010000000000000e-02
  4.983177264470647e-01   1.347511119477412e-01  -5.010000000000000e-02
  4.983973874177451e-01   1.347930592212427e-01  -5.010000000000000e-02
  4.984776999766467e-01   1.348346936333691e-01  -5.010000000000000e-02
  4.985586599569979e-01   1.348760075082833e-01  -5.010000000000000e-02
  4.986402992476149e-01   1.349169198202098e-01  -5.010000000000000e-02
  4.987226346410433e-01   1.349573733749630e-01  -5.010000000000000e-02
  4.988055911005710e-01   1.349974997836779e-01  -5.010000000000000e-02
  4.988891602702584e-01   1.350372991489709e-01  -5.009999999999999e-02
  4.989733325794148e-01   1.350767737268362e-01  -5.010000000000000e-02
  4.990581763392004e-01   1.351157547252649e-01  -5.010000000000001e-02
  4.991436131887335e-01   1.351543883157594e-01  -5.010000000000000e-02
  4.992296239990185e-01   1.351926974863534e-01  -5.010000000000000e-02
  4.993162016384138e-01   1.352306792061621e-01  -5.010000000000001e-02
  4.994033503011269e-01   1.352683035179714e-01  -5.010000000000000e-02
  4.994911037107874e-01   1.353054672914966e-01  -5.010000000000000e-02
  4.995793898962831e-01   1.353423163891072e-01  -5.010000000000000e-02
  4.996682004907266e-01   1.353788505776253e-01  -5.010000000000000e-02
  4.997575266265977e-01   1.354150706861679e-01  -5.010000000000000e-02
  4.998473827915948e-01   1.354509181918867e-01  -5.009999999999999e-02
  4.999377717967178e-01   1.354863600578610e-01  -5.010000000000000e-02
  5.000286426197951e-01   1.355215022610468e-01  -5.010000000000000e-02
  5.001199853530254e-01   1.355563484647802e-01  -5.010000000000000e-02
  5.002117910296154e-01   1.355908997763434e-01  -5.010000000000000e-02
  5.003040860654985e-01   1.356250608746638e-01  -5.010000000000000e-02
  5.003968413140030e-01   1.356588834054420e-01  -5.009999999999999e-02
  5.004900262208689e-01   1.356924265865823e-01  -5.010000000000000e-02
  5.005836326328341e-01   1.357256892953427e-01  -5.010000000000000e-02
  5.006776528823451e-01   1.357586689339898e-01  -5.010000000000000e-02
  5.007721121219815e-01   1.357912662932951e-01  -5.010000000000000e-02
  5.008669671091796e-01   1.358235784516634e-01  -5.010000000000000e-02
  5.009622016220898e-01   1.358556275182525e-01  -5.010000000000000e-02
  5.010578053221804e-01   1.358874186307417e-01  -5.010000000000000e-02
  5.011537782530248e-01   1.359189250143425e-01  -5.010000000000000e-02
  5.012501321704469e-01   1.359500814001644e-01  -5.009999999999999e-02
  5.013468243498871e-01   1.359809909326794e-01  -5.010000000000000e-02
  5.014438446482552e-01   1.360116582893196e-01  -5.009999999999999e-02
  5.015411829347986e-01   1.360420880191568e-01  -5.010000000000000e-02
  5.016388576875401e-01   1.360721911337262e-01  -5.010000000000000e-02
  5.017368385690365e-01   1.361020350069594e-01  -5.010000000000000e-02
  5.018351065506107e-01   1.361316529432994e-01  -5.010000000000000e-02
  5.019336524677237e-01   1.361610463031622e-01  -5.010000000000000e-02
  5.020324828631974e-01   1.361901626929068e-01  -5.010000000000000e-02
  5.021315898169843e-01   1.362189965091359e-01  -5.010000000000001e-02
  5.022309443377746e-01   1.362476158146940e-01  -5.010000000000000e-02
  5.023305375652610e-01   1.362760207381730e-01  -5.010000000000001e-02
  5.024303686472358e-01   1.363041826874371e-01  -5.010000000000000e-02
  5.025304416255603e-01   1.363320534245679e-01  -5.010000000000000e-02
  5.026307226242717e-01   1.363597210159628e-01  -5.010000000000000e-02
  5.027312026597012e-01   1.363871858293885e-01  -5.010000000000001e-02
  5.028318795333756e-01   1.364144228798953e-01  -5.009999999999999e-02
  5.029327598598671e-01   1.364413723385431e-01  -5.010000000000000e-02
  5.030338105810221e-01   1.364681227244697e-01  -5.010000000000000e-02
  5.031350224061139e-01   1.364946753716423e-01  -5.010000000000000e-02
  5.032363959873977e-01   1.365209929452342e-01  -5.010000000000000e-02
  5.033379310406750e-01   1.365470396077190e-01  -5.010000000000000e-02
  5.034395979733940e-01   1.365728943032468e-01  -5.010000000000000e-02
  5.035413875530178e-01   1.365985580916828e-01  -5.010000000000000e-02
  5.036433079252409e-01   1.366239617772055e-01  -5.010000000000000e-02
  5.037453453472708e-01   1.366491219886472e-01  -5.010000000000000e-02
  5.038474771231494e-01   1.366740935289392e-01  -5.009999999999999e-02
  5.039496936450265e-01   1.366988790082454e-01  -5.010000000000000e-02
  5.040520172215562e-01   1.367233469103470e-01  -5.010000000000000e-02
  5.041544077407861e-01   1.367476248575697e-01  -5.010000000000000e-02
  5.042568556263291e-01   1.367717154796442e-01  -5.010000000000000e-02
  5.043593666269828e-01   1.367955552472381e-01  -5.010000000000000e-02
  5.044619333417436e-01   1.368191348336140e-01  -5.010000000000000e-02
  5.045645307475832e-01   1.368425230491316e-01  -5.010000000000001e-02
  5.046671526867029e-01   1.368657077457740e-01  -5.010000000000000e-02
  5.047698149711903e-01   1.368885767107155e-01  -5.010000000000001e-02
  5.048724804151159e-01   1.369112545120014e-01  -5.009999999999999e-02
  5.049751400677058e-01   1.369337418122622e-01  -5.010000000000000e-02
  5.050778102604492e-01   1.369559215560452e-01  -5.010000000000000e-02
  5.051804640962065e-01   1.369778743699934e-01  -5.010000000000000e-02
  5.052830860446241e-01   1.369996316334380e-01  -5.010000000000000e-02
  5.053856862338707e-01   1.370211027596223e-01  -5.010000000000000e-02
  5.054882495937246e-01   1.370423148048440e-01  -5.010000000000000e-02
  5.055907541707572e-01   1.370633312100362e-01  -5.010000000000000e-02
  5.056932071011623e-01   1.370840739174225e-01  -5.010000000000000e-02
  5.057956015923458e-01   1.371045303888388e-01  -5.010000000000000e-02
  5.058979114316192e-01   1.371247878004530e-01  -5.009999999999999e-02
  5.060001433559247e-01   1.371447681329076e-01  -5.010000000000000e-02
  5.061022925069079e-01   1.371644489560859e-01  -5.010000000000000e-02
  5.062043312417497e-01   1.371839287205841e-01  -5.010000000000000e-02
  5.063062684414817e-01   1.372031158940442e-01  -5.009999999999999e-02
  5.064080958693079e-01   1.372220057616774e-01  -5.010000000000000e-02
  5.065097876087271e-01   1.372406924471739e-01  -5.010000000000000e-02
  5.066113580201140e-01   1.372590512811923e-01  -5.010000000000000e-02
  5.067127892626526e-01   1.372771311533922e-01  -5.010000000000000e-02
  5.068140595848936e-01   1.372950085326561e-01  -5.010000000000000e-02
  5.069151914968665e-01   1.373125070863764e-01  -5.009999999999999e-02
  5.070161526973294e-01   1.373297622624248e-01  -5.009999999999999e-02
  5.071169299829029e-01   1.373468061335325e-01  -5.010000000000000e-02
  5.072175503975061e-01   1.373634269253498e-01  -5.010000000000000e-02
  5.073179689647961e-01   1.373798447661416e-01  -5.010000000000000e-02
  5.074181913253100e-01   1.373959787630834e-01  -5.010000000000000e-02
  5.075182222033113e-01   1.374117460272761e-01  -5.010000000000000e-02
  5.076180277173948e-01   1.374273116792431e-01  -5.010000000000000e-02
  5.077176276279095e-01   1.374424985057473e-01  -5.009999999999999e-02
  5.078169975100473e-01   1.374574116198352e-01  -5.010000000000000e-02
  5.079161231378909e-01   1.374720984839174e-01  -5.010000000000000e-02
  5.080150283740109e-01   1.374863419485817e-01  -5.010000000000000e-02
  5.081136695942088e-01   1.375003898339032e-01  -5.010000000000000e-02
  5.082120627258784e-01   1.375140801514458e-01  -5.010000000000000e-02
  5.083101937796406e-01   1.375274553529755e-01  -5.010000000000000e-02
  5.084080419160051e-01   1.375406191809611e-01  -5.010000000000000e-02
  5.085056341375118e-01   1.375533117488046e-01  -5.010000000000000e-02
  5.086029255726976e-01   1.375658194893750e-01  -5.010000000000000e-02
  5.086999350807322e-01   1.375779434740527e-01  -5.010000000000000e-02
  5.087966444089546e-01   1.375897680107169e-01  -5.010000000000001e-02
  5.088930412442891e-01   1.376013433129072e-01  -5.010000000000000e-02
  5.089891409004529e-01   1.376124787756784e-01  -5.010000000000000e-02
  5.090849052032264e-01   1.376234462995199e-01  -5.010000000000000e-02
  5.091803616090638e-01   1.376339463324057e-01  -5.010000000000001e-02
  5.092754748372124e-01   1.376442333976051e-01  -5.010000000000000e-02
  5.093702543347457e-01   1.376541669417386e-01  -5.010000000000001e-02
  5.094646907688583e-01   1.376637678588086e-01  -5.010000000000001e-02
  5.095587694279212e-01   1.376731269386189e-01  -5.010000000000000e-02
  5.096525030540325e-01   1.376820462318416e-01  -5.010000000000000e-02
  5.097458570397097e-01   1.376908290177778e-01  -5.010000000000000e-02
  5.098388624167428e-01   1.376990741166840e-01  -5.010000000000000e-02
  5.099314766728682e-01   1.377071859917508e-01  -5.010000000000000e-02
  5.100237219330821e-01   1.377148499305241e-01  -5.009999999999999e-02
  5.101155726711669e-01   1.377222953098064e-01  -5.010000000000000e-02
  5.102070362182505e-01   1.377293724291016e-01  -5.010000000000000e-02
  5.102981003282915e-01   1.377361585341589e-01  -5.010000000000000e-02
  5.103887605107624e-01   1.377426540532862e-01  -5.010000000000000e-02
  5.104790155698820e-01   1.377487911716915e-01  -5.010000000000001e-02
  5.105688522644588e-01   1.377547009261072e-01  -5.010000000000000e-02
  5.106582769668719e-01   1.377601974624002e-01  -5.010000000000000e-02
  5.107472705066527e-01   1.377655220846481e-01  -5.010000000000000e-02
  5.108358442625031e-01   1.377703904631992e-01  -5.010000000000000e-02
  5.109239757377619e-01   1.377751318110921e-01  -5.010000000000000e-02
  5.110116789180101e-01   1.377793856199892e-01  -5.010000000000000e-02
  5.110989302479668e-01   1.377835457666524e-01  -5.010000000000000e-02
  5.111857442117264e-01   1.377871997891055e-01  -5.010000000000000e-02
  5.112720981285558e-01   1.377907813573086e-01  -5.009999999999999e-02
  5.113580054009426e-01   1.377938472808875e-01  -5.010000000000000e-02
  5.114434456227909e-01   1.377968486590361e-01  -5.010000000000000e-02
  5.115284293175418e-01   1.377993523902370e-01  -5.010000000000000e-02
  5.116129398689991e-01   1.378017872328535e-01  -5.010000000000000e-02
  5.116969846962207e-01   1.378037393465844e-01  -5.010000000000000e-02
  5.117805510640703e-01   1.378056018454578e-01  -5.010000000000000e-02
  5.118636424601121e-01   1.378070289108181e-01  -5.010000000000000e-02
  5.119462504499218e-01   1.378083334980923e-01  -5.010000000000000e-02
  5.120283751418034e-01   1.378092573450467e-01  -5.010000000000000e-02
  5.121100116686188e-01   1.378100088463579e-01  -5.009999999999999e-02
  5.121911575695759e-01   1.378104485862016e-01  -5.010000000000000e-02
  5.122718103772368e-01   1.378106477861287e-01  -5.010000000000000e-02
  5.123519665468408e-01   1.378106269001370e-01  -5.009999999999999e-02
  5.124316241415821e-01   1.378102842966501e-01  -5.009999999999999e-02
  5.125107808382119e-01   1.378098297741155e-01  -5.010000000000000e-02
  5.125894326308781e-01   1.378089561154967e-01  -5.010000000000000e-02
  5.126675812540861e-01   1.378080880460490e-01  -5.010000000000000e-02
  5.127452175783275e-01   1.378066972468184e-01  -5.010000000000000e-02
  5.128223478992815e-01   1.378053080278178e-01  -5.010000000000001e-02
  5.128989629102976e-01   1.378035467667611e-01  -5.010000000000000e-02
  5.129750665912558e-01   1.378016522135524e-01  -5.010000000000000e-02
  5.130506545832043e-01   1.377995437356472e-01  -5.010000000000000e-02
  5.131257236849590e-01   1.377971421750812e-01  -5.010000000000000e-02
  5.132002802934942e-01   1.377947133335720e-01  -5.010000000000000e-02
  5.132743083049695e-01   1.377918250731710e-01  -5.010000000000000e-02
  5.133478240707318e-01   1.377889567984346e-01  -5.010000000000000e-02
  5.134208116561887e-01   1.377857475735961e-01  -5.009999999999999e-02
  5.134932795444169e-01   1.377824082295601e-01  -5.010000000000000e-02
  5.135652267806272e-01   1.377789496750066e-01  -5.010000000000000e-02
  5.136366416657276e-01   1.377751427210270e-01  -5.010000000000000e-02
  5.137075426512315e-01   1.377713631617862e-01  -5.010000000000000e-02
  5.137779066577521e-01   1.377672076865028e-01  -5.010000000000000e-02
  5.138477511739341e-01   1.377629846588127e-01  -5.010000000000000e-02
  5.139170728461424e-01   1.377586523025938e-01  -5.010000000000000e-02
  5.139858581461294e-01   1.377539976875692e-01  -5.010000000000000e-02
  5.140541301389309e-01   1.377493778073983e-01  -5.010000000000000e-02
  5.141218641801809e-01   1.377444432763507e-01  -5.010000000000000e-02
  5.141890756026094e-01   1.377394041336627e-01  -5.010000000000000e-02
  5.142557719215160e-01   1.377343637664282e-01  -5.010000000000000e-02
  5.143219224181441e-01   1.377289248920735e-01  -5.010000000000000e-02
  5.143875622941174e-01   1.377235280007987e-01  -5.009999999999999e-02
  5.144526758892605e-01   1.377179832149926e-01  -5.009999999999999e-02
  5.145172557250057e-01   1.377121950375569e-01  -5.010000000000000e-02
  5.145813274251234e-01   1.377064524034266e-01  -5.010000000000000e-02
  5.146448640484533e-01   1.377004571550954e-01  -5.010000000000000e-02
  5.147078796672572e-01   1.376943501342524e-01  -5.010000000000000e-02
  5.147703902742832e-01   1.376882920555210e-01  -5.010000000000000e-02
  5.148323589734829e-01   1.376819054633889e-01  -5.010000000000000e-02
  5.148938178491500e-01   1.376754980708587e-01  -5.010000000000001e-02
  5.149547754467203e-01   1.376691429390558e-01  -5.010000000000000e-02
  5.150151877736240e-01   1.376624207699027e-01  -5.009999999999999e-02
  5.150750996837236e-01   1.376557349431474e-01  -5.009999999999999e-02
  5.151345146089843e-01   1.376491044878832e-01  -5.010000000000000e-02
  5.151933844880456e-01   1.376421000455362e-01  -5.009999999999999e-02
  5.152517607025320e-01   1.376351543402736e-01  -5.009999999999999e-02
  5.153096447810451e-01   1.376282671902197e-01  -5.010000000000000e-02
  5.153669889042948e-01   1.376210357029357e-01  -5.010000000000000e-02
  5.154238427338822e-01   1.376138511955298e-01  -5.010000000000000e-02
  5.154802097617953e-01   1.376067282043008e-01  -5.010000000000000e-02
  5.155360474929904e-01   1.375993263945122e-01  -5.010000000000000e-02
  5.155913942072068e-01   1.375919262332644e-01  -5.010000000000000e-02
  5.156462599098159e-01   1.375845903859240e-01  -5.010000000000000e-02
  5.157006122695647e-01   1.375770696708986e-01  -5.010000000000000e-02
  5.157544679807673e-01   1.375694714044458e-01  -5.010000000000000e-02
  5.158078488955609e-01   1.375619401249390e-01  -5.010000000000000e-02
  5.158607393957858e-01   1.375543538321110e-01  -5.010000000000000e-02
  5.159131226830189e-01   1.375465820850391e-01  -5.010000000000000e-02
  5.159650377689997e-01   1.375388798017581e-01  -5.010000000000000e-02
  5.160164867665665e-01   1.375312466688008e-01  -5.010000000000000e-02
  5.160674210652191e-01   1.375233485270188e-01  -5.009999999999999e-02
  5.161178890153351e-01   1.375154886710950e-01  -5.010000000000000e-02
  5.161678979353584e-01   1.375077003043120e-01  -5.010000000000000e-02
  5.162174290031082e-01   1.374998508351214e-01  -5.010000000000000e-02
  5.162664715185860e-01   1.374918584350880e-01  -5.010000000000000e-02
  5.163150623592214e-01   1.374839396439629e-01  -5.010000000000001e-02
  5.163632038662469e-01   1.374760940801983e-01  -5.010000000000000e-02
  5.164108576552655e-01   1.374680767305225e-01  -5.010000000000000e-02
  5.164580520360200e-01   1.374600427400135e-01  -5.010000000000000e-02
  5.165048047955830e-01   1.374520839275322e-01  -5.010000000000000e-02
  5.165511183810438e-01   1.374441998765058e-01  -5.010000000000000e-02
  5.165969427816646e-01   1.374360882671654e-01  -5.010000000000000e-02
  5.166423301128656e-01   1.374280341105199e-01  -5.010000000000000e-02
  5.166872862799185e-01   1.374200564656124e-01  -5.010000000000000e-02
  5.167318135285317e-01   1.374121532794841e-01  -5.010000000000000e-02
  5.167758596615049e-01   1.374040216475753e-01  -5.010000000000001e-02
  5.168194828297303e-01   1.373959681018321e-01  -5.010000000000000e-02
  5.168626856242712e-01   1.373879921639023e-01  -5.009999999999999e-02
  5.169054706537340e-01   1.373800933521946e-01  -5.010000000000000e-02
  5.169477904293333e-01   1.373720048922721e-01  -5.010000000000001e-02
  5.169896932595051e-01   1.373639689591006e-01  -5.010000000000000e-02
  5.170311867794237e-01   1.373560115215780e-01  -5.009999999999999e-02
  5.170722736552630e-01   1.373481320683975e-01  -5.010000000000000e-02
  5.171129225017868e-01   1.373401556399288e-01  -5.010000000000000e-02
  5.171531511474514e-01   1.373321592377814e-01  -5.009999999999999e-02
  5.171929817466856e-01   1.373242419568492e-01  -5.010000000000000e-02
  5.172324170091618e-01   1.373164032585203e-01  -5.009999999999999e-02
  5.172714506200183e-01   1.373085979428549e-01  -5.010000000000000e-02
  5.173100505242045e-01   1.373006535212544e-01  -5.010000000000000e-02
  5.173482638050387e-01   1.372927886723620e-01  -5.010000000000000e-02
  5.173860932025259e-01   1.372850028322449e-01  -5.010000000000000e-02
  5.174235414632756e-01   1.372772954356108e-01  -5.010000000000001e-02
  5.174605864639836e-01   1.372695470492894e-01  -5.010000000000000e-02
  5.174972298014594e-01   1.372617515588184e-01  -5.010000000000000e-02
  5.175335007917405e-01   1.372540352813560e-01  -5.010000000000000e-02
  5.175694021968378e-01   1.372463976293130e-01  -5.010000000000000e-02
  5.176049367818457e-01   1.372388380144443e-01  -5.010000000000000e-02
  5.176400795563869e-01   1.372312274439871e-01  -5.010000000000000e-02
  5.176748393940189e-01   1.372235935662114e-01  -5.010000000000000e-02
  5.177092412277382e-01   1.372160383124542e-01  -5.010000000000000e-02
  5.177432878245957e-01   1.372085610750219e-01  -5.010000000000000e-02
  5.177769819515743e-01   1.372011612462357e-01  -5.010000000000000e-02
  5.178103092487538e-01   1.371937614235080e-01  -5.010000000000000e-02
  5.178432591397546e-01   1.371863011756382e-01  -5.010000000000000e-02
  5.178758653520352e-01   1.371789187407251e-01  -5.010000000000000e-02
  5.179081306425885e-01   1.371716134945527e-01  -5.010000000000000e-02
  5.179400577655435e-01   1.371643848135532e-01  -5.010000000000000e-02
  5.179716494716464e-01   1.371572320749250e-01  -5.010000000000000e-02
  5.180028697546832e-01   1.371499859902612e-01  -5.010000000000000e-02
  5.180337536433497e-01   1.371427864591859e-01  -5.010000000000000e-02
  5.180643108204830e-01   1.371356630898227e-01  -5.010000000000000e-02
  5.180945440143756e-01   1.371286152461627e-01  -5.010000000000000e-02
  5.181244559475465e-01   1.371216422935430e-01  -5.010000000000000e-02
  5.181540493362987e-01   1.371147435987496e-01  -5.010000000000000e-02
  5.181832839383609e-01   1.371077368612294e-01  -5.010000000000000e-02
  5.182122053784772e-01   1.371008029938877e-01  -5.010000000000000e-02
  5.182408168422318e-01   1.370939434428651e-01  -5.010000000000000e-02
  5.182691210129059e-01   1.370871575648494e-01  -5.010000000000001e-02
  5.182971205655514e-01   1.370804447185011e-01  -5.010000000000000e-02
  5.183248181666209e-01   1.370738042645429e-01  -5.010000000000000e-02
  5.183521869940740e-01   1.370671142461798e-01  -5.010000000000000e-02
  5.183792483328262e-01   1.370604507258278e-01  -5.010000000000000e-02
  5.184060161016669e-01   1.370538594934398e-01  -5.010000000000000e-02
  5.184324929252689e-01   1.370473399027224e-01  -5.010000000000000e-02
  5.184586814180394e-01   1.370408913099102e-01  -5.010000000000000e-02
  5.184845841838163e-01   1.370345130738404e-01  -5.010000000000001e-02
  5.185102038155748e-01   1.370282045560248e-01  -5.010000000000000e-02
  5.185355050053232e-01   1.370218132313489e-01  -5.010000000000000e-02
  5.185605282121735e-01   1.370154903517647e-01  -5.010000000000000e-02
  5.185852764123965e-01   1.370092369610274e-01  -5.010000000000000e-02
  5.186097521489328e-01   1.370030524165851e-01  -5.010000000000000e-02
  5.186339579525607e-01   1.369969360789593e-01  -5.010000000000001e-02
  5.186578963416613e-01   1.369908873118038e-01  -5.010000000000000e-02
  5.186815698219934e-01   1.369849054819618e-01  -5.010000000000000e-02
  5.187049561523173e-01   1.369788932764758e-01  -5.010000000000000e-02
  5.187280722972283e-01   1.369729066878807e-01  -5.010000000000000e-02
  5.187509313618516e-01   1.369669866775981e-01  -5.009999999999999e-02
  5.187735357956705e-01   1.369611326112640e-01  -5.010000000000000e-02
  5.187958880345704e-01   1.369553438580360e-01  -5.010000000000000e-02
  5.188179905006646e-01   1.369496197906384e-01  -5.010000000000000e-02
  5.188398456021285e-01   1.369439597854052e-01  -5.010000000000000e-02
  5.188614557330415e-01   1.369383632223208e-01  -5.010000000000000e-02
  5.188827990239247e-01   1.369327369540215e-01  -5.010000000000000e-02
  5.189038943401381e-01   1.369271433286364e-01  -5.010000000000000e-02
  5.189247521422733e-01   1.369216126823867e-01  -5.010000000000000e-02
  5.189453747630582e-01   1.369161443967273e-01  -5.010000000000000e-02
  5.189657645204689e-01   1.369107378570245e-01  -5.010000000000000e-02
  5.189859237176155e-01   1.369053924525868e-01  -5.010000000000000e-02
  5.190058546426347e-01   1.369001075766926e-01  -5.010000000000000e-02
  5.190255595685888e-01   1.368948826266178e-01  -5.010000000000000e-02
  5.190450407533712e-01   1.368897170036600e-01  -5.010000000000000e-02
  5.190642709089893e-01   1.368845000187471e-01  -5.010000000000000e-02
  5.190832820661014e-01   1.368793421924819e-01  -5.010000000000000e-02
  5.191020764973988e-01   1.368742431650628e-01  -5.010000000000000e-02
  5.191206563959054e-01   1.368692023415107e-01  -5.010000000000000e-02
  5.191390239391202e-01   1.368642191310591e-01  -5.010000000000000e-02
  5.191571812889579e-01   1.368592929471689e-01  -5.010000000000001e-02
  5.191751305916967e-01   1.368544232075439e-01  -5.010000000000001e-02
  5.191928739779298e-01   1.368496093341428e-01  -5.010000000000000e-02
  5.192104135625227e-01   1.368448507531916e-01  -5.010000000000000e-02
  5.192277449480440e-01   1.368401232077549e-01  -5.010000000000000e-02
  5.192448573715290e-01   1.368353792929900e-01  -5.009999999999999e-02
  5.192617725411022e-01   1.368306900610551e-01  -5.009999999999999e-02
  5.192784925052980e-01   1.368260549440544e-01  -5.010000000000000e-02
  5.192950192968071e-01   1.368214733784845e-01  -5.010000000000000e-02
  5.193113549324623e-01   1.368169448052379e-01  -5.010000000000000e-02
  5.193275014132280e-01   1.368124686696062e-01  -5.010000000000000e-02
  5.193434607241954e-01   1.368080444212814e-01  -5.010000000000001e-02
  5.193592348345797e-01   1.368036715143567e-01  -5.010000000000000e-02
  5.193748256977236e-01   1.367993494073254e-01  -5.010000000000000e-02
  5.193902352511026e-01   1.367950775630796e-01  -5.010000000000000e-02
  5.194054599278293e-01   1.367908358594923e-01  -5.010000000000000e-02
  5.194204894873920e-01   1.367865804160724e-01  -5.010000000000000e-02
  5.194353437242686e-01   1.367823746132137e-01  -5.010000000000000e-02
  5.194500245097221e-01   1.367782179210900e-01  -5.010000000000000e-02
  5.194645336992572e-01   1.367741098143369e-01  -5.010000000000000e-02
  5.194788731326474e-01   1.367700497720442e-01  -5.010000000000000e-02
  5.194930446339652e-01   1.367660372777472e-01  -5.010000000000000e-02
  5.195070500116142e-01   1.367620718194174e-01  -5.010000000000000e-02
  5.195208910583666e-01   1.367581528894527e-01  -5.010000000000000e-02
  5.195345695514005e-01   1.367542799846658e-01  -5.010000000000000e-02
  5.195480872523425e-01   1.367504526062729e-01  -5.010000000000000e-02
  5.195614459073110e-01   1.367466702598810e-01  -5.009999999999999e-02
  5.195746472469633e-01   1.367429324554747e-01  -5.010000000000000e-02
  5.195876821886004e-01   1.367392009474617e-01  -5.010000000000000e-02
  5.196005547753372e-01   1.367354834487124e-01  -5.010000000000000e-02
  5.196132753737857e-01   1.367318098429493e-01  -5.010000000000000e-02
  5.196258456507810e-01   1.367281796488039e-01  -5.010000000000000e-02
  5.196382672579885e-01   1.367245923892886e-01  -5.010000000000001e-02
  5.196505418319641e-01   1.367210475917793e-01  -5.010000000000000e-02
  5.196626709942169e-01   1.367175447879974e-01  -5.010000000000000e-02
  5.196746563512722e-01   1.367140835139913e-01  -5.010000000000000e-02
  5.196864994947383e-01   1.367106633101175e-01  -5.010000000000000e-02
  5.196982020013736e-01   1.367072837210209e-01  -5.009999999999999e-02
  5.197097654331562e-01   1.367039442956150e-01  -5.010000000000000e-02
  5.197211913373546e-01   1.367006445870610e-01  -5.010000000000000e-02
  5.197324812466005e-01   1.366973841527474e-01  -5.010000000000000e-02
  5.197436366789628e-01   1.366941625542682e-01  -5.010000000000000e-02
  5.197546591380227e-01   1.366909793574014e-01  -5.010000000000000e-02
  5.197655386156651e-01   1.366877947767817e-01  -5.010000000000000e-02
  5.197762801817797e-01   1.366846206923802e-01  -5.010000000000000e-02
  5.197868934309275e-01   1.366814845250645e-01  -5.010000000000000e-02
  5.197973798069128e-01   1.366783858481968e-01  -5.010000000000000e-02
  5.198077407394732e-01   1.366753242392960e-01  -5.010000000000000e-02
  5.198179776443634e-01   1.366722992800132e-01  -5.009999999999999e-02
  5.198280919234383e-01   1.366693105561063e-01  -5.010000000000000e-02
  5.198380849647373e-01   1.366663576574162e-01  -5.010000000000000e-02
  5.198479581425700e-01   1.366634401778404e-01  -5.010000000000000e-02
  5.198577128176025e-01   1.366605577153083e-01  -5.010000000000000e-02
  5.198673503369440e-01   1.366577098717551e-01  -5.010000000000000e-02
  5.198768720342352e-01   1.366548962530961e-01  -5.010000000000001e-02
  5.198862792297365e-01   1.366521164692002e-01  -5.010000000000000e-02
  5.198955732304176e-01   1.366493701338638e-01  -5.010000000000000e-02
  5.199047553300468e-01   1.366466568647842e-01  -5.010000000000000e-02
  5.199138268092818e-01   1.366439762835328e-01  -5.010000000000000e-02
  5.199227889357604e-01   1.366413280155283e-01  -5.010000000000000e-02
  5.199316429641925e-01   1.366387116900096e-01  -5.010000000000000e-02
  5.199403742794038e-01   1.366360746728322e-01  -5.010000000000000e-02
  5.199489779460693e-01   1.366333962818395e-01  -5.009999999999999e-02
  5.199574776598323e-01   1.366307502522260e-01  -5.010000000000000e-02
  5.199658746193350e-01   1.366281362108444e-01  -5.010000000000000e-02
  5.199741683896627e-01   1.366255488408402e-01  -5.010000000000000e-02
  5.199822840590986e-01   1.366227555713761e-01  -5.010000000000000e-02
  5.199903014566873e-01   1.366199961253387e-01  -5.010000000000000e-02
  5.199982217208630e-01   1.366172701108991e-01  -5.009999999999999e-02
  5.200060459781397e-01   1.366145771403311e-01  -5.010000000000000e-02
  5.200137435743150e-01   1.366118289017383e-01  -5.010000000000000e-02
  5.200212955848387e-01   1.366089695844444e-01  -5.010000000000000e-02
  5.200287559119265e-01   1.366061449800303e-01  -5.010000000000000e-02
  5.200361256235293e-01   1.366033546841520e-01  -5.010000000000000e-02
  5.200434057762705e-01   1.366005982967543e-01  -5.009999999999999e-02
  5.200505543959747e-01   1.365977670277887e-01  -5.010000000000001e-02
  5.200575695811278e-01   1.365948530885882e-01  -5.010000000000000e-02
  5.200644993930502e-01   1.365919746113746e-01  -5.010000000000000e-02
  5.200713448312998e-01   1.365891311809555e-01  -5.010000000000000e-02
  5.200781068847040e-01   1.365863223865959e-01  -5.010000000000000e-02
  5.200847560340891e-01   1.365834777280748e-01  -5.010000000000000e-02
  5.200912590533026e-01   1.365805182138267e-01  -5.009999999999999e-02
  5.200976827517441e-01   1.365775947983425e-01  -5.010000000000000e-02
  5.201040280625680e-01   1.365747070569449e-01  -5.010000000000000e-02
  5.201102959088000e-01   1.365718545695665e-01  -5.010000000000000e-02
  5.201164872034247e-01   1.365690369207091e-01  -5.009999999999999e-02
  5.201225098684005e-01   1.365660588546299e-01  -5.009999999999999e-02
  5.201284469409065e-01   1.365630921002113e-01  -5.009999999999999e-02
  5.201343114109589e-01   1.365601616252302e-01  -5.010000000000000e-02
  5.201401041372482e-01   1.365572670005988e-01  -5.009999999999999e-02
  5.201458259690297e-01   1.365544078019445e-01  -5.010000000000000e-02
  5.201514582367056e-01   1.365515463972362e-01  -5.010000000000000e-02
  5.201569279512595e-01   1.365485415681503e-01  -5.010000000000000e-02
  5.201623306459156e-01   1.365455735569525e-01  -5.010000000000000e-02
  5.201676671166209e-01   1.365426419263833e-01  -5.010000000000000e-02
  5.201729381504943e-01   1.365397462440329e-01  -5.010000000000000e-02
  5.201781445259091e-01   1.365368860822961e-01  -5.010000000000000e-02
  5.201832658190829e-01   1.365340243297226e-01  -5.010000000000000e-02
  5.201882206524122e-01   1.365310183756850e-01  -5.010000000000000e-02
  5.201931146399317e-01   1.365280493350400e-01  -5.009999999999999e-02
  5.201979485076016e-01   1.365251167673684e-01  -5.010000000000000e-02
  5.202027229732467e-01   1.365222202371867e-01  -5.010000000000001e-02
  5.202074387466343e-01   1.365193593138997e-01  -5.010000000000001e-02
  5.202120965295520e-01   1.365165335717531e-01  -5.010000000000000e-02
  5.202165769159127e-01   1.365135548709393e-01  -5.010000000000000e-02
  5.202209841732847e-01   1.365105846953808e-01  -5.010000000000000e-02
  5.202253371801255e-01   1.365076510807917e-01  -5.010000000000000e-02
  5.202296365869071e-01   1.365047535888004e-01  -5.010000000000000e-02
  5.202338830367319e-01   1.365018917860021e-01  -5.010000000000000e-02
  5.202380771654049e-01   1.364990652439097e-01  -5.010000000000000e-02
  5.202421798477894e-01   1.364962178376887e-01  -5.010000000000000e-02
  5.202461173460052e-01   1.364932449594448e-01  -5.010000000000000e-02
  5.202500062849871e-01   1.364903087442499e-01  -5.010000000000001e-02
  5.202538472492305e-01   1.364874087507998e-01  -5.010000000000000e-02
  5.202576408165522e-01   1.364845445428335e-01  -5.009999999999999e-02
  5.202613875581569e-01   1.364817156890812e-01  -5.010000000000000e-02
  5.202650880387053e-01   1.364789217632146e-01  -5.010000000000000e-02
  5.202686871964918e-01   1.364760931376008e-01  -5.010000000000000e-02
  5.202721252681779e-01   1.364731543473221e-01  -5.009999999999999e-02
  5.202755208541604e-01   1.364702518729158e-01  -5.010000000000001e-02
  5.202788744679583e-01   1.364673852754370e-01  -5.010000000000000e-02
  5.202821866171687e-01   1.364645541210021e-01  -5.010000000000000e-02
  5.202854578035294e-01   1.364617579807369e-01  -5.010000000000000e-02
  5.202886885229783e-01   1.364589964307239e-01  -5.010000000000000e-02
  5.202918708142643e-01   1.364562598337704e-01  -5.010000000000000e-02
  5.202948272793107e-01   1.364533537552771e-01  -5.010000000000000e-02
  5.202977471425575e-01   1.364504836547848e-01  -5.009999999999999e-02
  5.203006308480851e-01   1.364476490957817e-01  -5.010000000000000e-02
  5.203034788348109e-01   1.364448496468306e-01  -5.010000000000000e-02
  5.203062915365442e-01   1.364420848815156e-01  -5.010000000000000e-02
  5.203090693820399e-01   1.364393543783889e-01  -5.010000000000001e-02
  5.203118127950525e-01   1.364366577209182e-01  -5.010000000000000e-02
  5.203144342903461e-01   1.364339119817738e-01  -5.010000000000000e-02
  5.203168901935716e-01   1.364310753683794e-01  -5.010000000000000e-02
  5.203193156337015e-01   1.364282739404207e-01  -5.010000000000000e-02
  5.203217109817900e-01   1.364255072693231e-01  -5.010000000000000e-02
  5.203240766045418e-01   1.364227749315363e-01  -5.010000000000000e-02
  5.203264128643574e-01   1.364200765084807e-01  -5.010000000000001e-02
  5.203287201193810e-01   1.364174115864934e-01  -5.010000000000000e-02
  5.203309987235456e-01   1.364147797567752e-01  -5.010000000000000e-02
  5.203331640539073e-01   1.364121136570576e-01  -5.010000000000000e-02
  5.203351400328065e-01   1.364093526667394e-01  -5.010000000000000e-02
  5.203370914590979e-01   1.364066259832208e-01  -5.010000000000000e-02
  5.203390186329028e-01   1.364039331871494e-01  -5.010000000000000e-02
  5.203409218507972e-01   1.364012738641262e-01  -5.010000000000000e-02
  5.203428014058508e-01   1.363986476046515e-01  -5.010000000000000e-02
  5.203446575876656e-01   1.363960540040713e-01  -5.010000000000000e-02
  5.203464906824136e-01   1.363934926625235e-01  -5.010000000000000e-02
  5.203483009728753e-01   1.363909631848859e-01  -5.010000000000000e-02
  5.203498650212934e-01   1.363883224929516e-01  -5.010000000000000e-02
  5.203513574249893e-01   1.363856813837332e-01  -5.010000000000000e-02
  5.203528312522823e-01   1.363830731492047e-01  -5.009999999999999e-02
  5.203542867310527e-01   1.363804973860862e-01  -5.010000000000000e-02
  5.203557240864688e-01   1.363779536958968e-01  -5.010000000000000e-02
  5.203571435410170e-01   1.363754416849022e-01  -5.010000000000000e-02
  5.203585453145317e-01   1.363729609640608e-01  -5.010000000000000e-02
  5.203599296242253e-01   1.363705111489720e-01  -5.010000000000000e-02
  5.203612966847165e-01   1.363680918598239e-01  -5.010000000000000e-02
  5.203624375517381e-01   1.363656009003790e-01  -5.010000000000000e-02
  5.203634722512466e-01   1.363630962285902e-01  -5.010000000000000e-02
  5.203644940514184e-01   1.363606227819103e-01  -5.010000000000001e-02
  5.203655031109942e-01   1.363581801760794e-01  -5.010000000000000e-02
  5.203664995868127e-01   1.363557680314417e-01  -5.010000000000000e-02
  5.203674836338328e-01   1.363533859728928e-01  -5.010000000000000e-02
  5.203684554051538e-01   1.363510336298283e-01  -5.010000000000001e-02
  5.203694150520373e-01   1.363487106360929e-01  -5.010000000000000e-02
  5.203703627239279e-01   1.363464166299299e-01  -5.010000000000000e-02
  5.203712985684736e-01   1.363441512539313e-01  -5.010000000000000e-02
  5.203719702776143e-01   1.363418296423370e-01  -5.010000000000000e-02
  5.203725716389923e-01   1.363395162712942e-01  -5.010000000000000e-02
  5.203731654918178e-01   1.363372317848271e-01  -5.010000000000000e-02
  5.203737519287796e-01   1.363349758263711e-01  -5.010000000000000e-02
  5.203743310414492e-01   1.363327480436610e-01  -5.010000000000000e-02
  5.203749029202931e-01   1.363305480886823e-01  -5.010000000000000e-02
  5.203754676546857e-01   1.363283756176217e-01  -5.010000000000000e-02
  5.203760253329217e-01   1.363262302908191e-01  -5.010000000000000e-02
  5.203765760422285e-01   1.363241117727200e-01  -5.010000000000000e-02
  5.203771198687789e-01   1.363220197318280e-01  -5.010000000000001e-02
  5.203776568977024e-01   1.363199538406577e-01  -5.010000000000000e-02
  5.203779310352594e-01   1.363178674475560e-01  -5.010000000000000e-02
  5.203781460842096e-01   1.363157970743302e-01  -5.010000000000000e-02
  5.203783584440985e-01   1.363137525899094e-01  -5.010000000000000e-02
  5.203785681482206e-01   1.363117336737536e-01  -5.010000000000000e-02
  5.203787752294663e-01   1.363097400092119e-01  -5.010000000000000e-02
  5.203789797203267e-01   1.363077712834774e-01  -5.010000000000000e-02
  5.203791816528983e-01   1.363058271875424e-01  -5.010000000000000e-02
  5.203793810588877e-01   1.363039074161545e-01  -5.010000000000000e-02
  5.203795779696159e-01   1.363020116677722e-01  -5.010000000000000e-02
  5.203797724160226e-01   1.363001396445221e-01  -5.010000000000000e-02
  5.203799644286716e-01   1.362982910521560e-01  -5.010000000000000e-02
  5.203801540377543e-01   1.362964656000081e-01  -5.010000000000000e-02
  5.203802818317550e-01   1.362946615668257e-01  -5.010000000000000e-02
  5.203801829985921e-01   1.362928746918888e-01  -5.010000000000000e-02
  5.203800854030053e-01   1.362911101919684e-01  -5.010000000000000e-02
  5.203799890296286e-01   1.362893677892501e-01  -5.010000000000000e-02
  5.203798938632831e-01   1.362876472093099e-01  -5.010000000000000e-02
  5.203797998889759e-01   1.362859481810743e-01  -5.009999999999999e-02
  5.203797070918967e-01   1.362842704367808e-01  -5.010000000000000e-02
  5.203796154574165e-01   1.362826137119389e-01  -5.010000000000000e-02
  5.203795249710849e-01   1.362809777452913e-01  -5.010000000000000e-02
  5.203794356186283e-01   1.362793622787760e-01  -5.010000000000000e-02
  5.203793473859479e-01   1.362777670574883e-01  -5.010000000000000e-02
  5.203792602591172e-01   1.362761918296437e-01  -5.010000000000000e-02
  5.203791742243804e-01   1.362746363465406e-01  -5.010000000000000e-02
  5.203790892681502e-01   1.362731003625241e-01  -5.010000000000000e-02
  5.203790053770059e-01   1.362715836349495e-01  -5.010000000000000e-02
  5.203789225376909e-01   1.362700859241470e-01  -5.010000000000000e-02
