888
  4.938318443100000e-01   1.266377152300000e-01  -5.010000000000000e-02
  4.938306258076652e-01   1.266385900168656e-01  -5.010000000000000e-02
  4.938293918337313e-01   1.266394759110974e-01  -5.010000000000000e-02
  4.938281421932085e-01   1.266403730526825e-01  -5.010000000000000e-02
  4.938268766886866e-01   1.266412815833453e-01  -5.010000000000000e-02
  4.938255951203069e-01   1.266422016465688e-01  -5.010000000000000e-02
  4.938242972857315e-01   1.266431333876150e-01  -5.010000000000000e-02
  4.938229829801143e-01   1.266440769535471e-01  -5.010000000000000e-02
  4.938216519960709e-01   1.266450324932504e-01  -5.010000000000000e-02
  4.938203041236482e-01   1.266460001574544e-01  -5.010000000000000e-02
  4.938189391502932e-01   1.266469800987550e-01  -5.010000000000001e-02
  4.938175568608229e-01   1.266479724716365e-01  -5.010000000000000e-02
  4.938161570373919e-01   1.266489774324943e-01  -5.010000000000000e-02
  4.938147394594610e-01   1.266499951396578e-01  -5.010000000000001e-02
  4.938134633455536e-01   1.266512016762700e-01  -5.010000000000000e-02
  4.938122821499368e-01   1.266525460969442e-01  -5.010000000000000e-02
  4.938110859776275e-01   1.266539075638849e-01  -5.010000000000000e-02
  4.938098746404164e-01   1.266552862913089e-01  -5.010000000000000e-02
  4.938086479477728e-01   1.266566824960760e-01  -5.009999999999999e-02
  4.938074057068161e-01   1.266580963977201e-01  -5.010000000000000e-02
  4.938061477222884e-01   1.266595282184811e-01  -5.010000000000000e-02
  4.938048737965262e-01   1.266609781833369e-01  -5.010000000000000e-02
  4.938035837294322e-01   1.266624465200356e-01  -5.010000000000001e-02
  4.938022773184462e-01   1.266639334591282e-01  -5.010000000000000e-02
  4.938009543585162e-01   1.266654392340022e-01  -5.010000000000000e-02
  4.937996146420694e-01   1.266669640809143e-01  -5.010000000000001e-02
  4.937982579589818e-01   1.266685082390244e-01  -5.010000000000000e-02
  4.937970999260586e-01   1.266702317008259e-01  -5.010000000000001e-02
  4.937959918896087e-01   1.266720248418470e-01  -5.010000000000000e-02
  4.937948698259717e-01   1.266738406831360e-01  -5.010000000000001e-02
  4.937937335594318e-01   1.266756795090552e-01  -5.010000000000000e-02
  4.937925829121193e-01   1.266775416074518e-01  -5.010000000000000e-02
  4.937914177039857e-01   1.266794272696990e-01  -5.010000000000000e-02
  4.937902377527790e-01   1.266813367907367e-01  -5.010000000000000e-02
  4.937890428740168e-01   1.266832704691132e-01  -5.010000000000000e-02
  4.937878328809611e-01   1.266852286070277e-01  -5.010000000000001e-02
  4.937866075845920e-01   1.266872115103722e-01  -5.010000000000000e-02
  4.937853667935810e-01   1.266892194887744e-01  -5.010000000000000e-02
  4.937841103142643e-01   1.266912528556414e-01  -5.010000000000000e-02
  4.937829106952308e-01   1.266933509697914e-01  -5.010000000000000e-02
  4.937818852629187e-01   1.266955772271894e-01  -5.010000000000000e-02
  4.937808468710379e-01   1.266978316203649e-01  -5.010000000000000e-02
  4.937797953578062e-01   1.267001145005543e-01  -5.010000000000000e-02
  4.937787305594729e-01   1.267024262232675e-01  -5.009999999999999e-02
  4.937776523102961e-01   1.267047671483370e-01  -5.010000000000000e-02
  4.937765604425202e-01   1.267071376399674e-01  -5.010000000000000e-02
  4.937754547863525e-01   1.267095380667860e-01  -5.010000000000000e-02
  4.937743351699403e-01   1.267119688018927e-01  -5.009999999999999e-02
  4.937732014193464e-01   1.267144302229118e-01  -5.010000000000000e-02
  4.937720533585268e-01   1.267169227120433e-01  -5.010000000000001e-02
  4.937708908093051e-01   1.267194466561148e-01  -5.010000000000000e-02
  4.937697439021638e-01   1.267220147720308e-01  -5.010000000000000e-02
  4.937687915683094e-01   1.267247002896921e-01  -5.010000000000000e-02
  4.937678272223528e-01   1.267274196806768e-01  -5.009999999999999e-02
  4.937668507149434e-01   1.267301733661438e-01  -5.010000000000000e-02
  4.937658618949288e-01   1.267329617723324e-01  -5.010000000000001e-02
  4.937648606093347e-01   1.267357853306200e-01  -5.010000000000000e-02
  4.937638467033442e-01   1.267386444775798e-01  -5.010000000000000e-02
  4.937628200202773e-01   1.267415396550389e-01  -5.010000000000000e-02
  4.937617804015698e-01   1.267444713101377e-01  -5.010000000000000e-02
  4.937607276867525e-01   1.267474398953889e-01  -5.010000000000000e-02
  4.937596617134296e-01   1.267504458687377e-01  -5.009999999999999e-02
  4.937585823172571e-01   1.267534896936227e-01  -5.010000000000000e-02
  4.937575746589743e-01   1.267565988327350e-01  -5.010000000000000e-02
  4.937566850192989e-01   1.267597884550958e-01  -5.010000000000000e-02
  4.937557841839680e-01   1.267630182172060e-01  -5.010000000000000e-02
  4.937548720144368e-01   1.267662886157892e-01  -5.010000000000000e-02
  4.937539483705061e-01   1.267696001535013e-01  -5.009999999999999e-02
  4.937530131103038e-01   1.267729533389954e-01  -5.010000000000000e-02
  4.937520660902670e-01   1.267763486869882e-01  -5.010000000000000e-02
  4.937511071651225e-01   1.267797867183261e-01  -5.010000000000001e-02
  4.937501361878692e-01   1.267832679600525e-01  -5.010000000000000e-02
  4.937491530097584e-01   1.267867929454752e-01  -5.010000000000000e-02
  4.937481574802752e-01   1.267903622142350e-01  -5.010000000000000e-02
  4.937471820514317e-01   1.267939844510055e-01  -5.010000000000000e-02
  4.937463632187087e-01   1.267976943185310e-01  -5.010000000000000e-02
  4.937455341063967e-01   1.268014507595655e-01  -5.010000000000000e-02
  4.937446945879244e-01   1.268052543475634e-01  -5.010000000000001e-02
  4.937438445352250e-01   1.268091056627538e-01  -5.009999999999999e-02
  4.937429838187204e-01   1.268130052922129e-01  -5.010000000000000e-02
  4.937421123073053e-01   1.268169538299378e-01  -5.010000000000000e-02
  4.937412298683301e-01   1.268209518769200e-01  -5.009999999999999e-02
  4.937403363675854e-01   1.268250000412198e-01  -5.010000000000001e-02
  4.937394316692847e-01   1.268290989380419e-01  -5.010000000000001e-02
  4.937385156360481e-01   1.268332491898102e-01  -5.010000000000000e-02
  4.937376750203983e-01   1.268374686196601e-01  -5.010000000000000e-02
  4.937369229808536e-01   1.268417604962135e-01  -5.010000000000001e-02
  4.937361615265732e-01   1.268461061024991e-01  -5.010000000000000e-02
  4.937353905423048e-01   1.268505060962607e-01  -5.010000000000000e-02
  4.937346099114512e-01   1.268549611429150e-01  -5.010000000000000e-02
  4.937338195160573e-01   1.268594719156309e-01  -5.010000000000000e-02
  4.937330192367950e-01   1.268640390954104e-01  -5.010000000000000e-02
  4.937322089529500e-01   1.268686633711695e-01  -5.010000000000000e-02
  4.937313885424067e-01   1.268733454398189e-01  -5.010000000000000e-02
  4.937305578816342e-01   1.268780860063473e-01  -5.010000000000000e-02
  4.937297766201059e-01   1.268828951421678e-01  -5.010000000000000e-02
  4.937291021486073e-01   1.268877825735433e-01  -5.010000000000000e-02
  4.937284192579061e-01   1.268927310130935e-01  -5.009999999999999e-02
  4.937277278455584e-01   1.268977412031589e-01  -5.010000000000000e-02
  4.937270278079411e-01   1.269028138946244e-01  -5.010000000000000e-02
  4.937263190402402e-01   1.269079498470054e-01  -5.010000000000000e-02
  4.937256014364388e-01   1.269131498285340e-01  -5.010000000000000e-02
  4.937248748893049e-01   1.269184146162461e-01  -5.010000000000000e-02
  4.937241392903797e-01   1.269237449960685e-01  -5.010000000000000e-02
  4.937233945299651e-01   1.269291417629073e-01  -5.010000000000000e-02
  4.937227689774367e-01   1.269346214708803e-01  -5.010000000000000e-02
  4.937221735660363e-01   1.269401740283589e-01  -5.010000000000000e-02
  4.937215707467613e-01   1.269457956685750e-01  -5.010000000000000e-02
  4.937209604300936e-01   1.269514872263369e-01  -5.010000000000000e-02
  4.937203425255005e-01   1.269572495459142e-01  -5.010000000000000e-02
  4.937197169414250e-01   1.269630834811292e-01  -5.010000000000000e-02
  4.937190835852762e-01   1.269689898954483e-01  -5.010000000000000e-02
  4.937184423634184e-01   1.269749696620741e-01  -5.010000000000000e-02
  4.937177931811629e-01   1.269810236640382e-01  -5.010000000000000e-02
  4.937172584549073e-01   1.269871643025179e-01  -5.010000000000001e-02
  4.937167566347259e-01   1.269933848291548e-01  -5.010000000000001e-02
  4.937162485919473e-01   1.269996824906577e-01  -5.010000000000000e-02
  4.937157342519043e-01   1.270060582125933e-01  -5.010000000000000e-02
  4.937152135390972e-01   1.270125129308515e-01  -5.010000000000000e-02
  4.937146863771857e-01   1.270190475917401e-01  -5.010000000000001e-02
  4.937141526889816e-01   1.270256631520809e-01  -5.010000000000000e-02
  4.937136123964404e-01   1.270323605793051e-01  -5.010000000000000e-02
  4.937131074957479e-01   1.270391437639206e-01  -5.010000000000000e-02
  4.937127102396741e-01   1.270460187016107e-01  -5.010000000000000e-02
  4.937123080738946e-01   1.270529786069634e-01  -5.010000000000000e-02
  4.937119009399082e-01   1.270600244924065e-01  -5.010000000000000e-02
  4.937114887785715e-01   1.270671573814781e-01  -5.010000000000000e-02
  4.937110715300937e-01   1.270743783089239e-01  -5.009999999999999e-02
  4.937106491340304e-01   1.270816883207954e-01  -5.010000000000000e-02
  4.937102215292785e-01   1.270890884745473e-01  -5.010000000000000e-02
  4.937098332537829e-01   1.270965819578649e-01  -5.010000000000000e-02
  4.937095505811615e-01   1.271041730026273e-01  -5.009999999999999e-02
  4.937092644277650e-01   1.271118575220215e-01  -5.010000000000000e-02
  4.937089747524410e-01   1.271196366211743e-01  -5.010000000000000e-02
  4.937086815135940e-01   1.271275114171193e-01  -5.010000000000000e-02
  4.937083846691813e-01   1.271354830388957e-01  -5.010000000000000e-02
  4.937080841767091e-01   1.271435526276469e-01  -5.010000000000000e-02
  4.937077799932298e-01   1.271517213367190e-01  -5.010000000000000e-02
  4.937075899520699e-01   1.271599936523620e-01  -5.010000000000000e-02
  4.937074299341330e-01   1.271683683842141e-01  -5.010000000000000e-02
  4.937072679537504e-01   1.271768458230305e-01  -5.010000000000000e-02
  4.937071039879216e-01   1.271854271725688e-01  -5.010000000000000e-02
  4.937069380134035e-01   1.271941136492885e-01  -5.010000000000000e-02
  4.937067700067083e-01   1.272029064824488e-01  -5.010000000000000e-02
  4.937065999441018e-01   1.272118069142066e-01  -5.010000000000000e-02
  4.937065393543202e-01   1.272208173913286e-01  -5.010000000000000e-02
  4.937065187550812e-01   1.272299384401038e-01  -5.010000000000000e-02
  4.937064979042002e-01   1.272391709123586e-01  -5.010000000000000e-02
  4.937064767987526e-01   1.272485161030470e-01  -5.010000000000000e-02
  4.937064554357836e-01   1.272579753205083e-01  -5.010000000000000e-02
  4.937064338123081e-01   1.272675498865623e-01  -5.009999999999999e-02
  4.937064284031957e-01   1.272772410452434e-01  -5.010000000000000e-02
  4.937065593277922e-01   1.272870494795965e-01  -5.010000000000000e-02
  4.937066918459668e-01   1.272969772995080e-01  -5.010000000000000e-02
  4.937068259760942e-01   1.273070258815508e-01  -5.010000000000000e-02
  4.937069617367352e-01   1.273171966162482e-01  -5.009999999999999e-02
  4.937070991466385e-01   1.273274909081670e-01  -5.010000000000000e-02
  4.937072382247409e-01   1.273379101760088e-01  -5.010000000000000e-02
  4.937075174072896e-01   1.273484529790541e-01  -5.010000000000001e-02
  4.937078180486532e-01   1.273591232281218e-01  -5.010000000000001e-02
  4.937081223325092e-01   1.273699227551446e-01  -5.010000000000000e-02
  4.937084303004360e-01   1.273808530358083e-01  -5.010000000000001e-02
  4.937087419944226e-01   1.273919155603741e-01  -5.010000000000000e-02
  4.937090639799110e-01   1.274031116043212e-01  -5.010000000000000e-02
  4.937095416666285e-01   1.274144375741497e-01  -5.010000000000000e-02
  4.937100251203432e-01   1.274259002796996e-01  -5.010000000000000e-02
  4.937105144063716e-01   1.274375012696200e-01  -5.010000000000000e-02
  4.937110095906616e-01   1.274492421075464e-01  -5.010000000000001e-02
  4.937115107397972e-01   1.274611243721806e-01  -5.010000000000000e-02
  4.937121089315283e-01   1.274731452015288e-01  -5.010000000000000e-02
  4.937127869241419e-01   1.274853070521291e-01  -5.009999999999999e-02
  4.937134730646451e-01   1.274976150598032e-01  -5.010000000000000e-02
  4.937141674443885e-01   1.275100708632001e-01  -5.010000000000000e-02
  4.937148701555830e-01   1.275226761164013e-01  -5.010000000000000e-02
  4.937156180272864e-01   1.275354303139455e-01  -5.010000000000000e-02
  4.937164267012350e-01   1.275483342204429e-01  -5.010000000000000e-02
  4.937172450539137e-01   1.275613925691962e-01  -5.010000000000000e-02
  4.937180731928497e-01   1.275746070760009e-01  -5.010000000000000e-02
  4.937189112265574e-01   1.275879794724111e-01  -5.010000000000000e-02
  4.937197592645430e-01   1.276015115057998e-01  -5.010000000000000e-02
  4.937206174173076e-01   1.276152049394170e-01  -5.010000000000001e-02
  4.937214857963502e-01   1.276290615524459e-01  -5.009999999999999e-02
  4.937223645141727e-01   1.276430831400560e-01  -5.010000000000000e-02
  4.937232536842811e-01   1.276572715134542e-01  -5.010000000000000e-02
  4.937241534211901e-01   1.276716284999334e-01  -5.010000000000000e-02
  4.937250638404250e-01   1.276861559429182e-01  -5.010000000000000e-02
  4.937259850585251e-01   1.277008557020077e-01  -5.010000000000000e-02
  4.937269171930454e-01   1.277157296530164e-01  -5.010000000000000e-02
  4.937278603625597e-01   1.277307796880106e-01  -5.009999999999999e-02
  4.937288146866626e-01   1.277460077153434e-01  -5.010000000000001e-02
  4.937297802859711e-01   1.277614156596854e-01  -5.010000000000001e-02
  4.937307572821266e-01   1.277770054620531e-01  -5.010000000000000e-02
  4.937317457977963e-01   1.277927790798327e-01  -5.010000000000000e-02
  4.937327437711068e-01   1.278087386216723e-01  -5.010000000000000e-02
  4.937337248292846e-01   1.278248877129042e-01  -5.010000000000000e-02
  4.937347174183315e-01   1.278412266125114e-01  -5.010000000000000e-02
  4.937357216611622e-01   1.278577573437755e-01  -5.010000000000000e-02
  4.937367376816898e-01   1.278744819464195e-01  -5.010000000000000e-02
  4.937377656048266e-01   1.278914024766100e-01  -5.010000000000000e-02
  4.937388055564837e-01   1.279085210069561e-01  -5.010000000000000e-02
  4.937398576635708e-01   1.279258396265026e-01  -5.010000000000000e-02
  4.937409220539951e-01   1.279433604407203e-01  -5.010000000000000e-02
  4.937419988566613e-01   1.279610855714912e-01  -5.010000000000000e-02
  4.937430882014695e-01   1.279790171570889e-01  -5.010000000000000e-02
  4.937441902193143e-01   1.279971573521549e-01  -5.010000000000000e-02
  4.937453050420830e-01   1.280155083276693e-01  -5.010000000000000e-02
  4.937464328026532e-01   1.280340722709174e-01  -5.010000000000000e-02
  4.937475736348907e-01   1.280528513854507e-01  -5.010000000000000e-02
  4.937487276736469e-01   1.280718478910425e-01  -5.010000000000000e-02
  4.937500722584580e-01   1.280910516630648e-01  -5.010000000000000e-02
  4.937516014410612e-01   1.281104653780358e-01  -5.010000000000000e-02
  4.937531482572571e-01   1.281301029600197e-01  -5.010000000000000e-02
  4.937547128867360e-01   1.281499666902716e-01  -5.010000000000001e-02
  4.937562955104403e-01   1.281700588659449e-01  -5.010000000000000e-02
  4.937578963105587e-01   1.281903818000125e-01  -5.010000000000000e-02
  4.937595154705192e-01   1.282109378211828e-01  -5.010000000000000e-02
  4.937611531749822e-01   1.282317292738086e-01  -5.010000000000000e-02
  4.937628096098327e-01   1.282527585177896e-01  -5.009999999999999e-02
  4.937644849621721e-01   1.282740279284686e-01  -5.010000000000000e-02
  4.937661794203093e-01   1.282955398965206e-01  -5.010000000000000e-02
  4.937678931737520e-01   1.283172968278352e-01  -5.010000000000000e-02
  4.937696264131962e-01   1.283393011433916e-01  -5.010000000000000e-02
  4.937717596503189e-01   1.283615207817871e-01  -5.010000000000000e-02
  4.937740654152661e-01   1.283839788441978e-01  -5.010000000000000e-02
  4.937763972777674e-01   1.284066910957879e-01  -5.010000000000001e-02
  4.937787554918910e-01   1.284296600111719e-01  -5.010000000000000e-02
  4.937811403131757e-01   1.284528880792870e-01  -5.010000000000000e-02
  4.937835519986131e-01   1.284763778032220e-01  -5.010000000000000e-02
  4.937859908066296e-01   1.285001317000395e-01  -5.010000000000000e-02
  4.937884569970667e-01   1.285241523005881e-01  -5.010000000000000e-02
  4.937909508311617e-01   1.285484421493073e-01  -5.010000000000000e-02
  4.937934725715261e-01   1.285730038040228e-01  -5.010000000000000e-02
  4.937960224821238e-01   1.285978398357342e-01  -5.010000000000000e-02
  4.937992027752828e-01   1.286228829584862e-01  -5.010000000000000e-02
  4.938024814660365e-01   1.286481975490800e-01  -5.010000000000000e-02
  4.938057965902147e-01   1.286737934401368e-01  -5.010000000000000e-02
  4.938091484862904e-01   1.286996732449864e-01  -5.010000000000000e-02
  4.938125374942816e-01   1.287258395888904e-01  -5.010000000000000e-02
  4.938159639557170e-01   1.287522951087734e-01  -5.010000000000000e-02
  4.938194282135999e-01   1.287790424529437e-01  -5.010000000000000e-02
  4.938229306123702e-01   1.288060842808041e-01  -5.010000000000000e-02
  4.938264714978662e-01   1.288334232625519e-01  -5.010000000000000e-02
  4.938304827883624e-01   1.288610001392310e-01  -5.010000000000000e-02
  4.938348684474385e-01   1.288888314349770e-01  -5.010000000000000e-02
  4.938393020146501e-01   1.289169667546936e-01  -5.010000000000000e-02
  4.938437839153835e-01   1.289454087978737e-01  -5.010000000000000e-02
  4.938483145764591e-01   1.289741602731090e-01  -5.010000000000000e-02
  4.938528944260734e-01   1.290032238977267e-01  -5.010000000000000e-02
  4.938575238937407e-01   1.290326023974133e-01  -5.010000000000001e-02
  4.938622034102312e-01   1.290622985058281e-01  -5.010000000000000e-02
  4.938672402041558e-01   1.290922622540662e-01  -5.010000000000000e-02
  4.938728597006439e-01   1.291224577350771e-01  -5.010000000000000e-02
  4.938785395517567e-01   1.291529775221757e-01  -5.009999999999999e-02
  4.938842802689681e-01   1.291838243636887e-01  -5.010000000000000e-02
  4.938900823648377e-01   1.292150010137716e-01  -5.010000000000000e-02
  4.938959463529237e-01   1.292465102319506e-01  -5.010000000000000e-02
  4.939018727476967e-01   1.292783547826520e-01  -5.010000000000000e-02
  4.939079267024685e-01   1.293105244815473e-01  -5.010000000000000e-02
  4.939148731958936e-01   1.293428689064954e-01  -5.010000000000000e-02
  4.939218930874035e-01   1.293755550893211e-01  -5.010000000000000e-02
  4.939289869705600e-01   1.294085857937793e-01  -5.010000000000000e-02
  4.939361554394263e-01   1.294419637859621e-01  -5.010000000000000e-02
  4.939433990884504e-01   1.294756918337522e-01  -5.010000000000000e-02
  4.939507185123446e-01   1.295097727062622e-01  -5.010000000000000e-02
  4.939585902714410e-01   1.295441001606391e-01  -5.009999999999999e-02
  4.939670064722883e-01   1.295786789108391e-01  -5.010000000000000e-02
  4.939755100244182e-01   1.296136165519731e-01  -5.010000000000000e-02
  4.939841015973938e-01   1.296489158350033e-01  -5.010000000000000e-02
  4.939927818603476e-01   1.296845795091233e-01  -5.010000000000001e-02
  4.940015514818256e-01   1.297206103211178e-01  -5.010000000000000e-02
  4.940109470366180e-01   1.297568729208143e-01  -5.010000000000000e-02
  4.940208829391908e-01   1.297933922739493e-01  -5.010000000000000e-02
  4.940309202607448e-01   1.298302843919702e-01  -5.010000000000000e-02
  4.940410597390323e-01   1.298675519864812e-01  -5.009999999999999e-02
  4.940513021102316e-01   1.299051977633018e-01  -5.010000000000000e-02
  4.940617419882087e-01   1.299431975476660e-01  -5.010000000000000e-02
  4.940731998174514e-01   1.299813193796002e-01  -5.010000000000001e-02
  4.940847728679606e-01   1.300198245691202e-01  -5.010000000000000e-02
  4.940964619377880e-01   1.300587157714579e-01  -5.010000000000000e-02
  4.941082678221402e-01   1.300979956323790e-01  -5.010000000000001e-02
  4.941202620878074e-01   1.301376445151251e-01  -5.010000000000000e-02
  4.941333345150730e-01   1.301773852850477e-01  -5.010000000000000e-02
  4.941465363224641e-01   1.302175193764011e-01  -5.010000000000000e-02
  4.941598683582653e-01   1.302580493680090e-01  -5.009999999999999e-02
  4.941733314663384e-01   1.302989778252498e-01  -5.010000000000000e-02
  4.941873593668191e-01   1.303401587901533e-01  -5.010000000000000e-02
  4.942021422283077e-01   1.303815298434176e-01  -5.009999999999999e-02
  4.942170689306292e-01   1.304233034470792e-01  -5.010000000000000e-02
  4.942321403603775e-01   1.304654820823432e-01  -5.010000000000000e-02
  4.942474385581245e-01   1.305080380706294e-01  -5.010000000000000e-02
  4.942638650048467e-01   1.305506393807316e-01  -5.010000000000000e-02
  4.942804489938012e-01   1.305936492700965e-01  -5.010000000000000e-02
  4.942971914437438e-01   1.306370701214795e-01  -5.010000000000000e-02
  4.943141145703583e-01   1.306808957820224e-01  -5.010000000000000e-02
  4.943322491080448e-01   1.307247170299025e-01  -5.010000000000000e-02
  4.943505549424893e-01   1.307689522082517e-01  -5.010000000000000e-02
  4.943690330129618e-01   1.308136035867712e-01  -5.010000000000000e-02
  4.943879084782228e-01   1.308585774693546e-01  -5.010000000000000e-02
  4.944078134040611e-01   1.309036060266702e-01  -5.010000000000001e-02
  4.944279033555979e-01   1.309490531457199e-01  -5.010000000000000e-02
  4.944481792796556e-01   1.309949209683876e-01  -5.010000000000000e-02
  4.944693058957097e-01   1.310409088644571e-01  -5.010000000000000e-02
  4.944910420640809e-01   1.310871293178147e-01  -5.010000000000000e-02
  4.945129768882948e-01   1.311337721990331e-01  -5.009999999999999e-02
  4.945353451860187e-01   1.311807262318135e-01  -5.010000000000000e-02
  4.945587622985544e-01   1.312276957981369e-01  -5.010000000000000e-02
  4.945823906005972e-01   1.312750889640627e-01  -5.009999999999999e-02
  4.946062310280264e-01   1.313229076067586e-01  -5.010000000000000e-02
  4.946313508618838e-01   1.313706069270533e-01  -5.009999999999999e-02
  4.946567023846969e-01   1.314187262742359e-01  -5.009999999999999e-02
  4.946822783291773e-01   1.314672715928363e-01  -5.010000000000000e-02
  4.947090718772576e-01   1.315157077563003e-01  -5.010000000000000e-02
  4.947361819807562e-01   1.315645243871687e-01  -5.009999999999999e-02
  4.947635285887909e-01   1.316137668871096e-01  -5.010000000000000e-02
  4.947921721629870e-01   1.316628333822565e-01  -5.010000000000000e-02
  4.948210656636812e-01   1.317123221759683e-01  -5.010000000000000e-02
  4.948504169306495e-01   1.317621108683192e-01  -5.010000000000000e-02
  4.948808634315941e-01   1.318118201226026e-01  -5.010000000000000e-02
  4.949115687916024e-01   1.318619520097215e-01  -5.010000000000000e-02
  4.949430733779705e-01   1.319121696412230e-01  -5.009999999999999e-02
  4.949753466399968e-01   1.319624939184412e-01  -5.010000000000000e-02
  4.950078898508876e-01   1.320132391317731e-01  -5.010000000000000e-02
  4.950416770926435e-01   1.320637681984660e-01  -5.010000000000000e-02
  4.950758022312288e-01   1.321146768550804e-01  -5.010000000000000e-02
  4.951106810097468e-01   1.321656802365006e-01  -5.010000000000000e-02
  4.951463875603196e-01   1.322167290208305e-01  -5.010000000000000e-02
  4.951824638533518e-01   1.322681359031150e-01  -5.010000000000000e-02
  4.952197536219191e-01   1.323192997289785e-01  -5.010000000000000e-02
  4.952573428216360e-01   1.323708743925541e-01  -5.010000000000000e-02
  4.952959983277523e-01   1.324222908201959e-01  -5.010000000000001e-02
  4.953351835083461e-01   1.324739491187038e-01  -5.010000000000001e-02
  4.953752041097130e-01   1.325256072813346e-01  -5.010000000000000e-02
  4.954159762659773e-01   1.325773310768909e-01  -5.010000000000000e-02
  4.954574353943765e-01   1.326291601984614e-01  -5.010000000000000e-02
  4.954997985952316e-01   1.326809210043733e-01  -5.009999999999999e-02
  4.955427629491280e-01   1.327328490973500e-01  -5.010000000000000e-02
  4.955867134902865e-01   1.327846240922485e-01  -5.009999999999999e-02
  4.956312365968717e-01   1.328365839003496e-01  -5.010000000000000e-02
  4.956767670856412e-01   1.328883531723912e-01  -5.010000000000000e-02
  4.957228951205250e-01   1.329402783377794e-01  -5.010000000000000e-02
  4.957700065532229e-01   1.329920142374304e-01  -5.010000000000000e-02
  4.958177820388103e-01   1.330438367910476e-01  -5.010000000000000e-02
  4.958664653374558e-01   1.330955201659998e-01  -5.010000000000000e-02
  4.959159168658599e-01   1.331471803880102e-01  -5.010000000000000e-02
  4.959661623935213e-01   1.331987924715804e-01  -5.010000000000000e-02
  4.960173155070757e-01   1.332502297624584e-01  -5.010000000000000e-02
  4.960691183298661e-01   1.333017468461225e-01  -5.010000000000000e-02
  4.961219944481722e-01   1.333529010869312e-01  -5.010000000000000e-02
  4.961754422650880e-01   1.334042009672894e-01  -5.010000000000000e-02
  4.962299638704841e-01   1.334551126813880e-01  -5.010000000000001e-02
  4.962851730041709e-01   1.335060320144500e-01  -5.010000000000000e-02
  4.963412138441042e-01   1.335568009481897e-01  -5.009999999999999e-02
  4.963981859432887e-01   1.336072913963521e-01  -5.010000000000000e-02
  4.964558058581565e-01   1.336578172846950e-01  -5.010000000000000e-02
  4.965144807858660e-01   1.337078999084099e-01  -5.010000000000000e-02
  4.965738760079359e-01   1.337579123005573e-01  -5.009999999999999e-02
  4.966340369823924e-01   1.338077983507749e-01  -5.010000000000000e-02
  4.966952014863840e-01   1.338572518194421e-01  -5.010000000000000e-02
  4.967570538514750e-01   1.339066488876976e-01  -5.010000000000000e-02
  4.968197527446656e-01   1.339557844000058e-01  -5.010000000000000e-02
  4.968833624799076e-01   1.340045562010490e-01  -5.010000000000000e-02
  4.969476797571169e-01   1.340532181568683e-01  -5.010000000000000e-02
  4.970128511573168e-01   1.341015670217697e-01  -5.010000000000000e-02
  4.970789048270753e-01   1.341495441996339e-01  -5.010000000000000e-02
  4.971456771541138e-01   1.341973627266254e-01  -5.010000000000001e-02
  4.972132605652803e-01   1.342448839267730e-01  -5.010000000000000e-02
  4.972817378360965e-01   1.342919689759469e-01  -5.010000000000000e-02
  4.973509336724077e-01   1.343388571176629e-01  -5.010000000000000e-02
  4.974208552323212e-01   1.343855299579945e-01  -5.010000000000000e-02
  4.974917161033504e-01   1.344316461018400e-01  -5.010000000000000e-02
  4.975632918630526e-01   1.344775286138197e-01  -5.010000000000000e-02
  4.976355849859165e-01   1.345231640307139e-01  -5.010000000000000e-02
  4.977086800575324e-01   1.345684033248886e-01  -5.010000000000000e-02
  4.977825804523411e-01   1.346132188961854e-01  -5.010000000000000e-02
  4.978571833551321e-01   1.346577636153529e-01  -5.010000000000001e-02
  4.979324892088817e-01   1.347020247044569e-01  -5.010000000000000e-02
  4.980085955873490e-01   1.347458173440780e-01  -5.010000000000000e-02
  4.980854378587970e-01   1.347892311919590e-01  -5.010000000000000e-02
  4.981629602354720e-01   1.348323490067040e-01  -5.010000000000001e-02
  4.982411603897267e-01   1.348751608869600e-01  -5.010000000000000e-02
  4.983201182193736e-01   1.349175012535942e-01  -5.010000000000000e-02
  4.983997791900541e-01   1.349594485270957e-01  -5.010000000000000e-02
  4.984800917489556e-01   1.350010829392221e-01  -5.010000000000000e-02
  4.985610517293070e-01   1.350423968141362e-01  -5.010000000000000e-02
  4.986426910199238e-01   1.350833091260628e-01  -5.010000000000000e-02
  4.987250264133524e-01   1.351237626808160e-01  -5.010000000000000e-02
  4.988079828728800e-01   1.351638890895309e-01  -5.010000000000000e-02
  4.988915520425674e-01   1.352036884548239e-01  -5.009999999999999e-02
  4.989757243517238e-01   1.352431630326892e-01  -5.010000000000000e-02
  4.990605681115093e-01   1.352821440311179e-01  -5.010000000000001e-02
  4.991460049610424e-01   1.353207776216124e-01  -5.010000000000000e-02
  4.992320157713275e-01   1.353590867922064e-01  -5.010000000000000e-02
  4.993185934107228e-01   1.353970685120151e-01  -5.010000000000001e-02
  4.994057420734359e-01   1.354346928238243e-01  -5.010000000000000e-02
  4.994934954830964e-01   1.354718565973496e-01  -5.010000000000000e-02
  4.995817816685921e-01   1.355087056949602e-01  -5.010000000000000e-02
  4.996705922630356e-01   1.355452398834783e-01  -5.010000000000000e-02
  4.997599183989067e-01   1.355814599920209e-01  -5.010000000000000e-02
  4.998497745639037e-01   1.356173074977397e-01  -5.009999999999999e-02
  4.999401635690268e-01   1.356527493637140e-01  -5.010000000000000e-02
  5.000310343921041e-01   1.356878915668998e-01  -5.010000000000000e-02
  5.001223771253344e-01   1.357227377706332e-01  -5.010000000000001e-02
  5.002141828019244e-01   1.357572890821964e-01  -5.010000000000000e-02
  5.003064778378075e-01   1.357914501805168e-01  -5.010000000000000e-02
  5.003992330863120e-01   1.358252727112950e-01  -5.009999999999999e-02
  5.004924179931779e-01   1.358588158924353e-01  -5.010000000000000e-02
  5.005860244051430e-01   1.358920786011957e-01  -5.010000000000000e-02
  5.006800446546542e-01   1.359250582398428e-01  -5.010000000000000e-02
  5.007745038942905e-01   1.359576555991481e-01  -5.010000000000000e-02
  5.008693588814885e-01   1.359899677575164e-01  -5.010000000000000e-02
  5.009645933943988e-01   1.360220168241055e-01  -5.010000000000000e-02
  5.010601970944894e-01   1.360538079365947e-01  -5.010000000000000e-02
  5.011561700253338e-01   1.360853143201955e-01  -5.010000000000000e-02
  5.012525239427559e-01   1.361164707060174e-01  -5.009999999999999e-02
  5.013492161221962e-01   1.361473802385324e-01  -5.010000000000000e-02
  5.014462364205642e-01   1.361780475951726e-01  -5.009999999999999e-02
  5.015435747071075e-01   1.362084773250098e-01  -5.010000000000000e-02
  5.016412494598490e-01   1.362385804395792e-01  -5.010000000000000e-02
  5.017392303413455e-01   1.362684243128124e-01  -5.010000000000000e-02
  5.018374983229197e-01   1.362980422491524e-01  -5.010000000000000e-02
  5.019360442400327e-01   1.363274356090152e-01  -5.010000000000000e-02
  5.020348746355063e-01   1.363565519987598e-01  -5.010000000000000e-02
  5.021339815892932e-01   1.363853858149889e-01  -5.010000000000001e-02
  5.022333361100835e-01   1.364140051205470e-01  -5.010000000000000e-02
  5.023329293375700e-01   1.364424100440260e-01  -5.010000000000001e-02
  5.024327604195448e-01   1.364705719932901e-01  -5.010000000000000e-02
  5.025328333978694e-01   1.364984427304209e-01  -5.010000000000000e-02
  5.026331143965807e-01   1.365261103218158e-01  -5.010000000000000e-02
  5.027335944320102e-01   1.365535751352415e-01  -5.010000000000001e-02
  5.028342713056846e-01   1.365808121857483e-01  -5.009999999999999e-02
  5.029351516321761e-01   1.366077616443961e-01  -5.010000000000000e-02
  5.030362023533312e-01   1.366345120303227e-01  -5.010000000000000e-02
  5.031374141784228e-01   1.366610646774953e-01  -5.010000000000000e-02
  5.032387877597067e-01   1.366873822510872e-01  -5.010000000000000e-02
  5.033403228129840e-01   1.367134289135720e-01  -5.010000000000000e-02
  5.034419897457030e-01   1.367392836090998e-01  -5.010000000000000e-02
  5.035437793253268e-01   1.367649473975358e-01  -5.010000000000000e-02
  5.036456996975499e-01   1.367903510830585e-01  -5.010000000000000e-02
  5.037477371195798e-01   1.368155112945002e-01  -5.010000000000000e-02
  5.038498688954582e-01   1.368404828347922e-01  -5.009999999999999e-02
  5.039520854173355e-01   1.368652683140984e-01  -5.010000000000000e-02
  5.040544089938652e-01   1.368897362162000e-01  -5.010000000000000e-02
  5.041567995130951e-01   1.369140141634227e-01  -5.010000000000000e-02
  5.042592473986380e-01   1.369381047854972e-01  -5.010000000000000e-02
  5.043617583992917e-01   1.369619445530911e-01  -5.010000000000000e-02
  5.044643251140525e-01   1.369855241394670e-01  -5.010000000000000e-02
  5.045669225198922e-01   1.370089123549846e-01  -5.010000000000001e-02
  5.046695444590119e-01   1.370320970516270e-01  -5.010000000000000e-02
  5.047722067434993e-01   1.370549660165686e-01  -5.010000000000001e-02
  5.048748721874249e-01   1.370776438178544e-01  -5.009999999999999e-02
  5.049775318400148e-01   1.371001311181152e-01  -5.010000000000000e-02
  5.050802020327582e-01   1.371223108618982e-01  -5.010000000000000e-02
  5.051828558685154e-01   1.371442636758464e-01  -5.010000000000000e-02
  5.052854778169331e-01   1.371660209392910e-01  -5.010000000000000e-02
  5.053880780061797e-01   1.371874920654753e-01  -5.010000000000000e-02
  5.054906413660336e-01   1.372087041106970e-01  -5.010000000000000e-02
  5.055931459430662e-01   1.372297205158892e-01  -5.010000000000000e-02
  5.056955988734713e-01   1.372504632232755e-01  -5.010000000000000e-02
  5.057979933646548e-01   1.372709196946918e-01  -5.010000000000000e-02
  5.059003032039282e-01   1.372911771063060e-01  -5.009999999999999e-02
  5.060025351282337e-01   1.373111574387606e-01  -5.010000000000000e-02
  5.061046842792167e-01   1.373308382619389e-01  -5.010000000000000e-02
  5.062067230140587e-01   1.373503180264371e-01  -5.010000000000000e-02
  5.063086602137907e-01   1.373695051998972e-01  -5.009999999999999e-02
  5.064104876416169e-01   1.373883950675304e-01  -5.010000000000000e-02
  5.065121793810361e-01   1.374070817530269e-01  -5.010000000000000e-02
  5.066137497924230e-01   1.374254405870453e-01  -5.010000000000000e-02
  5.067151810349616e-01   1.374435204592452e-01  -5.010000000000000e-02
  5.068164513572026e-01   1.374613978385091e-01  -5.010000000000000e-02
  5.069175832691755e-01   1.374788963922293e-01  -5.009999999999999e-02
  5.070185444696383e-01   1.374961515682779e-01  -5.009999999999999e-02
  5.071193217552119e-01   1.375131954393855e-01  -5.010000000000000e-02
  5.072199421698150e-01   1.375298162312028e-01  -5.010000000000000e-02
  5.073203607371051e-01   1.375462340719946e-01  -5.010000000000000e-02
  5.074205830976188e-01   1.375623680689364e-01  -5.010000000000000e-02
  5.075206139756203e-01   1.375781353331291e-01  -5.010000000000000e-02
  5.076204194897038e-01   1.375937009850961e-01  -5.010000000000000e-02
  5.077200194002185e-01   1.376088878116002e-01  -5.009999999999999e-02
  5.078193892823563e-01   1.376238009256882e-01  -5.010000000000000e-02
  5.079185149102000e-01   1.376384877897704e-01  -5.010000000000000e-02
  5.080174201463199e-01   1.376527312544347e-01  -5.010000000000000e-02
  5.081160613665178e-01   1.376667791397562e-01  -5.010000000000000e-02
  5.082144544981874e-01   1.376804694572988e-01  -5.010000000000000e-02
  5.083125855519497e-01   1.376938446588285e-01  -5.010000000000000e-02
  5.084104336883141e-01   1.377070084868141e-01  -5.010000000000000e-02
  5.085080259098208e-01   1.377197010546576e-01  -5.010000000000000e-02
  5.086053173450067e-01   1.377322087952280e-01  -5.010000000000000e-02
  5.087023268530412e-01   1.377443327799057e-01  -5.010000000000000e-02
  5.087990361812635e-01   1.377561573165699e-01  -5.010000000000001e-02
  5.088954330165982e-01   1.377677326187602e-01  -5.010000000000000e-02
  5.089915326727619e-01   1.377788680815315e-01  -5.010000000000000e-02
  5.090872969755353e-01   1.377898356053729e-01  -5.010000000000000e-02
  5.091827533813728e-01   1.378003356382587e-01  -5.010000000000001e-02
  5.092778666095212e-01   1.378106227034581e-01  -5.010000000000000e-02
  5.093726461070547e-01   1.378205562475916e-01  -5.010000000000001e-02
  5.094670825411674e-01   1.378301571646616e-01  -5.010000000000001e-02
  5.095611612002302e-01   1.378395162444719e-01  -5.010000000000000e-02
  5.096548948263415e-01   1.378484355376946e-01  -5.010000000000000e-02
  5.097482488120186e-01   1.378572183236308e-01  -5.010000000000000e-02
  5.098412541890518e-01   1.378654634225370e-01  -5.010000000000000e-02
  5.099338684451772e-01   1.378735752976038e-01  -5.010000000000000e-02
  5.100261137053910e-01   1.378812392363771e-01  -5.009999999999999e-02
  5.101179644434759e-01   1.378886846156594e-01  -5.010000000000000e-02
  5.102094279905595e-01   1.378957617349546e-01  -5.010000000000000e-02
  5.103004921006005e-01   1.379025478400119e-01  -5.010000000000000e-02
  5.103911522830714e-01   1.379090433591392e-01  -5.010000000000000e-02
  5.104814073421909e-01   1.379151804775445e-01  -5.010000000000001e-02
  5.105712440367678e-01   1.379210902319602e-01  -5.010000000000000e-02
  5.106606687391810e-01   1.379265867682532e-01  -5.010000000000000e-02
  5.107496622789617e-01   1.379319113905011e-01  -5.010000000000000e-02
  5.108382360348120e-01   1.379367797690522e-01  -5.010000000000000e-02
  5.109263675100708e-01   1.379415211169451e-01  -5.010000000000000e-02
  5.110140706903191e-01   1.379457749258422e-01  -5.010000000000000e-02
  5.111013220202758e-01   1.379499350725054e-01  -5.010000000000000e-02
  5.111881359840353e-01   1.379535890949585e-01  -5.010000000000000e-02
  5.112744899008649e-01   1.379571706631616e-01  -5.009999999999999e-02
  5.113603971732516e-01   1.379602365867405e-01  -5.010000000000000e-02
  5.114458373950999e-01   1.379632379648891e-01  -5.010000000000000e-02
  5.115308210898508e-01   1.379657416960900e-01  -5.010000000000000e-02
  5.116153316413081e-01   1.379681765387065e-01  -5.010000000000000e-02
  5.116993764685297e-01   1.379701286524374e-01  -5.010000000000000e-02
  5.117829428363793e-01   1.379719911513108e-01  -5.010000000000000e-02
  5.118660342324211e-01   1.379734182166711e-01  -5.010000000000000e-02
  5.119486422222308e-01   1.379747228039453e-01  -5.010000000000000e-02
  5.120307669141124e-01   1.379756466508997e-01  -5.010000000000000e-02
  5.121124034409277e-01   1.379763981522110e-01  -5.009999999999999e-02
  5.121935493418848e-01   1.379768378920546e-01  -5.010000000000000e-02
  5.122742021495459e-01   1.379770370919817e-01  -5.010000000000000e-02
  5.123543583191497e-01   1.379770162059900e-01  -5.009999999999999e-02
  5.124340159138910e-01   1.379766736025030e-01  -5.009999999999999e-02
  5.125131726105209e-01   1.379762190799685e-01  -5.010000000000000e-02
  5.125918244031871e-01   1.379753454213497e-01  -5.010000000000000e-02
  5.126699730263952e-01   1.379744773519021e-01  -5.010000000000000e-02
  5.127476093506365e-01   1.379730865526714e-01  -5.010000000000000e-02
  5.128247396715905e-01   1.379716973336708e-01  -5.010000000000001e-02
  5.129013546826067e-01   1.379699360726141e-01  -5.010000000000000e-02
  5.129774583635648e-01   1.379680415194054e-01  -5.010000000000000e-02
  5.130530463555132e-01   1.379659330415002e-01  -5.010000000000000e-02
  5.131281154572680e-01   1.379635314809342e-01  -5.010000000000000e-02
  5.132026720658032e-01   1.379611026394250e-01  -5.010000000000000e-02
  5.132767000772784e-01   1.379582143790240e-01  -5.010000000000000e-02
  5.133502158430408e-01   1.379553461042876e-01  -5.010000000000000e-02
  5.134232034284977e-01   1.379521368794491e-01  -5.009999999999999e-02
  5.134956713167259e-01   1.379487975354131e-01  -5.010000000000000e-02
  5.135676185529362e-01   1.379453389808596e-01  -5.010000000000000e-02
  5.136390334380367e-01   1.379415320268800e-01  -5.010000000000000e-02
  5.137099344235405e-01   1.379377524676392e-01  -5.010000000000000e-02
  5.137802984300612e-01   1.379335969923558e-01  -5.010000000000000e-02
  5.138501429462431e-01   1.379293739646657e-01  -5.010000000000000e-02
  5.139194646184515e-01   1.379250416084468e-01  -5.010000000000000e-02
  5.139882499184383e-01   1.379203869934222e-01  -5.010000000000000e-02
  5.140565219112399e-01   1.379157671132513e-01  -5.010000000000000e-02
  5.141242559524899e-01   1.379108325822037e-01  -5.010000000000000e-02
  5.141914673749184e-01   1.379057934395156e-01  -5.010000000000000e-02
  5.142581636938249e-01   1.379007530722813e-01  -5.010000000000000e-02
  5.143243141904531e-01   1.378953141979265e-01  -5.010000000000000e-02
  5.143899540664263e-01   1.378899173066517e-01  -5.009999999999999e-02
  5.144550676615695e-01   1.378843725208456e-01  -5.009999999999999e-02
  5.145196474973146e-01   1.378785843434099e-01  -5.010000000000000e-02
  5.145837191974324e-01   1.378728417092796e-01  -5.010000000000000e-02
  5.146472558207623e-01   1.378668464609484e-01  -5.010000000000000e-02
  5.147102714395662e-01   1.378607394401054e-01  -5.010000000000000e-02
  5.147727820465921e-01   1.378546813613740e-01  -5.010000000000000e-02
  5.148347507457918e-01   1.378482947692419e-01  -5.010000000000000e-02
  5.148962096214590e-01   1.378418873767117e-01  -5.010000000000001e-02
  5.149571672190292e-01   1.378355322449088e-01  -5.010000000000000e-02
  5.150175795459329e-01   1.378288100757557e-01  -5.009999999999999e-02
  5.150774914560325e-01   1.378221242490004e-01  -5.009999999999999e-02
  5.151369063812932e-01   1.378154937937362e-01  -5.010000000000000e-02
  5.151957762603546e-01   1.378084893513892e-01  -5.009999999999999e-02
  5.152541524748410e-01   1.378015436461266e-01  -5.009999999999999e-02
  5.153120365533541e-01   1.377946564960727e-01  -5.010000000000000e-02
  5.153693806766038e-01   1.377874250087887e-01  -5.010000000000000e-02
  5.154262345061912e-01   1.377802405013828e-01  -5.010000000000000e-02
  5.154826015341043e-01   1.377731175101538e-01  -5.010000000000000e-02
  5.155384392652994e-01   1.377657157003651e-01  -5.010000000000000e-02
  5.155937859795158e-01   1.377583155391174e-01  -5.010000000000000e-02
  5.156486516821248e-01   1.377509796917770e-01  -5.010000000000000e-02
  5.157030040418736e-01   1.377434589767516e-01  -5.010000000000000e-02
  5.157568597530763e-01   1.377358607102988e-01  -5.010000000000000e-02
  5.158102406678699e-01   1.377283294307920e-01  -5.010000000000000e-02
  5.158631311680949e-01   1.377207431379640e-01  -5.010000000000000e-02
  5.159155144553279e-01   1.377129713908921e-01  -5.010000000000000e-02
  5.159674295413087e-01   1.377052691076111e-01  -5.010000000000000e-02
  5.160188785388755e-01   1.376976359746538e-01  -5.010000000000000e-02
  5.160698128375281e-01   1.376897378328718e-01  -5.009999999999999e-02
  5.161202807876441e-01   1.376818779769480e-01  -5.010000000000000e-02
  5.161702897076674e-01   1.376740896101650e-01  -5.010000000000000e-02
  5.162198207754173e-01   1.376662401409744e-01  -5.010000000000000e-02
  5.162688632908949e-01   1.376582477409410e-01  -5.010000000000000e-02
  5.163174541315304e-01   1.376503289498159e-01  -5.010000000000001e-02
  5.163655956385559e-01   1.376424833860513e-01  -5.010000000000000e-02
  5.164132494275745e-01   1.376344660363755e-01  -5.010000000000000e-02
  5.164604438083291e-01   1.376264320458665e-01  -5.010000000000000e-02
  5.165071965678920e-01   1.376184732333852e-01  -5.010000000000000e-02
  5.165535101533527e-01   1.376105891823588e-01  -5.010000000000000e-02
  5.165993345539736e-01   1.376024775730184e-01  -5.010000000000000e-02
  5.166447218851746e-01   1.375944234163730e-01  -5.010000000000000e-02
  5.166896780522274e-01   1.375864457714654e-01  -5.010000000000000e-02
  5.167342053008406e-01   1.375785425853371e-01  -5.010000000000000e-02
  5.167782514338137e-01   1.375704109534283e-01  -5.010000000000001e-02
  5.168218746020394e-01   1.375623574076851e-01  -5.010000000000000e-02
  5.168650773965802e-01   1.375543814697553e-01  -5.009999999999999e-02
  5.169078624260430e-01   1.375464826580476e-01  -5.010000000000000e-02
  5.169501822016422e-01   1.375383941981251e-01  -5.010000000000001e-02
  5.169920850318140e-01   1.375303582649536e-01  -5.010000000000000e-02
  5.170335785517327e-01   1.375224008274310e-01  -5.009999999999999e-02
  5.170746654275720e-01   1.375145213742505e-01  -5.010000000000000e-02
  5.171153142740957e-01   1.375065449457818e-01  -5.010000000000000e-02
  5.171555429197605e-01   1.374985485436344e-01  -5.009999999999999e-02
  5.171953735189947e-01   1.374906312627022e-01  -5.010000000000000e-02
  5.172348087814708e-01   1.374827925643733e-01  -5.009999999999999e-02
  5.172738423923273e-01   1.374749872487079e-01  -5.010000000000000e-02
  5.173124422965135e-01   1.374670428271074e-01  -5.010000000000000e-02
  5.173506555773477e-01   1.374591779782150e-01  -5.010000000000000e-02
  5.173884849748349e-01   1.374513921380978e-01  -5.010000000000000e-02
  5.174259332355846e-01   1.374436847414638e-01  -5.010000000000001e-02
  5.174629782362927e-01   1.374359363551424e-01  -5.010000000000000e-02
  5.174996215737684e-01   1.374281408646714e-01  -5.010000000000000e-02
  5.175358925640495e-01   1.374204245872090e-01  -5.010000000000000e-02
  5.175717939691468e-01   1.374127869351660e-01  -5.010000000000000e-02
  5.176073285541547e-01   1.374052273202973e-01  -5.010000000000000e-02
  5.176424713286958e-01   1.373976167498401e-01  -5.010000000000000e-02
  5.176772311663279e-01   1.373899828720644e-01  -5.010000000000000e-02
  5.177116330000472e-01   1.373824276183072e-01  -5.010000000000000e-02
  5.177456795969047e-01   1.373749503808749e-01  -5.010000000000000e-02
  5.177793737238833e-01   1.373675505520887e-01  -5.010000000000000e-02
  5.178127010210628e-01   1.373601507293610e-01  -5.010000000000000e-02
  5.178456509120637e-01   1.373526904814912e-01  -5.010000000000000e-02
  5.178782571243442e-01   1.373453080465781e-01  -5.010000000000000e-02
  5.179105224148974e-01   1.373380028004056e-01  -5.010000000000000e-02
  5.179424495378524e-01   1.373307741194062e-01  -5.010000000000000e-02
  5.179740412439555e-01   1.373236213807779e-01  -5.010000000000000e-02
  5.180052615269921e-01   1.373163752961141e-01  -5.010000000000000e-02
  5.180361454156587e-01   1.373091757650389e-01  -5.010000000000000e-02
  5.180667025927920e-01   1.373020523956757e-01  -5.010000000000000e-02
  5.180969357866847e-01   1.372950045520157e-01  -5.010000000000000e-02
  5.181268477198555e-01   1.372880315993960e-01  -5.010000000000000e-02
  5.181564411086078e-01   1.372811329046026e-01  -5.010000000000000e-02
  5.181856757106699e-01   1.372741261670824e-01  -5.010000000000000e-02
  5.182145971507863e-01   1.372671922997407e-01  -5.010000000000000e-02
  5.182432086145408e-01   1.372603327487181e-01  -5.010000000000000e-02
  5.182715127852149e-01   1.372535468707024e-01  -5.010000000000001e-02
  5.182995123378604e-01   1.372468340243541e-01  -5.010000000000000e-02
  5.183272099389300e-01   1.372401935703959e-01  -5.010000000000000e-02
  5.183545787663830e-01   1.372335035520328e-01  -5.010000000000000e-02
  5.183816401051351e-01   1.372268400316808e-01  -5.010000000000000e-02
  5.184084078739759e-01   1.372202487992928e-01  -5.010000000000000e-02
  5.184348846975779e-01   1.372137292085754e-01  -5.010000000000000e-02
  5.184610731903484e-01   1.372072806157632e-01  -5.010000000000000e-02
  5.184869759561253e-01   1.372009023796934e-01  -5.010000000000001e-02
  5.185125955878837e-01   1.371945938618778e-01  -5.010000000000000e-02
  5.185378967776322e-01   1.371882025372019e-01  -5.010000000000000e-02
  5.185629199844825e-01   1.371818796576177e-01  -5.010000000000000e-02
  5.185876681847055e-01   1.371756262668804e-01  -5.010000000000000e-02
  5.186121439212418e-01   1.371694417224381e-01  -5.010000000000000e-02
  5.186363497248696e-01   1.371633253848123e-01  -5.010000000000001e-02
  5.186602881139704e-01   1.371572766176568e-01  -5.010000000000000e-02
  5.186839615943024e-01   1.371512947878148e-01  -5.010000000000000e-02
  5.187073479246263e-01   1.371452825823288e-01  -5.010000000000000e-02
  5.187304640695374e-01   1.371392959937337e-01  -5.010000000000000e-02
  5.187533231341606e-01   1.371333759834511e-01  -5.009999999999999e-02
  5.187759275679795e-01   1.371275219171170e-01  -5.010000000000000e-02
  5.187982798068794e-01   1.371217331638890e-01  -5.010000000000000e-02
  5.188203822729736e-01   1.371160090964914e-01  -5.010000000000000e-02
  5.188422373744375e-01   1.371103490912582e-01  -5.010000000000000e-02
  5.188638475053504e-01   1.371047525281738e-01  -5.010000000000000e-02
  5.188851907962336e-01   1.370991262598745e-01  -5.010000000000000e-02
  5.189062861124471e-01   1.370935326344894e-01  -5.010000000000000e-02
  5.189271439145823e-01   1.370880019882397e-01  -5.010000000000000e-02
  5.189477665353672e-01   1.370825337025803e-01  -5.010000000000000e-02
  5.189681562927779e-01   1.370771271628775e-01  -5.010000000000000e-02
  5.189883154899246e-01   1.370717817584398e-01  -5.010000000000000e-02
  5.190082464149437e-01   1.370664968825456e-01  -5.010000000000000e-02
  5.190279513408976e-01   1.370612719324707e-01  -5.010000000000000e-02
  5.190474325256802e-01   1.370561063095130e-01  -5.010000000000000e-02
  5.190666626812983e-01   1.370508893246001e-01  -5.010000000000000e-02
  5.190856738384103e-01   1.370457314983349e-01  -5.010000000000000e-02
  5.191044682697077e-01   1.370406324709158e-01  -5.010000000000000e-02
  5.191230481682144e-01   1.370355916473637e-01  -5.010000000000000e-02
  5.191414157114291e-01   1.370306084369121e-01  -5.010000000000000e-02
  5.191595730612668e-01   1.370256822530219e-01  -5.010000000000001e-02
  5.191775223640056e-01   1.370208125133968e-01  -5.010000000000001e-02
  5.191952657502388e-01   1.370159986399958e-01  -5.010000000000000e-02
  5.192128053348316e-01   1.370112400590446e-01  -5.010000000000000e-02
  5.192301367203529e-01   1.370065125136079e-01  -5.010000000000000e-02
  5.192472491438380e-01   1.370017685988430e-01  -5.009999999999999e-02
  5.192641643134113e-01   1.369970793669081e-01  -5.009999999999999e-02
  5.192808842776070e-01   1.369924442499074e-01  -5.010000000000000e-02
  5.192974110691161e-01   1.369878626843375e-01  -5.010000000000000e-02
  5.193137467047713e-01   1.369833341110909e-01  -5.010000000000000e-02
  5.193298931855370e-01   1.369788579754592e-01  -5.010000000000000e-02
  5.193458524965042e-01   1.369744337271344e-01  -5.010000000000001e-02
  5.193616266068887e-01   1.369700608202097e-01  -5.010000000000000e-02
  5.193772174700326e-01   1.369657387131784e-01  -5.010000000000000e-02
  5.193926270234117e-01   1.369614668689327e-01  -5.010000000000000e-02
  5.194078517001382e-01   1.369572251653453e-01  -5.010000000000000e-02
  5.194228812597009e-01   1.369529697219254e-01  -5.010000000000000e-02
  5.194377354965776e-01   1.369487639190667e-01  -5.010000000000000e-02
  5.194524162820311e-01   1.369446072269430e-01  -5.010000000000000e-02
  5.194669254715661e-01   1.369404991201899e-01  -5.010000000000000e-02
  5.194812649049565e-01   1.369364390778972e-01  -5.010000000000000e-02
  5.194954364062741e-01   1.369324265836002e-01  -5.010000000000000e-02
  5.195094417839232e-01   1.369284611252705e-01  -5.010000000000000e-02
  5.195232828306755e-01   1.369245421953057e-01  -5.010000000000000e-02
  5.195369613237095e-01   1.369206692905188e-01  -5.010000000000000e-02
  5.195504790246515e-01   1.369168419121259e-01  -5.010000000000000e-02
  5.195638376796199e-01   1.369130595657340e-01  -5.009999999999999e-02
  5.195770390192723e-01   1.369093217613277e-01  -5.010000000000000e-02
  5.195900739609094e-01   1.369055902533147e-01  -5.010000000000000e-02
  5.196029465476462e-01   1.369018727545654e-01  -5.010000000000000e-02
  5.196156671460946e-01   1.368981991488023e-01  -5.010000000000000e-02
  5.196282374230899e-01   1.368945689546569e-01  -5.010000000000000e-02
  5.196406590302974e-01   1.368909816951416e-01  -5.010000000000001e-02
  5.196529336042731e-01   1.368874368976323e-01  -5.010000000000000e-02
  5.196650627665259e-01   1.368839340938504e-01  -5.010000000000000e-02
  5.196770481235813e-01   1.368804728198443e-01  -5.010000000000000e-02
  5.196888912670473e-01   1.368770526159705e-01  -5.010000000000000e-02
  5.197005937736826e-01   1.368736730268739e-01  -5.009999999999999e-02
  5.197121572054652e-01   1.368703336014680e-01  -5.010000000000000e-02
  5.197235831096636e-01   1.368670338929140e-01  -5.010000000000000e-02
  5.197348730189095e-01   1.368637734586004e-01  -5.010000000000000e-02
  5.197460284512718e-01   1.368605518601212e-01  -5.010000000000000e-02
  5.197570509103315e-01   1.368573686632544e-01  -5.010000000000000e-02
  5.197679303879741e-01   1.368541840826347e-01  -5.010000000000000e-02
  5.197786719540887e-01   1.368510099982332e-01  -5.010000000000000e-02
  5.197892852032365e-01   1.368478738309175e-01  -5.010000000000000e-02
  5.197997715792218e-01   1.368447751540498e-01  -5.010000000000000e-02
  5.198101325117821e-01   1.368417135451490e-01  -5.010000000000000e-02
  5.198203694166723e-01   1.368386885858662e-01  -5.009999999999999e-02
  5.198304836957473e-01   1.368356998619593e-01  -5.010000000000000e-02
  5.198404767370463e-01   1.368327469632692e-01  -5.010000000000000e-02
  5.198503499148790e-01   1.368298294836934e-01  -5.010000000000000e-02
  5.198601045899115e-01   1.368269470211613e-01  -5.010000000000000e-02
  5.198697421092530e-01   1.368240991776081e-01  -5.010000000000000e-02
  5.198792638065442e-01   1.368212855589491e-01  -5.010000000000001e-02
  5.198886710020455e-01   1.368185057750532e-01  -5.010000000000000e-02
  5.198979650027266e-01   1.368157594397168e-01  -5.010000000000000e-02
  5.199071471023558e-01   1.368130461706372e-01  -5.010000000000000e-02
  5.199162185815908e-01   1.368103655893858e-01  -5.010000000000000e-02
  5.199251807080695e-01   1.368077173213812e-01  -5.010000000000000e-02
  5.199340347365015e-01   1.368051009958626e-01  -5.010000000000000e-02
  5.199427660517128e-01   1.368024639786852e-01  -5.010000000000000e-02
  5.199513697183783e-01   1.367997855876925e-01  -5.009999999999999e-02
  5.199598694321412e-01   1.367971395580790e-01  -5.010000000000000e-02
  5.199682663916440e-01   1.367945255166974e-01  -5.010000000000000e-02
  5.199765601619717e-01   1.367919381466932e-01  -5.010000000000000e-02
  5.199846758314076e-01   1.367891448772291e-01  -5.010000000000000e-02
  5.199926932289963e-01   1.367863854311917e-01  -5.010000000000000e-02
  5.200006134931718e-01   1.367836594167521e-01  -5.009999999999999e-02
  5.200084377504487e-01   1.367809664461841e-01  -5.010000000000000e-02
  5.200161353466239e-01   1.367782182075913e-01  -5.010000000000000e-02
  5.200236873571478e-01   1.367753588902974e-01  -5.010000000000000e-02
  5.200311476842354e-01   1.367725342858833e-01  -5.010000000000000e-02
  5.200385173958383e-01   1.367697439900050e-01  -5.010000000000000e-02
  5.200457975485795e-01   1.367669876026073e-01  -5.009999999999999e-02
  5.200529461682837e-01   1.367641563336417e-01  -5.010000000000001e-02
  5.200599613534368e-01   1.367612423944412e-01  -5.010000000000000e-02
  5.200668911653592e-01   1.367583639172276e-01  -5.010000000000000e-02
  5.200737366036088e-01   1.367555204868085e-01  -5.010000000000000e-02
  5.200804986570130e-01   1.367527116924489e-01  -5.010000000000000e-02
  5.200871478063981e-01   1.367498670339278e-01  -5.010000000000000e-02
  5.200936508256115e-01   1.367469075196797e-01  -5.009999999999999e-02
  5.201000745240531e-01   1.367439841041955e-01  -5.010000000000000e-02
  5.201064198348770e-01   1.367410963627979e-01  -5.010000000000000e-02
  5.201126876811090e-01   1.367382438754195e-01  -5.010000000000000e-02
  5.201188789757337e-01   1.367354262265621e-01  -5.009999999999999e-02
  5.201249016407095e-01   1.367324481604829e-01  -5.009999999999999e-02
  5.201308387132155e-01   1.367294814060643e-01  -5.009999999999999e-02
  5.201367031832679e-01   1.367265509310832e-01  -5.010000000000000e-02
  5.201424959095572e-01   1.367236563064518e-01  -5.009999999999999e-02
  5.201482177413387e-01   1.367207971077975e-01  -5.010000000000000e-02
  5.201538500090146e-01   1.367179357030892e-01  -5.010000000000000e-02
  5.201593197235684e-01   1.367149308740033e-01  -5.010000000000000e-02
  5.201647224182244e-01   1.367119628628055e-01  -5.010000000000000e-02
  5.201700588889298e-01   1.367090312322363e-01  -5.010000000000000e-02
  5.201753299228034e-01   1.367061355498859e-01  -5.010000000000000e-02
  5.201805362982180e-01   1.367032753881491e-01  -5.010000000000000e-02
  5.201856575913919e-01   1.367004136355756e-01  -5.010000000000000e-02
  5.201906124247213e-01   1.366974076815380e-01  -5.010000000000000e-02
  5.201955064122407e-01   1.366944386408929e-01  -5.009999999999999e-02
  5.202003402799105e-01   1.366915060732214e-01  -5.010000000000000e-02
  5.202051147455556e-01   1.366886095430397e-01  -5.010000000000001e-02
  5.202098305189433e-01   1.366857486197527e-01  -5.010000000000001e-02
  5.202144883018610e-01   1.366829228776061e-01  -5.010000000000000e-02
  5.202189686882217e-01   1.366799441767923e-01  -5.010000000000000e-02
  5.202233759455937e-01   1.366769740012338e-01  -5.010000000000000e-02
  5.202277289524344e-01   1.366740403866447e-01  -5.010000000000000e-02
  5.202320283592161e-01   1.366711428946534e-01  -5.010000000000000e-02
  5.202362748090409e-01   1.366682810918551e-01  -5.010000000000000e-02
  5.202404689377139e-01   1.366654545497627e-01  -5.010000000000000e-02
  5.202445716200984e-01   1.366626071435417e-01  -5.010000000000000e-02
  5.202485091183142e-01   1.366596342652978e-01  -5.010000000000000e-02
  5.202523980572962e-01   1.366566980501028e-01  -5.010000000000001e-02
  5.202562390215395e-01   1.366537980566528e-01  -5.010000000000000e-02
  5.202600325888611e-01   1.366509338486865e-01  -5.009999999999999e-02
  5.202637793304659e-01   1.366481049949342e-01  -5.010000000000000e-02
  5.202674798110143e-01   1.366453110690676e-01  -5.010000000000000e-02
  5.202710789688007e-01   1.366424824434538e-01  -5.010000000000000e-02
  5.202745170404868e-01   1.366395436531751e-01  -5.009999999999999e-02
  5.202779126264695e-01   1.366366411787688e-01  -5.010000000000001e-02
  5.202812662402672e-01   1.366337745812900e-01  -5.010000000000000e-02
  5.202845783894778e-01   1.366309434268551e-01  -5.010000000000000e-02
  5.202878495758385e-01   1.366281472865899e-01  -5.010000000000000e-02
  5.202910802952873e-01   1.366253857365769e-01  -5.010000000000000e-02
  5.202942625865733e-01   1.366226491396234e-01  -5.010000000000000e-02
  5.202972190516197e-01   1.366197430611301e-01  -5.010000000000000e-02
  5.203001389148665e-01   1.366168729606378e-01  -5.009999999999999e-02
  5.203030226203941e-01   1.366140384016347e-01  -5.010000000000000e-02
  5.203058706071199e-01   1.366112389526836e-01  -5.010000000000000e-02
  5.203086833088532e-01   1.366084741873686e-01  -5.010000000000000e-02
  5.203114611543489e-01   1.366057436842419e-01  -5.010000000000001e-02
  5.203142045673614e-01   1.366030470267712e-01  -5.010000000000000e-02
  5.203168260626552e-01   1.366003012876268e-01  -5.010000000000000e-02
  5.203192819658806e-01   1.365974646742324e-01  -5.010000000000000e-02
  5.203217074060105e-01   1.365946632462737e-01  -5.010000000000000e-02
  5.203241027540990e-01   1.365918965751761e-01  -5.010000000000000e-02
  5.203264683768507e-01   1.365891642373893e-01  -5.010000000000000e-02
  5.203288046366664e-01   1.365864658143337e-01  -5.010000000000001e-02
  5.203311118916900e-01   1.365838008923464e-01  -5.010000000000000e-02
  5.203333904958546e-01   1.365811690626282e-01  -5.010000000000000e-02
  5.203355558262163e-01   1.365785029629106e-01  -5.010000000000000e-02
  5.203375318051154e-01   1.365757419725924e-01  -5.010000000000000e-02
  5.203394832314069e-01   1.365730152890738e-01  -5.010000000000000e-02
  5.203414104052118e-01   1.365703224930023e-01  -5.010000000000000e-02
  5.203433136231062e-01   1.365676631699792e-01  -5.010000000000000e-02
  5.203451931781598e-01   1.365650369105045e-01  -5.010000000000000e-02
  5.203470493599746e-01   1.365624433099243e-01  -5.010000000000000e-02
  5.203488824547227e-01   1.365598819683765e-01  -5.010000000000000e-02
  5.203506927451843e-01   1.365573524907389e-01  -5.010000000000000e-02
  5.203522567936025e-01   1.365547117988046e-01  -5.010000000000000e-02
  5.203537491972983e-01   1.365520706895861e-01  -5.010000000000000e-02
  5.203552230245913e-01   1.365494624550577e-01  -5.009999999999999e-02
  5.203566785033617e-01   1.365468866919392e-01  -5.010000000000000e-02
  5.203581158587778e-01   1.365443430017498e-01  -5.010000000000000e-02
  5.203595353133259e-01   1.365418309907552e-01  -5.010000000000000e-02
  5.203609370868407e-01   1.365393502699138e-01  -5.010000000000000e-02
  5.203623213965342e-01   1.365369004548249e-01  -5.010000000000000e-02
  5.203636884570256e-01   1.365344811656769e-01  -5.010000000000000e-02
  5.203648293240470e-01   1.365319902062320e-01  -5.010000000000000e-02
  5.203658640235556e-01   1.365294855344432e-01  -5.010000000000000e-02
  5.203668858237274e-01   1.365270120877632e-01  -5.010000000000001e-02
  5.203678948833032e-01   1.365245694819324e-01  -5.010000000000000e-02
  5.203688913591218e-01   1.365221573372947e-01  -5.010000000000000e-02
  5.203698754061418e-01   1.365197752787458e-01  -5.010000000000000e-02
  5.203708471774627e-01   1.365174229356813e-01  -5.010000000000001e-02
  5.203718068243463e-01   1.365150999419459e-01  -5.010000000000000e-02
  5.203727544962369e-01   1.365128059357829e-01  -5.010000000000000e-02
  5.203736903407826e-01   1.365105405597843e-01  -5.010000000000000e-02
  5.203743620499233e-01   1.365082189481900e-01  -5.010000000000000e-02
  5.203749634113013e-01   1.365059055771472e-01  -5.010000000000000e-02
  5.203755572641267e-01   1.365036210906801e-01  -5.010000000000000e-02
  5.203761437010885e-01   1.365013651322240e-01  -5.010000000000000e-02
  5.203767228137581e-01   1.364991373495140e-01  -5.010000000000000e-02
  5.203772946926022e-01   1.364969373945353e-01  -5.010000000000000e-02
  5.203778594269948e-01   1.364947649234747e-01  -5.010000000000000e-02
  5.203784171052307e-01   1.364926195966721e-01  -5.010000000000000e-02
  5.203789678145375e-01   1.364905010785730e-01  -5.010000000000000e-02
  5.203795116410879e-01   1.364884090376810e-01  -5.010000000000001e-02
  5.203800486700114e-01   1.364863431465107e-01  -5.010000000000000e-02
  5.203803228075684e-01   1.364842567534090e-01  -5.010000000000000e-02
  5.203805378565185e-01   1.364821863801832e-01  -5.010000000000000e-02
  5.203807502164075e-01   1.364801418957624e-01  -5.010000000000000e-02
  5.203809599205296e-01   1.364781229796066e-01  -5.010000000000000e-02
  5.203811670017753e-01   1.364761293150649e-01  -5.010000000000000e-02
  5.203813714926358e-01   1.364741605893304e-01  -5.010000000000000e-02
  5.203815734252073e-01   1.364722164933954e-01  -5.010000000000000e-02
  5.203817728311967e-01   1.364702967220074e-01  -5.010000000000000e-02
  5.203819697419247e-01   1.364684009736252e-01  -5.010000000000000e-02
  5.203821641883316e-01   1.364665289503751e-01  -5.010000000000000e-02
  5.203823562009807e-01   1.364646803580090e-01  -5.010000000000000e-02
  5.203825458100633e-01   1.364628549058611e-01  -5.010000000000000e-02
  5.203826736040639e-01   1.364610508726788e-01  -5.010000000000000e-02
  5.203825747709011e-01   1.364592639977418e-01  -5.010000000000000e-02
  5.203824771753143e-01   1.364574994978214e-01  -5.010000000000000e-02
  5.203823808019376e-01   1.364557570951031e-01  -5.010000000000000e-02
  5.203822856355922e-01   1.364540365151629e-01  -5.010000000000000e-02
  5.203821916612849e-01   1.364523374869273e-01  -5.009999999999999e-02
  5.203820988642057e-01   1.364506597426338e-01  -5.010000000000000e-02
  5.203820072297255e-01   1.364490030177919e-01  -5.010000000000000e-02
  5.203819167433939e-01   1.364473670511443e-01  -5.010000000000000e-02
  5.203818273909373e-01   1.364457515846290e-01  -5.010000000000000e-02
  5.203817391582568e-01   1.364441563633413e-01  -5.010000000000000e-02
  5.203816520314262e-01   1.364425811354967e-01  -5.010000000000000e-02
  5.203815659966894e-01   1.364410256523936e-01  -5.010000000000000e-02
  5.203814810404592e-01   1.364394896683771e-01  -5.010000000000000e-02
  5.203813971493149e-01   1.364379729408025e-01  -5.010000000000000e-02
  5.203813143099999e-01   1.364364752300000e-01  -5.010000000000000e-02
