888
  4.934345781720000e-01   1.262214812800000e-01  -5.010000000000000e-02
  4.934333596696652e-01   1.262223560668656e-01  -5.010000000000000e-02
  4.934321256957314e-01   1.262232419610974e-01  -5.010000000000000e-02
  4.934308760552084e-01   1.262241391026825e-01  -5.009999999999999e-02
  4.934296105506867e-01   1.262250476333453e-01  -5.010000000000000e-02
  4.934283289823070e-01   1.262259676965688e-01  -5.010000000000000e-02
  4.934270311477315e-01   1.262268994376150e-01  -5.009999999999999e-02
  4.934257168421143e-01   1.262278430035471e-01  -5.010000000000000e-02
  4.934243858580709e-01   1.262287985432504e-01  -5.010000000000000e-02
  4.934230379856482e-01   1.262297662074544e-01  -5.010000000000000e-02
  4.934216730122932e-01   1.262307461487550e-01  -5.010000000000000e-02
  4.934202907228229e-01   1.262317385216365e-01  -5.010000000000000e-02
  4.934188908993918e-01   1.262327434824943e-01  -5.009999999999999e-02
  4.934174733214610e-01   1.262337611896577e-01  -5.010000000000000e-02
  4.934161972075536e-01   1.262349677262700e-01  -5.010000000000000e-02
  4.934150160119368e-01   1.262363121469442e-01  -5.010000000000000e-02
  4.934138198396275e-01   1.262376736138849e-01  -5.010000000000000e-02
  4.934126085024164e-01   1.262390523413089e-01  -5.009999999999999e-02
  4.934113818097728e-01   1.262404485460760e-01  -5.009999999999999e-02
  4.934101395688161e-01   1.262418624477201e-01  -5.010000000000000e-02
  4.934088815842884e-01   1.262432942684811e-01  -5.010000000000000e-02
  4.934076076585262e-01   1.262447442333369e-01  -5.010000000000000e-02
  4.934063175914322e-01   1.262462125700356e-01  -5.009999999999999e-02
  4.934050111804462e-01   1.262476995091283e-01  -5.010000000000000e-02
  4.934036882205162e-01   1.262492052840023e-01  -5.010000000000000e-02
  4.934023485040694e-01   1.262507301309143e-01  -5.010000000000001e-02
  4.934009918209819e-01   1.262522742890245e-01  -5.010000000000001e-02
  4.933998337880586e-01   1.262539977508259e-01  -5.010000000000000e-02
  4.933987257516087e-01   1.262557908918470e-01  -5.010000000000001e-02
  4.933976036879717e-01   1.262576067331360e-01  -5.010000000000000e-02
  4.933964674214318e-01   1.262594455590552e-01  -5.010000000000001e-02
  4.933953167741192e-01   1.262613076574519e-01  -5.010000000000000e-02
  4.933941515659858e-01   1.262631933196991e-01  -5.010000000000000e-02
  4.933929716147790e-01   1.262651028407367e-01  -5.010000000000000e-02
  4.933917767360168e-01   1.262670365191133e-01  -5.010000000000000e-02
  4.933905667429611e-01   1.262689946570278e-01  -5.009999999999999e-02
  4.933893414465920e-01   1.262709775603723e-01  -5.010000000000000e-02
  4.933881006555810e-01   1.262729855387745e-01  -5.010000000000000e-02
  4.933868441762644e-01   1.262750189056414e-01  -5.010000000000000e-02
  4.933856445572308e-01   1.262771170197915e-01  -5.010000000000000e-02
  4.933846191249187e-01   1.262793432771895e-01  -5.010000000000000e-02
  4.933835807330379e-01   1.262815976703650e-01  -5.010000000000000e-02
  4.933825292198062e-01   1.262838805505544e-01  -5.010000000000000e-02
  4.933814644214729e-01   1.262861922732676e-01  -5.010000000000000e-02
  4.933803861722961e-01   1.262885331983371e-01  -5.010000000000000e-02
  4.933792943045202e-01   1.262909036899675e-01  -5.010000000000000e-02
  4.933781886483525e-01   1.262933041167861e-01  -5.010000000000000e-02
  4.933770690319402e-01   1.262957348518928e-01  -5.010000000000000e-02
  4.933759352813464e-01   1.262981962729119e-01  -5.009999999999999e-02
  4.933747872205267e-01   1.263006887620434e-01  -5.010000000000001e-02
  4.933736246713051e-01   1.263032127061149e-01  -5.010000000000000e-02
  4.933724777641638e-01   1.263057808220309e-01  -5.010000000000000e-02
  4.933715254303094e-01   1.263084663396923e-01  -5.010000000000000e-02
  4.933705610843528e-01   1.263111857306770e-01  -5.010000000000000e-02
  4.933695845769434e-01   1.263139394161439e-01  -5.010000000000000e-02
  4.933685957569288e-01   1.263167278223325e-01  -5.010000000000000e-02
  4.933675944713346e-01   1.263195513806202e-01  -5.010000000000000e-02
  4.933665805653442e-01   1.263224105275800e-01  -5.010000000000000e-02
  4.933655538822772e-01   1.263253057050391e-01  -5.010000000000000e-02
  4.933645142635698e-01   1.263282373601379e-01  -5.009999999999999e-02
  4.933634615487525e-01   1.263312059453890e-01  -5.010000000000000e-02
  4.933623955754295e-01   1.263342119187379e-01  -5.010000000000000e-02
  4.933613161792571e-01   1.263372557436229e-01  -5.010000000000000e-02
  4.933603085209742e-01   1.263403648827352e-01  -5.010000000000000e-02
  4.933594188812990e-01   1.263435545050960e-01  -5.010000000000000e-02
  4.933585180459680e-01   1.263467842672062e-01  -5.010000000000000e-02
  4.933576058764368e-01   1.263500546657894e-01  -5.010000000000000e-02
  4.933566822325061e-01   1.263533662035015e-01  -5.010000000000001e-02
  4.933557469723038e-01   1.263567193889956e-01  -5.010000000000000e-02
  4.933547999522669e-01   1.263601147369884e-01  -5.010000000000000e-02
  4.933538410271225e-01   1.263635527683263e-01  -5.010000000000000e-02
  4.933528700498692e-01   1.263670340100527e-01  -5.010000000000000e-02
  4.933518868717584e-01   1.263705589954755e-01  -5.010000000000000e-02
  4.933508913422752e-01   1.263741282642352e-01  -5.010000000000000e-02
  4.933499159134316e-01   1.263777505010058e-01  -5.010000000000000e-02
  4.933490970807087e-01   1.263814603685312e-01  -5.010000000000000e-02
  4.933482679683967e-01   1.263852168095657e-01  -5.010000000000000e-02
  4.933474284499244e-01   1.263890203975637e-01  -5.010000000000000e-02
  4.933465783972250e-01   1.263928717127540e-01  -5.010000000000000e-02
  4.933457176807204e-01   1.263967713422132e-01  -5.010000000000000e-02
  4.933448461693053e-01   1.264007198799381e-01  -5.010000000000000e-02
  4.933439637303301e-01   1.264047179269202e-01  -5.010000000000001e-02
  4.933430702295854e-01   1.264087660912201e-01  -5.010000000000000e-02
  4.933421655312847e-01   1.264128649880422e-01  -5.010000000000000e-02
  4.933412494980481e-01   1.264170152398105e-01  -5.010000000000000e-02
  4.933404088823982e-01   1.264212346696604e-01  -5.010000000000000e-02
  4.933396568428536e-01   1.264255265462138e-01  -5.010000000000000e-02
  4.933388953885732e-01   1.264298721524994e-01  -5.010000000000000e-02
  4.933381244043048e-01   1.264342721462610e-01  -5.010000000000001e-02
  4.933373437734512e-01   1.264387271929153e-01  -5.010000000000000e-02
  4.933365533780573e-01   1.264432379656312e-01  -5.010000000000000e-02
  4.933357530987950e-01   1.264478051454108e-01  -5.010000000000000e-02
  4.933349428149499e-01   1.264524294211698e-01  -5.010000000000000e-02
  4.933341224044067e-01   1.264571114898193e-01  -5.009999999999999e-02
  4.933332917436341e-01   1.264618520563477e-01  -5.010000000000000e-02
  4.933325104821059e-01   1.264666611921682e-01  -5.010000000000000e-02
  4.933318360106073e-01   1.264715486235436e-01  -5.010000000000000e-02
  4.933311531199061e-01   1.264764970630939e-01  -5.010000000000000e-02
  4.933304617075583e-01   1.264815072531593e-01  -5.010000000000001e-02
  4.933297616699411e-01   1.264865799446248e-01  -5.010000000000000e-02
  4.933290529022403e-01   1.264917158970058e-01  -5.010000000000000e-02
  4.933283352984388e-01   1.264969158785345e-01  -5.010000000000001e-02
  4.933276087513049e-01   1.265021806662465e-01  -5.010000000000001e-02
  4.933268731523797e-01   1.265075110460689e-01  -5.010000000000000e-02
  4.933261283919651e-01   1.265129078129078e-01  -5.010000000000000e-02
  4.933255028394368e-01   1.265183875208807e-01  -5.010000000000000e-02
  4.933249074280364e-01   1.265239400783593e-01  -5.009999999999999e-02
  4.933243046087613e-01   1.265295617185754e-01  -5.010000000000000e-02
  4.933236942920936e-01   1.265352532763374e-01  -5.010000000000000e-02
  4.933230763875005e-01   1.265410155959147e-01  -5.010000000000000e-02
  4.933224508034251e-01   1.265468495311297e-01  -5.010000000000000e-02
  4.933218174472761e-01   1.265527559454487e-01  -5.010000000000000e-02
  4.933211762254185e-01   1.265587357120746e-01  -5.010000000000000e-02
  4.933205270431630e-01   1.265647897140388e-01  -5.010000000000000e-02
  4.933199923169073e-01   1.265709303525184e-01  -5.010000000000000e-02
  4.933194904967260e-01   1.265771508791553e-01  -5.009999999999999e-02
  4.933189824539473e-01   1.265834485406583e-01  -5.010000000000000e-02
  4.933184681139043e-01   1.265898242625939e-01  -5.010000000000000e-02
  4.933179474010972e-01   1.265962789808520e-01  -5.010000000000000e-02
  4.933174202391858e-01   1.266028136417407e-01  -5.010000000000000e-02
  4.933168865509816e-01   1.266094292020815e-01  -5.010000000000000e-02
  4.933163462584404e-01   1.266161266293057e-01  -5.010000000000000e-02
  4.933158413577479e-01   1.266229098139212e-01  -5.010000000000000e-02
  4.933154441016741e-01   1.266297847516113e-01  -5.010000000000000e-02
  4.933150419358946e-01   1.266367446569640e-01  -5.009999999999999e-02
  4.933146348019082e-01   1.266437905424071e-01  -5.010000000000000e-02
  4.933142226405716e-01   1.266509234314787e-01  -5.010000000000000e-02
  4.933138053920937e-01   1.266581443589245e-01  -5.010000000000000e-02
  4.933133829960304e-01   1.266654543707960e-01  -5.010000000000000e-02
  4.933129553912785e-01   1.266728545245480e-01  -5.010000000000000e-02
  4.933125671157830e-01   1.266803480078655e-01  -5.010000000000000e-02
  4.933122844431614e-01   1.266879390526280e-01  -5.010000000000000e-02
  4.933119982897650e-01   1.266956235720222e-01  -5.010000000000000e-02
  4.933117086144411e-01   1.267034026711750e-01  -5.010000000000000e-02
  4.933114153755941e-01   1.267112774671200e-01  -5.010000000000000e-02
  4.933111185311813e-01   1.267192490888965e-01  -5.010000000000000e-02
  4.933108180387091e-01   1.267273186776476e-01  -5.010000000000000e-02
  4.933105138552298e-01   1.267354873867198e-01  -5.010000000000000e-02
  4.933103238140699e-01   1.267437597023627e-01  -5.010000000000001e-02
  4.933101637961330e-01   1.267521344342149e-01  -5.010000000000000e-02
  4.933100018157504e-01   1.267606118730313e-01  -5.010000000000000e-02
  4.933098378499216e-01   1.267691932225696e-01  -5.010000000000000e-02
  4.933096718754035e-01   1.267778796992893e-01  -5.010000000000000e-02
  4.933095038687083e-01   1.267866725324496e-01  -5.010000000000000e-02
  4.933093338061018e-01   1.267955729642075e-01  -5.010000000000000e-02
  4.933092732163203e-01   1.268045834413295e-01  -5.010000000000000e-02
  4.933092526170813e-01   1.268137044901047e-01  -5.010000000000000e-02
  4.933092317662002e-01   1.268229369623595e-01  -5.010000000000000e-02
  4.933092106607526e-01   1.268322821530479e-01  -5.010000000000000e-02
  4.933091892977837e-01   1.268417413705092e-01  -5.010000000000000e-02
  4.933091676743082e-01   1.268513159365633e-01  -5.010000000000000e-02
  4.933091622651958e-01   1.268610070952443e-01  -5.010000000000000e-02
  4.933092931897922e-01   1.268708155295975e-01  -5.010000000000000e-02
  4.933094257079668e-01   1.268807433495090e-01  -5.009999999999999e-02
  4.933095598380942e-01   1.268907919315518e-01  -5.010000000000000e-02
  4.933096955987353e-01   1.269009626662492e-01  -5.010000000000000e-02
  4.933098330086386e-01   1.269112569581681e-01  -5.010000000000001e-02
  4.933099720867410e-01   1.269216762260099e-01  -5.010000000000000e-02
  4.933102512692896e-01   1.269322190290552e-01  -5.010000000000000e-02
  4.933105519106533e-01   1.269428892781229e-01  -5.010000000000000e-02
  4.933108561945093e-01   1.269536888051457e-01  -5.010000000000000e-02
  4.933111641624360e-01   1.269646190858095e-01  -5.010000000000000e-02
  4.933114758564227e-01   1.269756816103752e-01  -5.010000000000000e-02
  4.933117978419111e-01   1.269868776543223e-01  -5.010000000000000e-02
  4.933122755286286e-01   1.269982036241509e-01  -5.010000000000001e-02
  4.933127589823434e-01   1.270096663297008e-01  -5.010000000000001e-02
  4.933132482683716e-01   1.270212673196212e-01  -5.010000000000000e-02
  4.933137434526618e-01   1.270330081575476e-01  -5.010000000000000e-02
  4.933142446017973e-01   1.270448904221818e-01  -5.010000000000000e-02
  4.933148427935285e-01   1.270569112515300e-01  -5.010000000000000e-02
  4.933155207861421e-01   1.270690731021304e-01  -5.009999999999999e-02
  4.933162069266452e-01   1.270813811098045e-01  -5.010000000000000e-02
  4.933169013063886e-01   1.270938369132014e-01  -5.010000000000000e-02
  4.933176040175831e-01   1.271064421664026e-01  -5.010000000000000e-02
  4.933183518892866e-01   1.271191963639469e-01  -5.010000000000000e-02
  4.933191605632352e-01   1.271321002704442e-01  -5.010000000000000e-02
  4.933199789159138e-01   1.271451586191976e-01  -5.010000000000000e-02
  4.933208070548498e-01   1.271583731260023e-01  -5.010000000000000e-02
  4.933216450885576e-01   1.271717455224126e-01  -5.010000000000000e-02
  4.933224931265432e-01   1.271852775558013e-01  -5.009999999999999e-02
  4.933233512793077e-01   1.271989709894185e-01  -5.010000000000000e-02
  4.933242196583504e-01   1.272128276024474e-01  -5.010000000000000e-02
  4.933250983761728e-01   1.272268491900575e-01  -5.010000000000000e-02
  4.933259875462813e-01   1.272410375634557e-01  -5.010000000000000e-02
  4.933268872831902e-01   1.272553945499349e-01  -5.010000000000000e-02
  4.933277977024252e-01   1.272699219929197e-01  -5.010000000000000e-02
  4.933287189205252e-01   1.272846217520093e-01  -5.010000000000000e-02
  4.933296510550455e-01   1.272994957030180e-01  -5.010000000000001e-02
  4.933305942245599e-01   1.273145457380122e-01  -5.010000000000000e-02
  4.933315485486628e-01   1.273297737653450e-01  -5.010000000000000e-02
  4.933325141479713e-01   1.273451817096871e-01  -5.010000000000000e-02
  4.933334911441267e-01   1.273607715120548e-01  -5.010000000000000e-02
  4.933344796597965e-01   1.273765451298344e-01  -5.009999999999999e-02
  4.933354776331069e-01   1.273925046716741e-01  -5.010000000000000e-02
  4.933364586912847e-01   1.274086537629059e-01  -5.009999999999999e-02
  4.933374512803317e-01   1.274249926625132e-01  -5.010000000000000e-02
  4.933384555231624e-01   1.274415233937774e-01  -5.009999999999999e-02
  4.933394715436900e-01   1.274582479964213e-01  -5.010000000000000e-02
  4.933404994668268e-01   1.274751685266119e-01  -5.010000000000000e-02
  4.933415394184839e-01   1.274922870569580e-01  -5.009999999999999e-02
  4.933425915255709e-01   1.275096056765045e-01  -5.010000000000000e-02
  4.933436559159952e-01   1.275271264907223e-01  -5.010000000000000e-02
  4.933447327186614e-01   1.275448516214932e-01  -5.010000000000000e-02
  4.933458220634697e-01   1.275627832070909e-01  -5.010000000000000e-02
  4.933469240813144e-01   1.275809234021569e-01  -5.010000000000000e-02
  4.933480389040832e-01   1.275992743776713e-01  -5.010000000000000e-02
  4.933491666646533e-01   1.276178383209195e-01  -5.009999999999999e-02
  4.933503074968908e-01   1.276366174354529e-01  -5.010000000000000e-02
  4.933514615356471e-01   1.276556139410446e-01  -5.010000000000000e-02
  4.933528061204582e-01   1.276748177130669e-01  -5.010000000000000e-02
  4.933543353030614e-01   1.276942314280380e-01  -5.010000000000000e-02
  4.933558821192574e-01   1.277138690100220e-01  -5.010000000000000e-02
  4.933574467487362e-01   1.277337327402739e-01  -5.009999999999999e-02
  4.933590293724405e-01   1.277538249159472e-01  -5.010000000000000e-02
  4.933606301725589e-01   1.277741478500148e-01  -5.010000000000000e-02
  4.933622493325194e-01   1.277947038711852e-01  -5.010000000000000e-02
  4.933638870369824e-01   1.278154953238110e-01  -5.010000000000000e-02
  4.933655434718329e-01   1.278365245677920e-01  -5.009999999999999e-02
  4.933672188241723e-01   1.278577939784710e-01  -5.010000000000000e-02
  4.933689132823096e-01   1.278793059465231e-01  -5.010000000000000e-02
  4.933706270357522e-01   1.279010628778377e-01  -5.010000000000000e-02
  4.933723602751964e-01   1.279230671933941e-01  -5.010000000000000e-02
  4.933744935123193e-01   1.279452868317897e-01  -5.010000000000000e-02
  4.933767992772664e-01   1.279677448942004e-01  -5.010000000000000e-02
  4.933791311397677e-01   1.279904571457906e-01  -5.010000000000001e-02
  4.933814893538914e-01   1.280134260611746e-01  -5.010000000000000e-02
  4.933838741751760e-01   1.280366541292897e-01  -5.010000000000000e-02
  4.933862858606134e-01   1.280601438532248e-01  -5.010000000000000e-02
  4.933887246686299e-01   1.280838977500423e-01  -5.010000000000000e-02
  4.933911908590670e-01   1.281079183505909e-01  -5.010000000000000e-02
  4.933936846931620e-01   1.281322081993101e-01  -5.010000000000000e-02
  4.933962064335264e-01   1.281567698540257e-01  -5.010000000000000e-02
  4.933987563441242e-01   1.281816058857371e-01  -5.010000000000000e-02
  4.934019366372833e-01   1.282066490084891e-01  -5.010000000000000e-02
  4.934052153280369e-01   1.282319635990830e-01  -5.010000000000000e-02
  4.934085304522152e-01   1.282575594901398e-01  -5.010000000000000e-02
  4.934118823482908e-01   1.282834392949894e-01  -5.010000000000000e-02
  4.934152713562819e-01   1.283096056388935e-01  -5.010000000000000e-02
  4.934186978177174e-01   1.283360611587766e-01  -5.010000000000000e-02
  4.934221620756003e-01   1.283628085029469e-01  -5.010000000000000e-02
  4.934256644743707e-01   1.283898503308073e-01  -5.010000000000000e-02
  4.934292053598667e-01   1.284171893125552e-01  -5.010000000000000e-02
  4.934332166503629e-01   1.284447661892343e-01  -5.010000000000000e-02
  4.934376023094391e-01   1.284725974849803e-01  -5.010000000000001e-02
  4.934420358766507e-01   1.285007328046970e-01  -5.010000000000000e-02
  4.934465177773841e-01   1.285291748478771e-01  -5.010000000000000e-02
  4.934510484384597e-01   1.285579263231125e-01  -5.010000000000000e-02
  4.934556282880740e-01   1.285869899477302e-01  -5.010000000000000e-02
  4.934602577557413e-01   1.286163684474168e-01  -5.010000000000000e-02
  4.934649372722318e-01   1.286460645558317e-01  -5.010000000000000e-02
  4.934699740661566e-01   1.286760283040698e-01  -5.010000000000000e-02
  4.934755935626446e-01   1.287062237850807e-01  -5.010000000000000e-02
  4.934812734137574e-01   1.287367435721794e-01  -5.010000000000000e-02
  4.934870141309690e-01   1.287675904136924e-01  -5.010000000000000e-02
  4.934928162268385e-01   1.287987670637754e-01  -5.010000000000000e-02
  4.934986802149245e-01   1.288302762819545e-01  -5.010000000000000e-02
  4.935046066096975e-01   1.288621208326559e-01  -5.010000000000000e-02
  4.935106605644694e-01   1.288942905315512e-01  -5.010000000000000e-02
  4.935176070578945e-01   1.289266349564993e-01  -5.010000000000000e-02
  4.935246269494045e-01   1.289593211393251e-01  -5.010000000000001e-02
  4.935317208325609e-01   1.289923518437834e-01  -5.010000000000000e-02
  4.935388893014271e-01   1.290257298359662e-01  -5.010000000000000e-02
  4.935461329504513e-01   1.290594578837563e-01  -5.010000000000000e-02
  4.935534523743456e-01   1.290935387562664e-01  -5.010000000000000e-02
  4.935613241334420e-01   1.291278662106433e-01  -5.010000000000000e-02
  4.935697403342894e-01   1.291624449608434e-01  -5.010000000000001e-02
  4.935782438864194e-01   1.291973826019774e-01  -5.010000000000000e-02
  4.935868354593950e-01   1.292326818850077e-01  -5.010000000000000e-02
  4.935955157223487e-01   1.292683455591278e-01  -5.010000000000000e-02
  4.936042853438267e-01   1.293043763711223e-01  -5.009999999999999e-02
  4.936136808986192e-01   1.293406389708188e-01  -5.010000000000000e-02
  4.936236168011920e-01   1.293771583239539e-01  -5.010000000000000e-02
  4.936336541227461e-01   1.294140504419748e-01  -5.010000000000000e-02
  4.936437936010336e-01   1.294513180364858e-01  -5.010000000000000e-02
  4.936540359722329e-01   1.294889638133065e-01  -5.010000000000000e-02
  4.936644758502102e-01   1.295269635976707e-01  -5.010000000000000e-02
  4.936759336794528e-01   1.295650854296049e-01  -5.010000000000000e-02
  4.936875067299621e-01   1.296035906191250e-01  -5.010000000000000e-02
  4.936991957997895e-01   1.296424818214628e-01  -5.010000000000000e-02
  4.937110016841417e-01   1.296817616823839e-01  -5.010000000000000e-02
  4.937229959498090e-01   1.297214105651300e-01  -5.010000000000000e-02
  4.937360683770747e-01   1.297611513350526e-01  -5.010000000000000e-02
  4.937492701844659e-01   1.298012854264062e-01  -5.010000000000000e-02
  4.937626022202670e-01   1.298418154180142e-01  -5.010000000000001e-02
  4.937760653283401e-01   1.298827438752550e-01  -5.010000000000000e-02
  4.937900932288210e-01   1.299239248401585e-01  -5.010000000000000e-02
  4.938048760903096e-01   1.299652958934228e-01  -5.010000000000000e-02
  4.938198027926312e-01   1.300070694970845e-01  -5.010000000000000e-02
  4.938348742223794e-01   1.300492481323485e-01  -5.010000000000000e-02
  4.938501724201266e-01   1.300918041206347e-01  -5.010000000000000e-02
  4.938665988668488e-01   1.301344054307370e-01  -5.010000000000000e-02
  4.938831828558034e-01   1.301774153201020e-01  -5.010000000000000e-02
  4.938999253057461e-01   1.302208361714850e-01  -5.010000000000000e-02
  4.939168484323606e-01   1.302646618320280e-01  -5.010000000000000e-02
  4.939349829700471e-01   1.303084830799081e-01  -5.010000000000000e-02
  4.939532888044916e-01   1.303527182582574e-01  -5.010000000000000e-02
  4.939717668749641e-01   1.303973696367770e-01  -5.010000000000000e-02
  4.939906423402255e-01   1.304423435193603e-01  -5.010000000000000e-02
  4.940105472660636e-01   1.304873720766760e-01  -5.010000000000000e-02
  4.940306372176005e-01   1.305328191957257e-01  -5.010000000000000e-02
  4.940509131416582e-01   1.305786870183934e-01  -5.010000000000000e-02
  4.940720397577125e-01   1.306246749144630e-01  -5.010000000000000e-02
  4.940937759260838e-01   1.306708953678207e-01  -5.010000000000000e-02
  4.941157107502976e-01   1.307175382490391e-01  -5.010000000000000e-02
  4.941380790480218e-01   1.307644922818194e-01  -5.010000000000000e-02
  4.941614961605576e-01   1.308114618481430e-01  -5.010000000000001e-02
  4.941851244626003e-01   1.308588550140688e-01  -5.010000000000000e-02
  4.942089648900295e-01   1.309066736567647e-01  -5.010000000000000e-02
  4.942340847238871e-01   1.309543729770595e-01  -5.010000000000001e-02
  4.942594362467003e-01   1.310024923242422e-01  -5.010000000000000e-02
  4.942850121911807e-01   1.310510376428426e-01  -5.010000000000000e-02
  4.943118057392612e-01   1.310994738063066e-01  -5.010000000000001e-02
  4.943389158427598e-01   1.311482904371750e-01  -5.009999999999999e-02
  4.943662624507945e-01   1.311975329371160e-01  -5.010000000000000e-02
  4.943949060249908e-01   1.312465994322629e-01  -5.010000000000000e-02
  4.944237995256849e-01   1.312960882259748e-01  -5.010000000000000e-02
  4.944531507926535e-01   1.313458769183256e-01  -5.010000000000000e-02
  4.944835972935981e-01   1.313955861726091e-01  -5.010000000000000e-02
  4.945143026536065e-01   1.314457180597281e-01  -5.010000000000000e-02
  4.945458072399747e-01   1.314959356912295e-01  -5.010000000000000e-02
  4.945780805020010e-01   1.315462599684478e-01  -5.010000000000000e-02
  4.946106237128919e-01   1.315970051817798e-01  -5.010000000000000e-02
  4.946444109546480e-01   1.316475342484726e-01  -5.010000000000000e-02
  4.946785360932334e-01   1.316984429050871e-01  -5.009999999999999e-02
  4.947134148717515e-01   1.317494462865073e-01  -5.010000000000000e-02
  4.947491214223244e-01   1.318004950708372e-01  -5.010000000000000e-02
  4.947851977153567e-01   1.318519019531217e-01  -5.010000000000000e-02
  4.948224874839241e-01   1.319030657789852e-01  -5.010000000000000e-02
  4.948600766836411e-01   1.319546404425609e-01  -5.010000000000000e-02
  4.948987321897576e-01   1.320060568702027e-01  -5.009999999999999e-02
  4.949379173703513e-01   1.320577151687106e-01  -5.010000000000000e-02
  4.949779379717184e-01   1.321093733313414e-01  -5.010000000000000e-02
  4.950187101279828e-01   1.321610971268978e-01  -5.010000000000000e-02
  4.950601692563821e-01   1.322129262484682e-01  -5.010000000000000e-02
  4.951025324572373e-01   1.322646870543802e-01  -5.010000000000001e-02
  4.951454968111338e-01   1.323166151473569e-01  -5.010000000000000e-02
  4.951894473522924e-01   1.323683901422554e-01  -5.010000000000000e-02
  4.952339704588777e-01   1.324203499503564e-01  -5.010000000000000e-02
  4.952795009476474e-01   1.324721192223981e-01  -5.010000000000000e-02
  4.953256289825313e-01   1.325240443877863e-01  -5.010000000000000e-02
  4.953727404152292e-01   1.325757802874373e-01  -5.010000000000000e-02
  4.954205159008168e-01   1.326276028410545e-01  -5.010000000000000e-02
  4.954691991994624e-01   1.326792862160067e-01  -5.009999999999999e-02
  4.955186507278667e-01   1.327309464380170e-01  -5.010000000000000e-02
  4.955688962555280e-01   1.327825585215874e-01  -5.010000000000000e-02
  4.956200493690827e-01   1.328339958124653e-01  -5.010000000000000e-02
  4.956718521918731e-01   1.328855128961294e-01  -5.010000000000000e-02
  4.957247283101793e-01   1.329366671369380e-01  -5.010000000000000e-02
  4.957781761270954e-01   1.329879670172962e-01  -5.010000000000000e-02
  4.958326977324915e-01   1.330388787313948e-01  -5.010000000000000e-02
  4.958879068661785e-01   1.330897980644568e-01  -5.010000000000000e-02
  4.959439477061118e-01   1.331405669981965e-01  -5.010000000000000e-02
  4.960009198052965e-01   1.331910574463589e-01  -5.010000000000000e-02
  4.960585397201645e-01   1.332415833347017e-01  -5.010000000000000e-02
  4.961172146478740e-01   1.332916659584167e-01  -5.010000000000000e-02
  4.961766098699440e-01   1.333416783505640e-01  -5.010000000000000e-02
  4.962367708444005e-01   1.333915644007817e-01  -5.010000000000000e-02
  4.962979353483923e-01   1.334410178694488e-01  -5.010000000000000e-02
  4.963597877134835e-01   1.334904149377042e-01  -5.010000000000001e-02
  4.964224866066742e-01   1.335395504500125e-01  -5.010000000000000e-02
  4.964860963419164e-01   1.335883222510556e-01  -5.010000000000000e-02
  4.965504136191257e-01   1.336369842068748e-01  -5.010000000000001e-02
  4.966155850193257e-01   1.336853330717762e-01  -5.010000000000000e-02
  4.966816386890844e-01   1.337333102496404e-01  -5.010000000000000e-02
  4.967484110161231e-01   1.337811287766318e-01  -5.010000000000000e-02
  4.968159944272895e-01   1.338286499767795e-01  -5.010000000000000e-02
  4.968844716981060e-01   1.338757350259533e-01  -5.010000000000000e-02
  4.969536675344173e-01   1.339226231676693e-01  -5.010000000000000e-02
  4.970235890943309e-01   1.339692960080008e-01  -5.010000000000000e-02
  4.970944499653601e-01   1.340154121518463e-01  -5.010000000000000e-02
  4.971660257250624e-01   1.340612946638259e-01  -5.010000000000000e-02
  4.972383188479266e-01   1.341069300807201e-01  -5.010000000000000e-02
  4.973114139195425e-01   1.341521693748948e-01  -5.010000000000000e-02
  4.973853143143513e-01   1.341969849461915e-01  -5.010000000000000e-02
  4.974599172171424e-01   1.342415296653589e-01  -5.010000000000000e-02
  4.975352230708922e-01   1.342857907544628e-01  -5.010000000000000e-02
  4.976113294493595e-01   1.343295833940840e-01  -5.010000000000000e-02
  4.976881717208076e-01   1.343729972419649e-01  -5.010000000000000e-02
  4.977656940974827e-01   1.344161150567098e-01  -5.010000000000000e-02
  4.978438942517375e-01   1.344589269369658e-01  -5.010000000000001e-02
  4.979228520813846e-01   1.345012673036001e-01  -5.010000000000001e-02
  4.980025130520652e-01   1.345432145771015e-01  -5.010000000000000e-02
  4.980828256109668e-01   1.345848489892278e-01  -5.010000000000000e-02
  4.981637855913182e-01   1.346261628641419e-01  -5.010000000000000e-02
  4.982454248819352e-01   1.346670751760685e-01  -5.010000000000000e-02
  4.983277602753639e-01   1.347075287308216e-01  -5.010000000000001e-02
  4.984107167348916e-01   1.347476551395365e-01  -5.010000000000000e-02
  4.984942859045791e-01   1.347874545048293e-01  -5.010000000000000e-02
  4.985784582137356e-01   1.348269290826946e-01  -5.010000000000000e-02
  4.986633019735212e-01   1.348659100811233e-01  -5.010000000000000e-02
  4.987487388230544e-01   1.349045436716178e-01  -5.010000000000000e-02
  4.988347496333395e-01   1.349428528422117e-01  -5.010000000000000e-02
  4.989213272727349e-01   1.349808345620203e-01  -5.010000000000000e-02
  4.990084759354482e-01   1.350184588738296e-01  -5.010000000000000e-02
  4.990962293451087e-01   1.350556226473548e-01  -5.010000000000000e-02
  4.991845155306045e-01   1.350924717449653e-01  -5.010000000000000e-02
  4.992733261250480e-01   1.351290059334833e-01  -5.009999999999999e-02
  4.993626522609192e-01   1.351652260420259e-01  -5.010000000000000e-02
  4.994525084259164e-01   1.352010735477447e-01  -5.010000000000000e-02
  4.995428974310395e-01   1.352365154137190e-01  -5.010000000000000e-02
  4.996337682541169e-01   1.352716576169047e-01  -5.010000000000000e-02
  4.997251109873473e-01   1.353065038206381e-01  -5.010000000000000e-02
  4.998169166639374e-01   1.353410551322012e-01  -5.010000000000000e-02
  4.999092116998206e-01   1.353752162305216e-01  -5.010000000000000e-02
  5.000019669483251e-01   1.354090387612997e-01  -5.009999999999999e-02
  5.000951518551910e-01   1.354425819424401e-01  -5.010000000000000e-02
  5.001887582671563e-01   1.354758446512003e-01  -5.009999999999999e-02
  5.002827785166675e-01   1.355088242898474e-01  -5.010000000000000e-02
  5.003772377563038e-01   1.355414216491527e-01  -5.009999999999999e-02
  5.004720927435020e-01   1.355737338075210e-01  -5.010000000000000e-02
  5.005673272564123e-01   1.356057828741100e-01  -5.010000000000000e-02
  5.006629309565029e-01   1.356375739865992e-01  -5.010000000000000e-02
  5.007589038873475e-01   1.356690803702000e-01  -5.010000000000000e-02
  5.008552578047696e-01   1.357002367560219e-01  -5.010000000000000e-02
  5.009519499842099e-01   1.357311462885368e-01  -5.010000000000000e-02
  5.010489702825780e-01   1.357618136451769e-01  -5.010000000000000e-02
  5.011463085691215e-01   1.357922433750141e-01  -5.010000000000000e-02
  5.012439833218629e-01   1.358223464895835e-01  -5.010000000000000e-02
  5.013419642033594e-01   1.358521903628167e-01  -5.010000000000000e-02
  5.014402321849336e-01   1.358818082991566e-01  -5.010000000000000e-02
  5.015387781020467e-01   1.359112016590194e-01  -5.010000000000000e-02
  5.016376084975205e-01   1.359403180487639e-01  -5.010000000000000e-02
  5.017367154513074e-01   1.359691518649931e-01  -5.010000000000001e-02
  5.018360699720977e-01   1.359977711705511e-01  -5.010000000000000e-02
  5.019356631995843e-01   1.360261760940300e-01  -5.010000000000000e-02
  5.020354942815590e-01   1.360543380432942e-01  -5.010000000000000e-02
  5.021355672598837e-01   1.360822087804249e-01  -5.010000000000000e-02
  5.022358482585950e-01   1.361098763718198e-01  -5.010000000000000e-02
  5.023363282940245e-01   1.361373411852454e-01  -5.010000000000001e-02
  5.024370051676991e-01   1.361645782357522e-01  -5.010000000000000e-02
  5.025378854941905e-01   1.361915276944000e-01  -5.010000000000000e-02
  5.026389362153457e-01   1.362182780803265e-01  -5.010000000000000e-02
  5.027401480404374e-01   1.362448307274991e-01  -5.010000000000000e-02
  5.028415216217212e-01   1.362711483010910e-01  -5.010000000000000e-02
  5.029430566749986e-01   1.362971949635758e-01  -5.009999999999999e-02
  5.030447236077176e-01   1.363230496591035e-01  -5.010000000000000e-02
  5.031465131873415e-01   1.363487134475394e-01  -5.010000000000000e-02
  5.032484335595646e-01   1.363741171330621e-01  -5.010000000000000e-02
  5.033504709815946e-01   1.363992773445038e-01  -5.010000000000000e-02
  5.034526027574731e-01   1.364242488847958e-01  -5.010000000000000e-02
  5.035548192793503e-01   1.364490343641019e-01  -5.010000000000000e-02
  5.036571428558800e-01   1.364735022662035e-01  -5.010000000000000e-02
  5.037595333751099e-01   1.364977802134262e-01  -5.010000000000000e-02
  5.038619812606530e-01   1.365218708355007e-01  -5.010000000000000e-02
  5.039644922613066e-01   1.365457106030945e-01  -5.010000000000000e-02
  5.040670589760674e-01   1.365692901894704e-01  -5.010000000000000e-02
  5.041696563819071e-01   1.365926784049879e-01  -5.010000000000000e-02
  5.042722783210268e-01   1.366158631016304e-01  -5.010000000000000e-02
  5.043749406055142e-01   1.366387320665719e-01  -5.010000000000000e-02
  5.044776060494398e-01   1.366614098678577e-01  -5.010000000000000e-02
  5.045802657020297e-01   1.366838971681184e-01  -5.010000000000000e-02
  5.046829358947731e-01   1.367060769119015e-01  -5.010000000000001e-02
  5.047855897305305e-01   1.367280297258496e-01  -5.010000000000000e-02
  5.048882116789482e-01   1.367497869892942e-01  -5.010000000000000e-02
  5.049908118681947e-01   1.367712581154784e-01  -5.009999999999999e-02
  5.050933752280487e-01   1.367924701607001e-01  -5.010000000000000e-02
  5.051958798050812e-01   1.368134865658923e-01  -5.010000000000000e-02
  5.052983327354863e-01   1.368342292732785e-01  -5.010000000000000e-02
  5.054007272266698e-01   1.368546857446947e-01  -5.010000000000000e-02
  5.055030370659432e-01   1.368749431563089e-01  -5.009999999999999e-02
  5.056052689902487e-01   1.368949234887635e-01  -5.010000000000000e-02
  5.057074181412318e-01   1.369146043119418e-01  -5.010000000000000e-02
  5.058094568760737e-01   1.369340840764400e-01  -5.010000000000000e-02
  5.059113940758058e-01   1.369532712499000e-01  -5.010000000000000e-02
  5.060132215036319e-01   1.369721611175332e-01  -5.010000000000000e-02
  5.061149132430510e-01   1.369908478030296e-01  -5.010000000000000e-02
  5.062164836544381e-01   1.370092066370480e-01  -5.010000000000000e-02
  5.063179148969765e-01   1.370272865092478e-01  -5.010000000000000e-02
  5.064191852192175e-01   1.370451638885117e-01  -5.010000000000000e-02
  5.065203171311904e-01   1.370626624422319e-01  -5.010000000000000e-02
  5.066212783316533e-01   1.370799176182804e-01  -5.010000000000000e-02
  5.067220556172267e-01   1.370969614893881e-01  -5.010000000000000e-02
  5.068226760318298e-01   1.371135822812053e-01  -5.010000000000000e-02
  5.069230945991199e-01   1.371300001219970e-01  -5.010000000000000e-02
  5.070233169596338e-01   1.371461341189388e-01  -5.010000000000000e-02
  5.071233478376351e-01   1.371619013831315e-01  -5.010000000000000e-02
  5.072231533517186e-01   1.371774670350983e-01  -5.010000000000000e-02
  5.073227532622333e-01   1.371926538616025e-01  -5.010000000000000e-02
  5.074221231443711e-01   1.372075669756904e-01  -5.010000000000001e-02
  5.075212487722147e-01   1.372222538397726e-01  -5.010000000000000e-02
  5.076201540083346e-01   1.372364973044368e-01  -5.010000000000000e-02
  5.077187952285324e-01   1.372505451897582e-01  -5.010000000000000e-02
  5.078171883602020e-01   1.372642355073008e-01  -5.010000000000001e-02
  5.079153194139643e-01   1.372776107088305e-01  -5.010000000000000e-02
  5.080131675503287e-01   1.372907745368160e-01  -5.010000000000000e-02
  5.081107597718353e-01   1.373034671046595e-01  -5.010000000000000e-02
  5.082080512070212e-01   1.373159748452298e-01  -5.010000000000001e-02
  5.083050607150557e-01   1.373280988299075e-01  -5.010000000000000e-02
  5.084017700432779e-01   1.373399233665716e-01  -5.010000000000000e-02
  5.084981668786126e-01   1.373514986687619e-01  -5.010000000000001e-02
  5.085942665347762e-01   1.373626341315331e-01  -5.010000000000000e-02
  5.086900308375497e-01   1.373736016553744e-01  -5.010000000000000e-02
  5.087854872433870e-01   1.373841016882603e-01  -5.009999999999999e-02
  5.088806004715355e-01   1.373943887534596e-01  -5.010000000000000e-02
  5.089753799690688e-01   1.374043222975931e-01  -5.010000000000000e-02
  5.090698164031815e-01   1.374139232146630e-01  -5.010000000000001e-02
  5.091638950622444e-01   1.374232822944733e-01  -5.010000000000000e-02
  5.092576286883556e-01   1.374322015876960e-01  -5.010000000000000e-02
  5.093509826740327e-01   1.374409843736321e-01  -5.010000000000000e-02
  5.094439880510657e-01   1.374492294725382e-01  -5.010000000000000e-02
  5.095366023071911e-01   1.374573413476050e-01  -5.010000000000000e-02
  5.096288475674049e-01   1.374650052863783e-01  -5.009999999999999e-02
  5.097206983054897e-01   1.374724506656604e-01  -5.010000000000000e-02
  5.098121618525732e-01   1.374795277849557e-01  -5.009999999999999e-02
  5.099032259626142e-01   1.374863138900128e-01  -5.010000000000000e-02
  5.099938861450850e-01   1.374928094091402e-01  -5.010000000000000e-02
  5.100841412042045e-01   1.374989465275454e-01  -5.010000000000000e-02
  5.101739778987814e-01   1.375048562819611e-01  -5.010000000000000e-02
  5.102634026011945e-01   1.375103528182539e-01  -5.010000000000000e-02
  5.103523961409752e-01   1.375156774405019e-01  -5.010000000000000e-02
  5.104409698968254e-01   1.375205458190529e-01  -5.010000000000000e-02
  5.105291013720842e-01   1.375252871669458e-01  -5.010000000000000e-02
  5.106168045523324e-01   1.375295409758428e-01  -5.010000000000000e-02
  5.107040558822891e-01   1.375337011225061e-01  -5.010000000000000e-02
  5.107908698460485e-01   1.375373551449591e-01  -5.010000000000000e-02
  5.108772237628779e-01   1.375409367131621e-01  -5.010000000000000e-02
  5.109631310352646e-01   1.375440026367410e-01  -5.010000000000000e-02
  5.110485712571128e-01   1.375470040148895e-01  -5.010000000000000e-02
  5.111335549518636e-01   1.375495077460904e-01  -5.010000000000000e-02
  5.112180655033209e-01   1.375519425887068e-01  -5.010000000000000e-02
  5.113021103305424e-01   1.375538947024376e-01  -5.010000000000000e-02
  5.113856766983920e-01   1.375557572013111e-01  -5.010000000000000e-02
  5.114687680944338e-01   1.375571842666713e-01  -5.010000000000000e-02
  5.115513760842434e-01   1.375584888539455e-01  -5.010000000000000e-02
  5.116335007761249e-01   1.375594127008998e-01  -5.010000000000000e-02
  5.117151373029402e-01   1.375601642022111e-01  -5.009999999999999e-02
  5.117962832038971e-01   1.375606039420547e-01  -5.010000000000000e-02
  5.118769360115582e-01   1.375608031419817e-01  -5.010000000000000e-02
  5.119570921811619e-01   1.375607822559899e-01  -5.010000000000000e-02
  5.120367497759033e-01   1.375604396525030e-01  -5.010000000000000e-02
  5.121159064725329e-01   1.375599851299683e-01  -5.010000000000001e-02
  5.121945582651991e-01   1.375591114713495e-01  -5.010000000000000e-02
  5.122727068884071e-01   1.375582434019019e-01  -5.010000000000000e-02
  5.123503432126484e-01   1.375568526026711e-01  -5.010000000000000e-02
  5.124274735336023e-01   1.375554633836706e-01  -5.010000000000000e-02
  5.125040885446183e-01   1.375537021226138e-01  -5.009999999999999e-02
  5.125801922255764e-01   1.375518075694051e-01  -5.009999999999999e-02
  5.126557802175248e-01   1.375496990914998e-01  -5.010000000000000e-02
  5.127308493192795e-01   1.375472975309338e-01  -5.010000000000000e-02
  5.128054059278147e-01   1.375448686894245e-01  -5.010000000000000e-02
  5.128794339392898e-01   1.375419804290236e-01  -5.010000000000000e-02
  5.129529497050520e-01   1.375391121542871e-01  -5.010000000000000e-02
  5.130259372905089e-01   1.375359029294486e-01  -5.010000000000000e-02
  5.130984051787371e-01   1.375325635854126e-01  -5.010000000000000e-02
  5.131703524149472e-01   1.375291050308590e-01  -5.010000000000000e-02
  5.132417673000477e-01   1.375252980768795e-01  -5.010000000000000e-02
  5.133126682855513e-01   1.375215185176386e-01  -5.010000000000000e-02
  5.133830322920721e-01   1.375173630423551e-01  -5.010000000000000e-02
  5.134528768082538e-01   1.375131400146650e-01  -5.010000000000000e-02
  5.135221984804621e-01   1.375088076584461e-01  -5.010000000000000e-02
  5.135909837804490e-01   1.375041530434215e-01  -5.010000000000000e-02
  5.136592557732503e-01   1.374995331632506e-01  -5.010000000000000e-02
  5.137269898145003e-01   1.374945986322029e-01  -5.010000000000000e-02
  5.137942012369288e-01   1.374895594895149e-01  -5.010000000000001e-02
  5.138608975558352e-01   1.374845191222804e-01  -5.010000000000000e-02
  5.139270480524634e-01   1.374790802479257e-01  -5.010000000000000e-02
  5.139926879284364e-01   1.374736833566508e-01  -5.010000000000000e-02
  5.140578015235795e-01   1.374681385708447e-01  -5.010000000000000e-02
  5.141223813593246e-01   1.374623503934090e-01  -5.010000000000000e-02
  5.141864530594422e-01   1.374566077592787e-01  -5.010000000000000e-02
  5.142499896827721e-01   1.374506125109474e-01  -5.010000000000000e-02
  5.143130053015759e-01   1.374445054901044e-01  -5.010000000000000e-02
  5.143755159086018e-01   1.374384474113731e-01  -5.010000000000000e-02
  5.144374846078015e-01   1.374320608192409e-01  -5.010000000000000e-02
  5.144989434834685e-01   1.374256534267107e-01  -5.010000000000001e-02
  5.145599010810387e-01   1.374192982949078e-01  -5.010000000000000e-02
  5.146203134079422e-01   1.374125761257546e-01  -5.010000000000001e-02
  5.146802253180418e-01   1.374058902989993e-01  -5.010000000000000e-02
  5.147396402433024e-01   1.373992598437351e-01  -5.010000000000000e-02
  5.147985101223638e-01   1.373922554013881e-01  -5.009999999999999e-02
  5.148568863368500e-01   1.373853096961255e-01  -5.009999999999999e-02
  5.149147704153632e-01   1.373784225460716e-01  -5.010000000000000e-02
  5.149721145386126e-01   1.373711910587875e-01  -5.010000000000000e-02
  5.150289683682000e-01   1.373640065513817e-01  -5.009999999999999e-02
  5.150853353961130e-01   1.373568835601527e-01  -5.010000000000000e-02
  5.151411731273081e-01   1.373494817503640e-01  -5.010000000000000e-02
  5.151965198415244e-01   1.373420815891162e-01  -5.010000000000000e-02
  5.152513855441334e-01   1.373347457417758e-01  -5.010000000000000e-02
  5.153057379038820e-01   1.373272250267504e-01  -5.010000000000000e-02
  5.153595936150845e-01   1.373196267602975e-01  -5.010000000000000e-02
  5.154129745298781e-01   1.373120954807909e-01  -5.010000000000000e-02
  5.154658650301031e-01   1.373045091879627e-01  -5.010000000000000e-02
  5.155182483173361e-01   1.372967374408908e-01  -5.010000000000000e-02
  5.155701634033167e-01   1.372890351576099e-01  -5.010000000000000e-02
  5.156216124008836e-01   1.372814020246526e-01  -5.010000000000000e-02
  5.156725466995360e-01   1.372735038828705e-01  -5.010000000000000e-02
  5.157230146496519e-01   1.372656440269467e-01  -5.010000000000000e-02
  5.157730235696753e-01   1.372578556601638e-01  -5.010000000000000e-02
  5.158225546374249e-01   1.372500061909731e-01  -5.010000000000000e-02
  5.158715971529025e-01   1.372420137909397e-01  -5.010000000000000e-02
  5.159201879935380e-01   1.372340949998147e-01  -5.009999999999999e-02
  5.159683295005634e-01   1.372262494360501e-01  -5.010000000000000e-02
  5.160159832895819e-01   1.372182320863742e-01  -5.010000000000000e-02
  5.160631776703364e-01   1.372101980958653e-01  -5.010000000000000e-02
  5.161099304298994e-01   1.372022392833839e-01  -5.010000000000001e-02
  5.161562440153601e-01   1.371943552323575e-01  -5.010000000000000e-02
  5.162020684159807e-01   1.371862436230172e-01  -5.010000000000000e-02
  5.162474557471818e-01   1.371781894663717e-01  -5.010000000000000e-02
  5.162924119142345e-01   1.371702118214641e-01  -5.010000000000000e-02
  5.163369391628476e-01   1.371623086353359e-01  -5.010000000000000e-02
  5.163809852958207e-01   1.371541770034270e-01  -5.010000000000000e-02
  5.164246084640463e-01   1.371461234576838e-01  -5.010000000000000e-02
  5.164678112585869e-01   1.371381475197540e-01  -5.010000000000001e-02
  5.165105962880497e-01   1.371302487080464e-01  -5.010000000000000e-02
  5.165529160636490e-01   1.371221602481238e-01  -5.010000000000000e-02
  5.165948188938206e-01   1.371141243149524e-01  -5.010000000000000e-02
  5.166363124137392e-01   1.371061668774297e-01  -5.010000000000001e-02
  5.166773992895785e-01   1.370982874242492e-01  -5.010000000000000e-02
  5.167180481361022e-01   1.370903109957805e-01  -5.010000000000000e-02
  5.167582767817668e-01   1.370823145936331e-01  -5.009999999999999e-02
  5.167981073810009e-01   1.370743973127010e-01  -5.010000000000000e-02
  5.168375426434770e-01   1.370665586143720e-01  -5.010000000000001e-02
  5.168765762543334e-01   1.370587532987066e-01  -5.010000000000000e-02
  5.169151761585196e-01   1.370508088771061e-01  -5.010000000000000e-02
  5.169533894393537e-01   1.370429440282137e-01  -5.010000000000000e-02
  5.169912188368409e-01   1.370351581880966e-01  -5.010000000000000e-02
  5.170286670975904e-01   1.370274507914625e-01  -5.010000000000000e-02
  5.170657120982984e-01   1.370197024051412e-01  -5.010000000000000e-02
  5.171023554357741e-01   1.370119069146702e-01  -5.010000000000000e-02
  5.171386264260552e-01   1.370041906372078e-01  -5.010000000000000e-02
  5.171745278311525e-01   1.369965529851648e-01  -5.010000000000000e-02
  5.172100624161602e-01   1.369889933702961e-01  -5.010000000000000e-02
  5.172452051907013e-01   1.369813827998388e-01  -5.010000000000000e-02
  5.172799650283334e-01   1.369737489220632e-01  -5.010000000000000e-02
  5.173143668620526e-01   1.369661936683060e-01  -5.010000000000000e-02
  5.173484134589099e-01   1.369587164308737e-01  -5.010000000000000e-02
  5.173821075858885e-01   1.369513166020875e-01  -5.010000000000000e-02
  5.174154348830680e-01   1.369439167793597e-01  -5.010000000000000e-02
  5.174483847740689e-01   1.369364565314900e-01  -5.010000000000000e-02
  5.174809909863494e-01   1.369290740965769e-01  -5.010000000000000e-02
  5.175132562769025e-01   1.369217688504045e-01  -5.010000000000000e-02
  5.175451833998574e-01   1.369145401694050e-01  -5.010000000000000e-02
  5.175767751059605e-01   1.369073874307768e-01  -5.010000000000000e-02
  5.176079953889970e-01   1.369001413461130e-01  -5.010000000000001e-02
  5.176388792776636e-01   1.368929418150377e-01  -5.010000000000000e-02
  5.176694364547967e-01   1.368858184456746e-01  -5.010000000000000e-02
  5.176996696486894e-01   1.368787706020146e-01  -5.010000000000000e-02
  5.177295815818603e-01   1.368717976493949e-01  -5.010000000000000e-02
  5.177591749706124e-01   1.368648989546015e-01  -5.010000000000000e-02
  5.177884095726745e-01   1.368578922170813e-01  -5.009999999999999e-02
  5.178173310127908e-01   1.368509583497396e-01  -5.009999999999999e-02
  5.178459424765453e-01   1.368440987987170e-01  -5.010000000000000e-02
  5.178742466472193e-01   1.368373129207013e-01  -5.010000000000001e-02
  5.179022461998648e-01   1.368306000743531e-01  -5.010000000000000e-02
  5.179299438009343e-01   1.368239596203948e-01  -5.010000000000001e-02
  5.179573126283873e-01   1.368172696020318e-01  -5.010000000000000e-02
  5.179843739671394e-01   1.368106060816798e-01  -5.010000000000001e-02
  5.180111417359801e-01   1.368040148492917e-01  -5.010000000000000e-02
  5.180376185595821e-01   1.367974952585744e-01  -5.010000000000000e-02
  5.180638070523526e-01   1.367910466657622e-01  -5.010000000000000e-02
  5.180897098181293e-01   1.367846684296924e-01  -5.010000000000000e-02
  5.181153294498877e-01   1.367783599118768e-01  -5.010000000000000e-02
  5.181406306396361e-01   1.367719685872009e-01  -5.010000000000000e-02
  5.181656538464864e-01   1.367656457076167e-01  -5.010000000000000e-02
  5.181904020467094e-01   1.367593923168794e-01  -5.010000000000000e-02
  5.182148777832456e-01   1.367532077724372e-01  -5.010000000000000e-02
  5.182390835868734e-01   1.367470914348113e-01  -5.010000000000000e-02
  5.182630219759741e-01   1.367410426676558e-01  -5.010000000000001e-02
  5.182866954563061e-01   1.367350608378138e-01  -5.010000000000000e-02
  5.183100817866299e-01   1.367290486323279e-01  -5.010000000000000e-02
  5.183331979315410e-01   1.367230620437328e-01  -5.010000000000000e-02
  5.183560569961642e-01   1.367171420334502e-01  -5.010000000000001e-02
  5.183786614299830e-01   1.367112879671160e-01  -5.010000000000000e-02
  5.184010136688829e-01   1.367054992138880e-01  -5.010000000000000e-02
  5.184231161349771e-01   1.366997751464905e-01  -5.010000000000000e-02
  5.184449712364408e-01   1.366941151412573e-01  -5.010000000000000e-02
  5.184665813673538e-01   1.366885185781729e-01  -5.010000000000000e-02
  5.184879246582370e-01   1.366828923098736e-01  -5.010000000000000e-02
  5.185090199744503e-01   1.366772986844885e-01  -5.010000000000001e-02
  5.185298777765854e-01   1.366717680382388e-01  -5.010000000000001e-02
  5.185505003973705e-01   1.366662997525794e-01  -5.010000000000000e-02
  5.185708901547812e-01   1.366608932128767e-01  -5.010000000000000e-02
  5.185910493519277e-01   1.366555478084389e-01  -5.010000000000001e-02
  5.186109802769467e-01   1.366502629325448e-01  -5.009999999999999e-02
  5.186306852029008e-01   1.366450379824699e-01  -5.010000000000000e-02
  5.186501663876834e-01   1.366398723595122e-01  -5.010000000000000e-02
  5.186693965433014e-01   1.366346553745992e-01  -5.009999999999999e-02
  5.186884077004134e-01   1.366294975483341e-01  -5.010000000000000e-02
  5.187072021317106e-01   1.366243985209149e-01  -5.010000000000000e-02
  5.187257820302174e-01   1.366193576973629e-01  -5.010000000000000e-02
  5.187441495734320e-01   1.366143744869113e-01  -5.010000000000000e-02
  5.187623069232696e-01   1.366094483030211e-01  -5.010000000000000e-02
  5.187802562260084e-01   1.366045785633961e-01  -5.010000000000000e-02
  5.187979996122415e-01   1.365997646899950e-01  -5.010000000000000e-02
  5.188155391968343e-01   1.365950061090438e-01  -5.009999999999999e-02
  5.188328705823556e-01   1.365902785636071e-01  -5.010000000000000e-02
  5.188499830058406e-01   1.365855346488422e-01  -5.010000000000000e-02
  5.188668981754138e-01   1.365808454169073e-01  -5.010000000000000e-02
  5.188836181396096e-01   1.365762102999067e-01  -5.010000000000000e-02
  5.189001449311187e-01   1.365716287343368e-01  -5.010000000000000e-02
  5.189164805667738e-01   1.365671001610901e-01  -5.010000000000000e-02
  5.189326270475394e-01   1.365626240254584e-01  -5.010000000000000e-02
  5.189485863585067e-01   1.365581997771337e-01  -5.009999999999999e-02
  5.189643604688911e-01   1.365538268702090e-01  -5.010000000000001e-02
  5.189799513320350e-01   1.365495047631777e-01  -5.010000000000000e-02
  5.189953608854140e-01   1.365452329189320e-01  -5.010000000000000e-02
  5.190105855621405e-01   1.365409912153446e-01  -5.010000000000000e-02
  5.190256151217033e-01   1.365367357719247e-01  -5.010000000000000e-02
  5.190404693585798e-01   1.365325299690660e-01  -5.010000000000000e-02
  5.190551501440333e-01   1.365283732769423e-01  -5.009999999999999e-02
  5.190696593335684e-01   1.365242651701893e-01  -5.009999999999999e-02
  5.190839987669587e-01   1.365202051278966e-01  -5.010000000000000e-02
  5.190981702682762e-01   1.365161926335995e-01  -5.010000000000000e-02
  5.191121756459254e-01   1.365122271752698e-01  -5.010000000000000e-02
  5.191260166926777e-01   1.365083082453051e-01  -5.010000000000001e-02
  5.191396951857117e-01   1.365044353405182e-01  -5.010000000000000e-02
  5.191532128866536e-01   1.365006079621253e-01  -5.009999999999999e-02
  5.191665715416219e-01   1.364968256157334e-01  -5.010000000000000e-02
  5.191797728812744e-01   1.364930878113271e-01  -5.010000000000000e-02
  5.191928078229113e-01   1.364893563033141e-01  -5.010000000000000e-02
  5.192056804096481e-01   1.364856388045648e-01  -5.010000000000000e-02
  5.192184010080966e-01   1.364819651988017e-01  -5.010000000000000e-02
  5.192309712850918e-01   1.364783350046563e-01  -5.010000000000000e-02
  5.192433928922993e-01   1.364747477451410e-01  -5.010000000000001e-02
  5.192556674662749e-01   1.364712029476317e-01  -5.010000000000000e-02
  5.192677966285277e-01   1.364677001438498e-01  -5.010000000000000e-02
  5.192797819855830e-01   1.364642388698437e-01  -5.010000000000000e-02
  5.192916251290491e-01   1.364608186659699e-01  -5.010000000000000e-02
  5.193033276356843e-01   1.364574390768734e-01  -5.010000000000000e-02
  5.193148910674669e-01   1.364540996514675e-01  -5.010000000000001e-02
  5.193263169716652e-01   1.364507999429135e-01  -5.009999999999999e-02
  5.193376068809112e-01   1.364475395085999e-01  -5.010000000000000e-02
  5.193487623132734e-01   1.364443179101207e-01  -5.010000000000000e-02
  5.193597847723332e-01   1.364411347132538e-01  -5.010000000000000e-02
  5.193706642499757e-01   1.364379501326342e-01  -5.010000000000000e-02
  5.193814058160902e-01   1.364347760482328e-01  -5.010000000000000e-02
  5.193920190652381e-01   1.364316398809170e-01  -5.010000000000001e-02
  5.194025054412232e-01   1.364285412040493e-01  -5.010000000000000e-02
  5.194128663737836e-01   1.364254795951486e-01  -5.010000000000000e-02
  5.194231032786738e-01   1.364224546358657e-01  -5.009999999999999e-02
  5.194332175577487e-01   1.364194659119589e-01  -5.010000000000000e-02
  5.194432105990477e-01   1.364165130132687e-01  -5.010000000000000e-02
  5.194530837768805e-01   1.364135955336929e-01  -5.010000000000000e-02
  5.194628384519129e-01   1.364107130711608e-01  -5.010000000000000e-02
  5.194724759712543e-01   1.364078652276077e-01  -5.010000000000000e-02
  5.194819976685455e-01   1.364050516089487e-01  -5.009999999999999e-02
  5.194914048640469e-01   1.364022718250528e-01  -5.010000000000000e-02
  5.195006988647279e-01   1.363995254897164e-01  -5.010000000000000e-02
  5.195098809643571e-01   1.363968122206367e-01  -5.010000000000000e-02
  5.195189524435920e-01   1.363941316393854e-01  -5.010000000000000e-02
  5.195279145700706e-01   1.363914833713809e-01  -5.010000000000000e-02
  5.195367685985026e-01   1.363888670458622e-01  -5.010000000000000e-02
  5.195454999137139e-01   1.363862300286847e-01  -5.010000000000000e-02
  5.195541035803796e-01   1.363835516376921e-01  -5.010000000000001e-02
  5.195626032941425e-01   1.363809056080786e-01  -5.010000000000000e-02
  5.195710002536451e-01   1.363782915666970e-01  -5.010000000000000e-02
  5.195792940239729e-01   1.363757041966928e-01  -5.010000000000000e-02
  5.195874096934087e-01   1.363729109272287e-01  -5.010000000000000e-02
  5.195954270909975e-01   1.363701514811912e-01  -5.010000000000000e-02
  5.196033473551730e-01   1.363674254667517e-01  -5.009999999999999e-02
  5.196111716124497e-01   1.363647324961837e-01  -5.010000000000000e-02
  5.196188692086250e-01   1.363619842575909e-01  -5.010000000000000e-02
  5.196264212191487e-01   1.363591249402970e-01  -5.010000000000000e-02
  5.196338815462365e-01   1.363563003358829e-01  -5.010000000000000e-02
  5.196412512578392e-01   1.363535100400046e-01  -5.010000000000000e-02
  5.196485314105804e-01   1.363507536526069e-01  -5.010000000000000e-02
  5.196556800302846e-01   1.363479223836412e-01  -5.010000000000000e-02
  5.196626952154377e-01   1.363450084444408e-01  -5.010000000000000e-02
  5.196696250273603e-01   1.363421299672272e-01  -5.010000000000000e-02
  5.196764704656097e-01   1.363392865368081e-01  -5.009999999999999e-02
  5.196832325190138e-01   1.363364777424485e-01  -5.010000000000000e-02
  5.196898816683989e-01   1.363336330839274e-01  -5.010000000000000e-02
  5.196963846876124e-01   1.363306735696793e-01  -5.010000000000001e-02
  5.197028083860538e-01   1.363277501541951e-01  -5.010000000000000e-02
  5.197091536968779e-01   1.363248624127975e-01  -5.010000000000000e-02
  5.197154215431098e-01   1.363220099254190e-01  -5.010000000000000e-02
  5.197216128377346e-01   1.363191922765617e-01  -5.010000000000000e-02
  5.197276355027102e-01   1.363162142104825e-01  -5.010000000000000e-02
  5.197335725752162e-01   1.363132474560639e-01  -5.010000000000000e-02
  5.197394370452686e-01   1.363103169810828e-01  -5.010000000000000e-02
  5.197452297715579e-01   1.363074223564514e-01  -5.010000000000001e-02
  5.197509516033394e-01   1.363045631577971e-01  -5.010000000000000e-02
  5.197565838710153e-01   1.363017017530887e-01  -5.010000000000000e-02
  5.197620535855692e-01   1.362986969240029e-01  -5.010000000000001e-02
  5.197674562802253e-01   1.362957289128051e-01  -5.009999999999999e-02
  5.197727927509305e-01   1.362927972822359e-01  -5.010000000000000e-02
  5.197780637848040e-01   1.362899015998855e-01  -5.010000000000001e-02
  5.197832701602188e-01   1.362870414381487e-01  -5.010000000000000e-02
  5.197883914533926e-01   1.362841796855752e-01  -5.010000000000000e-02
  5.197933462867219e-01   1.362811737315376e-01  -5.010000000000001e-02
  5.197982402742413e-01   1.362782046908926e-01  -5.010000000000000e-02
  5.198030741419111e-01   1.362752721232210e-01  -5.010000000000000e-02
  5.198078486075562e-01   1.362723755930393e-01  -5.010000000000000e-02
  5.198125643809439e-01   1.362695146697523e-01  -5.010000000000000e-02
  5.198172221638616e-01   1.362666889276057e-01  -5.010000000000000e-02
  5.198217025502222e-01   1.362637102267919e-01  -5.010000000000000e-02
  5.198261098075943e-01   1.362607400512334e-01  -5.010000000000000e-02
  5.198304628144350e-01   1.362578064366443e-01  -5.010000000000000e-02
  5.198347622212166e-01   1.362549089446530e-01  -5.010000000000000e-02
  5.198390086710414e-01   1.362520471418547e-01  -5.010000000000001e-02
  5.198432027997144e-01   1.362492205997624e-01  -5.010000000000000e-02
  5.198473054820989e-01   1.362463731935413e-01  -5.010000000000000e-02
  5.198512429803146e-01   1.362434003152974e-01  -5.010000000000000e-02
  5.198551319192966e-01   1.362404641001025e-01  -5.010000000000000e-02
  5.198589728835400e-01   1.362375641066525e-01  -5.010000000000000e-02
  5.198627664508615e-01   1.362346998986861e-01  -5.010000000000000e-02
  5.198665131924662e-01   1.362318710449338e-01  -5.010000000000000e-02
  5.198702136730147e-01   1.362290771190673e-01  -5.010000000000000e-02
  5.198738128308011e-01   1.362262484934534e-01  -5.010000000000001e-02
  5.198772509024872e-01   1.362233097031748e-01  -5.010000000000000e-02
  5.198806464884698e-01   1.362204072287684e-01  -5.010000000000000e-02
  5.198840001022675e-01   1.362175406312896e-01  -5.010000000000000e-02
  5.198873122514781e-01   1.362147094768548e-01  -5.010000000000000e-02
  5.198905834378388e-01   1.362119133365895e-01  -5.010000000000000e-02
  5.198938141572875e-01   1.362091517865766e-01  -5.010000000000000e-02
  5.198969964485736e-01   1.362064151896231e-01  -5.010000000000000e-02
  5.198999529136199e-01   1.362035091111298e-01  -5.010000000000000e-02
  5.199028727768669e-01   1.362006390106375e-01  -5.010000000000000e-02
  5.199057564823943e-01   1.361978044516343e-01  -5.010000000000000e-02
  5.199086044691201e-01   1.361950050026833e-01  -5.010000000000000e-02
  5.199114171708533e-01   1.361922402373683e-01  -5.009999999999999e-02
  5.199141950163492e-01   1.361895097342416e-01  -5.010000000000000e-02
  5.199169384293617e-01   1.361868130767709e-01  -5.010000000000000e-02
  5.199195599246553e-01   1.361840673376265e-01  -5.010000000000000e-02
  5.199220158278808e-01   1.361812307242321e-01  -5.010000000000000e-02
  5.199244412680106e-01   1.361784292962734e-01  -5.010000000000000e-02
  5.199268366160993e-01   1.361756626251758e-01  -5.010000000000000e-02
  5.199292022388509e-01   1.361729302873890e-01  -5.010000000000000e-02
  5.199315384986666e-01   1.361702318643334e-01  -5.010000000000000e-02
  5.199338457536902e-01   1.361675669423461e-01  -5.010000000000000e-02
  5.199361243578548e-01   1.361649351126280e-01  -5.010000000000000e-02
  5.199382896882164e-01   1.361622690129103e-01  -5.010000000000000e-02
  5.199402656671155e-01   1.361595080225921e-01  -5.009999999999999e-02
  5.199422170934069e-01   1.361567813390735e-01  -5.010000000000000e-02
  5.199441442672119e-01   1.361540885430020e-01  -5.010000000000000e-02
  5.199460474851063e-01   1.361514292199789e-01  -5.010000000000000e-02
  5.199479270401599e-01   1.361488029605043e-01  -5.010000000000000e-02
  5.199497832219746e-01   1.361462093599240e-01  -5.010000000000000e-02
  5.199516163167227e-01   1.361436480183763e-01  -5.010000000000000e-02
  5.199534266071844e-01   1.361411185407386e-01  -5.010000000000000e-02
  5.199549906556026e-01   1.361384778488044e-01  -5.010000000000000e-02
  5.199564830592984e-01   1.361358367395859e-01  -5.010000000000000e-02
  5.199579568865914e-01   1.361332285050575e-01  -5.010000000000000e-02
  5.199594123653617e-01   1.361306527419389e-01  -5.010000000000000e-02
  5.199608497207778e-01   1.361281090517496e-01  -5.010000000000000e-02
  5.199622691753261e-01   1.361255970407549e-01  -5.010000000000000e-02
  5.199636709488408e-01   1.361231163199135e-01  -5.010000000000000e-02
  5.199650552585342e-01   1.361206665048247e-01  -5.010000000000000e-02
  5.199664223190257e-01   1.361182472156766e-01  -5.010000000000000e-02
  5.199675631860471e-01   1.361157562562317e-01  -5.010000000000000e-02
  5.199685978855556e-01   1.361132515844430e-01  -5.010000000000000e-02
  5.199696196857274e-01   1.361107781377630e-01  -5.010000000000001e-02
  5.199706287453032e-01   1.361083355319322e-01  -5.010000000000000e-02
  5.199716252211217e-01   1.361059233872946e-01  -5.010000000000000e-02
  5.199726092681418e-01   1.361035413287456e-01  -5.010000000000000e-02
  5.199735810394628e-01   1.361011889856811e-01  -5.009999999999999e-02
  5.199745406863463e-01   1.360988659919457e-01  -5.010000000000000e-02
  5.199754883582368e-01   1.360965719857828e-01  -5.010000000000000e-02
  5.199764242027826e-01   1.360943066097841e-01  -5.010000000000000e-02
  5.199770959119232e-01   1.360919849981899e-01  -5.010000000000000e-02
  5.199776972733012e-01   1.360896716271470e-01  -5.010000000000000e-02
  5.199782911261267e-01   1.360873871406799e-01  -5.010000000000001e-02
  5.199788775630885e-01   1.360851311822239e-01  -5.010000000000000e-02
  5.199794566757582e-01   1.360829033995138e-01  -5.010000000000000e-02
  5.199800285546021e-01   1.360807034445352e-01  -5.010000000000000e-02
  5.199805932889947e-01   1.360785309734746e-01  -5.010000000000000e-02
  5.199811509672306e-01   1.360763856466720e-01  -5.010000000000000e-02
  5.199817016765375e-01   1.360742671285729e-01  -5.010000000000000e-02
  5.199822455030878e-01   1.360721750876808e-01  -5.010000000000001e-02
  5.199827825320114e-01   1.360701091965106e-01  -5.010000000000000e-02
  5.199830566695683e-01   1.360680228034089e-01  -5.010000000000000e-02
  5.199832717185184e-01   1.360659524301831e-01  -5.010000000000000e-02
  5.199834840784074e-01   1.360639079457623e-01  -5.010000000000000e-02
  5.199836937825295e-01   1.360618890296065e-01  -5.010000000000001e-02
  5.199839008637752e-01   1.360598953650648e-01  -5.010000000000000e-02
  5.199841053546357e-01   1.360579266393303e-01  -5.010000000000000e-02
  5.199843072872072e-01   1.360559825433953e-01  -5.010000000000000e-02
  5.199845066931967e-01   1.360540627720074e-01  -5.010000000000000e-02
  5.199847036039248e-01   1.360521670236251e-01  -5.010000000000000e-02
  5.199848980503316e-01   1.360502950003751e-01  -5.010000000000000e-02
  5.199850900629807e-01   1.360484464080090e-01  -5.010000000000000e-02
  5.199852796720632e-01   1.360466209558610e-01  -5.010000000000000e-02
  5.199854074660639e-01   1.360448169226787e-01  -5.010000000000000e-02
  5.199853086329010e-01   1.360430300477418e-01  -5.010000000000000e-02
  5.199852110373142e-01   1.360412655478213e-01  -5.009999999999999e-02
  5.199851146639375e-01   1.360395231451030e-01  -5.010000000000000e-02
  5.199850194975920e-01   1.360378025651628e-01  -5.010000000000000e-02
  5.199849255232848e-01   1.360361035369272e-01  -5.010000000000000e-02
  5.199848327262057e-01   1.360344257926338e-01  -5.010000000000000e-02
  5.199847410917254e-01   1.360327690677918e-01  -5.010000000000000e-02
  5.199846506053938e-01   1.360311331011442e-01  -5.010000000000000e-02
  5.199845612529372e-01   1.360295176346289e-01  -5.009999999999999e-02
  5.199844730202567e-01   1.360279224133413e-01  -5.010000000000000e-02
  5.199843858934261e-01   1.360263471854967e-01  -5.010000000000000e-02
  5.199842998586893e-01   1.360247917023936e-01  -5.010000000000000e-02
  5.199842149024592e-01   1.360232557183770e-01  -5.010000000000000e-02
  5.199841310113148e-01   1.360217389908025e-01  -5.010000000000000e-02
  5.199840481719998e-01   1.360202412800000e-01  -5.010000000000000e-02
