888
  4.941329950753820e-01   1.269686518482940e-01  -5.010000000000000e-02
  4.941317765730472e-01   1.269695266351596e-01  -5.010000000000000e-02
  4.941305425991133e-01   1.269704125293914e-01  -5.010000000000001e-02
  4.941292929585904e-01   1.269713096709765e-01  -5.010000000000000e-02
  4.941280274540687e-01   1.269722182016393e-01  -5.010000000000001e-02
  4.941267458856889e-01   1.269731382648628e-01  -5.009999999999999e-02
  4.941254480511135e-01   1.269740700059090e-01  -5.009999999999999e-02
  4.941241337454964e-01   1.269750135718411e-01  -5.010000000000000e-02
  4.941228027614529e-01   1.269759691115444e-01  -5.010000000000000e-02
  4.941214548890301e-01   1.269769367757484e-01  -5.010000000000001e-02
  4.941200899156752e-01   1.269779167170490e-01  -5.010000000000000e-02
  4.941187076262049e-01   1.269789090899305e-01  -5.010000000000000e-02
  4.941173078027739e-01   1.269799140507883e-01  -5.010000000000000e-02
  4.941158902248430e-01   1.269809317579517e-01  -5.010000000000000e-02
  4.941146141109356e-01   1.269821382945640e-01  -5.010000000000000e-02
  4.941134329153188e-01   1.269834827152382e-01  -5.010000000000000e-02
  4.941122367430095e-01   1.269848441821789e-01  -5.010000000000000e-02
  4.941110254057984e-01   1.269862229096029e-01  -5.010000000000000e-02
  4.941097987131549e-01   1.269876191143700e-01  -5.010000000000000e-02
  4.941085564721981e-01   1.269890330160141e-01  -5.010000000000000e-02
  4.941072984876704e-01   1.269904648367751e-01  -5.010000000000000e-02
  4.941060245619082e-01   1.269919148016309e-01  -5.010000000000000e-02
  4.941047344948142e-01   1.269933831383296e-01  -5.010000000000001e-02
  4.941034280838281e-01   1.269948700774223e-01  -5.010000000000000e-02
  4.941021051238982e-01   1.269963758522962e-01  -5.010000000000000e-02
  4.941007654074514e-01   1.269979006992083e-01  -5.010000000000000e-02
  4.940994087243638e-01   1.269994448573184e-01  -5.010000000000000e-02
  4.940982506914406e-01   1.270011683191199e-01  -5.010000000000000e-02
  4.940971426549906e-01   1.270029614601410e-01  -5.010000000000000e-02
  4.940960205913537e-01   1.270047773014300e-01  -5.010000000000000e-02
  4.940948843248138e-01   1.270066161273492e-01  -5.010000000000000e-02
  4.940937336775012e-01   1.270084782257459e-01  -5.010000000000001e-02
  4.940925684693678e-01   1.270103638879930e-01  -5.010000000000000e-02
  4.940913885181610e-01   1.270122734090307e-01  -5.010000000000000e-02
  4.940901936393988e-01   1.270142070874072e-01  -5.010000000000000e-02
  4.940889836463430e-01   1.270161652253218e-01  -5.010000000000000e-02
  4.940877583499740e-01   1.270181481286662e-01  -5.010000000000000e-02
  4.940865175589630e-01   1.270201561070684e-01  -5.010000000000000e-02
  4.940852610796463e-01   1.270221894739354e-01  -5.010000000000000e-02
  4.940840614606128e-01   1.270242875880854e-01  -5.010000000000000e-02
  4.940830360283006e-01   1.270265138454834e-01  -5.010000000000000e-02
  4.940819976364199e-01   1.270287682386589e-01  -5.010000000000000e-02
  4.940809461231882e-01   1.270310511188483e-01  -5.010000000000000e-02
  4.940798813248549e-01   1.270333628415615e-01  -5.009999999999999e-02
  4.940788030756781e-01   1.270357037666310e-01  -5.010000000000000e-02
  4.940777112079022e-01   1.270380742582615e-01  -5.010000000000000e-02
  4.940766055517346e-01   1.270404746850800e-01  -5.010000000000000e-02
  4.940754859353223e-01   1.270429054201867e-01  -5.010000000000000e-02
  4.940743521847285e-01   1.270453668412059e-01  -5.010000000000000e-02
  4.940732041239088e-01   1.270478593303373e-01  -5.010000000000000e-02
  4.940720415746871e-01   1.270503832744089e-01  -5.009999999999999e-02
  4.940708946675458e-01   1.270529513903248e-01  -5.010000000000000e-02
  4.940699423336914e-01   1.270556369079861e-01  -5.010000000000000e-02
  4.940689779877349e-01   1.270583562989709e-01  -5.010000000000001e-02
  4.940680014803254e-01   1.270611099844378e-01  -5.010000000000000e-02
  4.940670126603108e-01   1.270638983906264e-01  -5.010000000000000e-02
  4.940660113747166e-01   1.270667219489141e-01  -5.010000000000000e-02
  4.940649974687261e-01   1.270695810958738e-01  -5.010000000000000e-02
  4.940639707856593e-01   1.270724762733330e-01  -5.010000000000000e-02
  4.940629311669518e-01   1.270754079284318e-01  -5.010000000000000e-02
  4.940618784521345e-01   1.270783765136829e-01  -5.010000000000000e-02
  4.940608124788115e-01   1.270813824870317e-01  -5.010000000000000e-02
  4.940597330826390e-01   1.270844263119167e-01  -5.010000000000000e-02
  4.940587254243563e-01   1.270875354510290e-01  -5.010000000000000e-02
  4.940578357846810e-01   1.270907250733899e-01  -5.010000000000000e-02
  4.940569349493500e-01   1.270939548355000e-01  -5.010000000000000e-02
  4.940560227798188e-01   1.270972252340832e-01  -5.010000000000000e-02
  4.940550991358881e-01   1.271005367717953e-01  -5.010000000000001e-02
  4.940541638756859e-01   1.271038899572894e-01  -5.010000000000000e-02
  4.940532168556490e-01   1.271072853052823e-01  -5.010000000000000e-02
  4.940522579305046e-01   1.271107233366202e-01  -5.010000000000000e-02
  4.940512869532512e-01   1.271142045783466e-01  -5.010000000000000e-02
  4.940503037751404e-01   1.271177295637693e-01  -5.010000000000000e-02
  4.940493082456571e-01   1.271212988325290e-01  -5.009999999999999e-02
  4.940483328168137e-01   1.271249210692996e-01  -5.010000000000000e-02
  4.940475139840907e-01   1.271286309368250e-01  -5.010000000000000e-02
  4.940466848717787e-01   1.271323873778595e-01  -5.010000000000000e-02
  4.940458453533064e-01   1.271361909658575e-01  -5.010000000000000e-02
  4.940449953006070e-01   1.271400422810478e-01  -5.009999999999999e-02
  4.940441345841025e-01   1.271439419105070e-01  -5.010000000000000e-02
  4.940432630726873e-01   1.271478904482319e-01  -5.010000000000000e-02
  4.940423806337121e-01   1.271518884952140e-01  -5.010000000000001e-02
  4.940414871329674e-01   1.271559366595139e-01  -5.010000000000000e-02
  4.940405824346666e-01   1.271600355563359e-01  -5.010000000000000e-02
  4.940396664014301e-01   1.271641858081043e-01  -5.010000000000000e-02
  4.940388257857802e-01   1.271684052379541e-01  -5.010000000000001e-02
  4.940380737462356e-01   1.271726971145076e-01  -5.010000000000000e-02
  4.940373122919552e-01   1.271770427207932e-01  -5.010000000000000e-02
  4.940365413076868e-01   1.271814427145548e-01  -5.009999999999999e-02
  4.940357606768333e-01   1.271858977612090e-01  -5.010000000000000e-02
  4.940349702814393e-01   1.271904085339249e-01  -5.010000000000000e-02
  4.940341700021770e-01   1.271949757137045e-01  -5.010000000000000e-02
  4.940333597183320e-01   1.271995999894635e-01  -5.010000000000000e-02
  4.940325393077887e-01   1.272042820581130e-01  -5.010000000000000e-02
  4.940317086470161e-01   1.272090226246414e-01  -5.010000000000000e-02
  4.940309273854879e-01   1.272138317604619e-01  -5.010000000000001e-02
  4.940302529139893e-01   1.272187191918373e-01  -5.010000000000000e-02
  4.940295700232881e-01   1.272236676313876e-01  -5.009999999999999e-02
  4.940288786109404e-01   1.272286778214530e-01  -5.010000000000000e-02
  4.940281785733231e-01   1.272337505129185e-01  -5.010000000000000e-02
  4.940274698056223e-01   1.272388864652995e-01  -5.010000000000000e-02
  4.940267522018208e-01   1.272440864468281e-01  -5.010000000000001e-02
  4.940260256546869e-01   1.272493512345402e-01  -5.010000000000000e-02
  4.940252900557617e-01   1.272546816143626e-01  -5.010000000000000e-02
  4.940245452953471e-01   1.272600783812014e-01  -5.010000000000000e-02
  4.940239197428188e-01   1.272655580891743e-01  -5.010000000000000e-02
  4.940233243314183e-01   1.272711106466530e-01  -5.010000000000001e-02
  4.940227215121433e-01   1.272767322868691e-01  -5.010000000000000e-02
  4.940221111954756e-01   1.272824238446310e-01  -5.010000000000000e-02
  4.940214932908825e-01   1.272881861642083e-01  -5.010000000000000e-02
  4.940208677068070e-01   1.272940200994233e-01  -5.010000000000000e-02
  4.940202343506581e-01   1.272999265137423e-01  -5.010000000000001e-02
  4.940195931288005e-01   1.273059062803682e-01  -5.010000000000000e-02
  4.940189439465449e-01   1.273119602823324e-01  -5.010000000000000e-02
  4.940184092202893e-01   1.273181009208120e-01  -5.010000000000000e-02
  4.940179074001080e-01   1.273243214474489e-01  -5.010000000000000e-02
  4.940173993573293e-01   1.273306191089519e-01  -5.010000000000001e-02
  4.940168850172863e-01   1.273369948308875e-01  -5.010000000000000e-02
  4.940163643044792e-01   1.273434495491456e-01  -5.010000000000000e-02
  4.940158371425678e-01   1.273499842100342e-01  -5.010000000000001e-02
  4.940153034543636e-01   1.273565997703751e-01  -5.009999999999999e-02
  4.940147631618224e-01   1.273632971975992e-01  -5.010000000000000e-02
  4.940142582611299e-01   1.273700803822147e-01  -5.010000000000000e-02
  4.940138610050560e-01   1.273769553199048e-01  -5.010000000000000e-02
  4.940134588392766e-01   1.273839152252576e-01  -5.010000000000000e-02
  4.940130517052902e-01   1.273909611107006e-01  -5.010000000000000e-02
  4.940126395439535e-01   1.273980939997722e-01  -5.010000000000000e-02
  4.940122222954757e-01   1.274053149272180e-01  -5.010000000000001e-02
  4.940117998994124e-01   1.274126249390895e-01  -5.010000000000001e-02
  4.940113722946605e-01   1.274200250928415e-01  -5.010000000000000e-02
  4.940109840191649e-01   1.274275185761590e-01  -5.010000000000000e-02
  4.940107013465435e-01   1.274351096209215e-01  -5.010000000000000e-02
  4.940104151931469e-01   1.274427941403157e-01  -5.010000000000000e-02
  4.940101255178231e-01   1.274505732394685e-01  -5.010000000000000e-02
  4.940098322789761e-01   1.274584480354135e-01  -5.010000000000000e-02
  4.940095354345633e-01   1.274664196571899e-01  -5.009999999999999e-02
  4.940092349420912e-01   1.274744892459411e-01  -5.010000000000000e-02
  4.940089307586118e-01   1.274826579550132e-01  -5.010000000000000e-02
  4.940087407174518e-01   1.274909302706562e-01  -5.010000000000000e-02
  4.940085806995149e-01   1.274993050025083e-01  -5.010000000000000e-02
  4.940084187191324e-01   1.275077824413247e-01  -5.010000000000000e-02
  4.940082547533036e-01   1.275163637908630e-01  -5.010000000000000e-02
  4.940080887787854e-01   1.275250502675827e-01  -5.010000000000000e-02
  4.940079207720903e-01   1.275338431007430e-01  -5.010000000000000e-02
  4.940077507094838e-01   1.275427435325009e-01  -5.010000000000000e-02
  4.940076901197023e-01   1.275517540096229e-01  -5.010000000000000e-02
  4.940076695204632e-01   1.275608750583981e-01  -5.010000000000000e-02
  4.940076486695822e-01   1.275701075306528e-01  -5.010000000000000e-02
  4.940076275641346e-01   1.275794527213413e-01  -5.010000000000000e-02
  4.940076062011657e-01   1.275889119388025e-01  -5.010000000000001e-02
  4.940075845776901e-01   1.275984865048566e-01  -5.010000000000000e-02
  4.940075791685777e-01   1.276081776635376e-01  -5.010000000000000e-02
  4.940077100931742e-01   1.276179860978907e-01  -5.010000000000000e-02
  4.940078426113488e-01   1.276279139178023e-01  -5.010000000000000e-02
  4.940079767414761e-01   1.276379624998451e-01  -5.010000000000000e-02
  4.940081125021173e-01   1.276481332345425e-01  -5.010000000000000e-02
  4.940082499120205e-01   1.276584275264613e-01  -5.009999999999999e-02
  4.940083889901230e-01   1.276688467943032e-01  -5.010000000000000e-02
  4.940086681726716e-01   1.276793895973485e-01  -5.010000000000001e-02
  4.940089688140352e-01   1.276900598464161e-01  -5.010000000000001e-02
  4.940092730978912e-01   1.277008593734389e-01  -5.010000000000000e-02
  4.940095810658181e-01   1.277117896541027e-01  -5.010000000000000e-02
  4.940098927598047e-01   1.277228521786684e-01  -5.010000000000000e-02
  4.940102147452931e-01   1.277340482226155e-01  -5.010000000000000e-02
  4.940106924320105e-01   1.277453741924441e-01  -5.010000000000000e-02
  4.940111758857253e-01   1.277568368979939e-01  -5.009999999999999e-02
  4.940116651717535e-01   1.277684378879143e-01  -5.010000000000000e-02
  4.940121603560437e-01   1.277801787258407e-01  -5.010000000000000e-02
  4.940126615051792e-01   1.277920609904749e-01  -5.010000000000000e-02
  4.940132596969104e-01   1.278040818198232e-01  -5.010000000000000e-02
  4.940139376895240e-01   1.278162436704235e-01  -5.010000000000001e-02
  4.940146238300271e-01   1.278285516780977e-01  -5.010000000000000e-02
  4.940153182097705e-01   1.278410074814945e-01  -5.009999999999999e-02
  4.940160209209650e-01   1.278536127346957e-01  -5.010000000000000e-02
  4.940167687926685e-01   1.278663669322400e-01  -5.010000000000000e-02
  4.940175774666171e-01   1.278792708387373e-01  -5.010000000000000e-02
  4.940183958192957e-01   1.278923291874906e-01  -5.010000000000000e-02
  4.940192239582317e-01   1.279055436942954e-01  -5.009999999999999e-02
  4.940200619919395e-01   1.279189160907056e-01  -5.010000000000000e-02
  4.940209100299251e-01   1.279324481240943e-01  -5.009999999999999e-02
  4.940217681826896e-01   1.279461415577115e-01  -5.010000000000000e-02
  4.940226365617323e-01   1.279599981707404e-01  -5.010000000000001e-02
  4.940235152795547e-01   1.279740197583505e-01  -5.010000000000000e-02
  4.940244044496631e-01   1.279882081317487e-01  -5.010000000000000e-02
  4.940253041865722e-01   1.280025651182279e-01  -5.010000000000000e-02
  4.940262146058071e-01   1.280170925612127e-01  -5.010000000000000e-02
  4.940271358239071e-01   1.280317923203023e-01  -5.010000000000000e-02
  4.940280679584274e-01   1.280466662713109e-01  -5.010000000000000e-02
  4.940290111279418e-01   1.280617163063051e-01  -5.010000000000000e-02
  4.940299654520447e-01   1.280769443336379e-01  -5.010000000000000e-02
  4.940309310513532e-01   1.280923522779800e-01  -5.010000000000000e-02
  4.940319080475086e-01   1.281079420803477e-01  -5.010000000000000e-02
  4.940328965631783e-01   1.281237156981273e-01  -5.010000000000000e-02
  4.940338945364888e-01   1.281396752399669e-01  -5.010000000000000e-02
  4.940348755946666e-01   1.281558243311988e-01  -5.010000000000000e-02
  4.940358681837136e-01   1.281721632308060e-01  -5.010000000000000e-02
  4.940368724265442e-01   1.281886939620701e-01  -5.010000000000000e-02
  4.940378884470719e-01   1.282054185647141e-01  -5.010000000000000e-02
  4.940389163702086e-01   1.282223390949047e-01  -5.009999999999999e-02
  4.940399563218657e-01   1.282394576252507e-01  -5.009999999999999e-02
  4.940410084289527e-01   1.282567762447973e-01  -5.010000000000000e-02
  4.940420728193771e-01   1.282742970590150e-01  -5.010000000000000e-02
  4.940431496220433e-01   1.282920221897859e-01  -5.010000000000000e-02
  4.940442389668515e-01   1.283099537753837e-01  -5.009999999999999e-02
  4.940453409846964e-01   1.283280939704496e-01  -5.010000000000000e-02
  4.940464558074650e-01   1.283464449459640e-01  -5.010000000000000e-02
  4.940475835680352e-01   1.283650088892122e-01  -5.010000000000001e-02
  4.940487244002727e-01   1.283837880037455e-01  -5.010000000000000e-02
  4.940498784390290e-01   1.284027845093373e-01  -5.010000000000000e-02
  4.940512230238400e-01   1.284219882813595e-01  -5.010000000000000e-02
  4.940527522064433e-01   1.284414019963306e-01  -5.010000000000000e-02
  4.940542990226392e-01   1.284610395783145e-01  -5.010000000000001e-02
  4.940558636521180e-01   1.284809033085665e-01  -5.010000000000000e-02
  4.940574462758224e-01   1.285009954842397e-01  -5.010000000000001e-02
  4.940590470759407e-01   1.285213184183074e-01  -5.010000000000000e-02
  4.940606662359013e-01   1.285418744394777e-01  -5.010000000000000e-02
  4.940623039403643e-01   1.285626658921035e-01  -5.010000000000000e-02
  4.940639603752148e-01   1.285836951360845e-01  -5.010000000000000e-02
  4.940656357275541e-01   1.286049645467635e-01  -5.010000000000001e-02
  4.940673301856914e-01   1.286264765148155e-01  -5.010000000000001e-02
  4.940690439391341e-01   1.286482334461302e-01  -5.010000000000000e-02
  4.940707771785783e-01   1.286702377616865e-01  -5.010000000000000e-02
  4.940729104157011e-01   1.286924574000821e-01  -5.010000000000001e-02
  4.940752161806482e-01   1.287149154624928e-01  -5.010000000000000e-02
  4.940775480431495e-01   1.287376277140829e-01  -5.010000000000000e-02
  4.940799062572732e-01   1.287605966294670e-01  -5.009999999999999e-02
  4.940822910785578e-01   1.287838246975820e-01  -5.010000000000000e-02
  4.940847027639952e-01   1.288073144215171e-01  -5.010000000000000e-02
  4.940871415720116e-01   1.288310683183346e-01  -5.010000000000000e-02
  4.940896077624488e-01   1.288550889188832e-01  -5.010000000000001e-02
  4.940921015965438e-01   1.288793787676024e-01  -5.009999999999999e-02
  4.940946233369082e-01   1.289039404223180e-01  -5.010000000000000e-02
  4.940971732475060e-01   1.289287764540293e-01  -5.010000000000000e-02
  4.941003535406650e-01   1.289538195767814e-01  -5.010000000000000e-02
  4.941036322314187e-01   1.289791341673752e-01  -5.010000000000000e-02
  4.941069473555969e-01   1.290047300584320e-01  -5.010000000000000e-02
  4.941102992516725e-01   1.290306098632816e-01  -5.010000000000000e-02
  4.941136882596637e-01   1.290567762071856e-01  -5.010000000000000e-02
  4.941171147210991e-01   1.290832317270687e-01  -5.010000000000000e-02
  4.941205789789820e-01   1.291099790712390e-01  -5.010000000000000e-02
  4.941240813777524e-01   1.291370208990994e-01  -5.010000000000000e-02
  4.941276222632484e-01   1.291643598808472e-01  -5.010000000000000e-02
  4.941316335537446e-01   1.291919367575263e-01  -5.010000000000000e-02
  4.941360192128207e-01   1.292197680532723e-01  -5.010000000000000e-02
  4.941404527800323e-01   1.292479033729890e-01  -5.010000000000000e-02
  4.941449346807658e-01   1.292763454161691e-01  -5.010000000000000e-02
  4.941494653418413e-01   1.293050968914045e-01  -5.010000000000000e-02
  4.941540451914557e-01   1.293341605160222e-01  -5.009999999999999e-02
  4.941586746591229e-01   1.293635390157088e-01  -5.010000000000000e-02
  4.941633541756134e-01   1.293932351241237e-01  -5.010000000000000e-02
  4.941683909695381e-01   1.294231988723617e-01  -5.010000000000000e-02
  4.941740104660263e-01   1.294533943533726e-01  -5.010000000000000e-02
  4.941796903171389e-01   1.294839141404713e-01  -5.009999999999999e-02
  4.941854310343505e-01   1.295147609819843e-01  -5.010000000000000e-02
  4.941912331302200e-01   1.295459376320672e-01  -5.010000000000000e-02
  4.941970971183061e-01   1.295774468502463e-01  -5.010000000000000e-02
  4.942030235130790e-01   1.296092914009477e-01  -5.010000000000000e-02
  4.942090774678509e-01   1.296414610998430e-01  -5.010000000000000e-02
  4.942160239612760e-01   1.296738055247911e-01  -5.010000000000000e-02
  4.942230438527859e-01   1.297064917076169e-01  -5.010000000000000e-02
  4.942301377359424e-01   1.297395224120751e-01  -5.010000000000000e-02
  4.942373062048086e-01   1.297729004042579e-01  -5.010000000000000e-02
  4.942445498538328e-01   1.298066284520480e-01  -5.010000000000000e-02
  4.942518692777270e-01   1.298407093245581e-01  -5.010000000000000e-02
  4.942597410368235e-01   1.298750367789349e-01  -5.010000000000000e-02
  4.942681572376708e-01   1.299096155291350e-01  -5.010000000000000e-02
  4.942766607898007e-01   1.299445531702690e-01  -5.010000000000000e-02
  4.942852523627763e-01   1.299798524532993e-01  -5.010000000000000e-02
  4.942939326257301e-01   1.300155161274193e-01  -5.009999999999999e-02
  4.943027022472081e-01   1.300515469394138e-01  -5.010000000000000e-02
  4.943120978020005e-01   1.300878095391103e-01  -5.010000000000000e-02
  4.943220337045734e-01   1.301243288922454e-01  -5.010000000000001e-02
  4.943320710261273e-01   1.301612210102663e-01  -5.010000000000000e-02
  4.943422105044149e-01   1.301984886047773e-01  -5.010000000000000e-02
  4.943524528756142e-01   1.302361343815979e-01  -5.010000000000000e-02
  4.943628927535914e-01   1.302741341659621e-01  -5.010000000000000e-02
  4.943743505828341e-01   1.303122559978964e-01  -5.010000000000000e-02
  4.943859236333432e-01   1.303507611874164e-01  -5.010000000000000e-02
  4.943976127031707e-01   1.303896523897542e-01  -5.010000000000000e-02
  4.944094185875229e-01   1.304289322506752e-01  -5.009999999999999e-02
  4.944214128531901e-01   1.304685811334214e-01  -5.010000000000000e-02
  4.944344852804558e-01   1.305083219033440e-01  -5.010000000000000e-02
  4.944476870878469e-01   1.305484559946975e-01  -5.010000000000000e-02
  4.944610191236480e-01   1.305889859863054e-01  -5.009999999999999e-02
  4.944744822317211e-01   1.306299144435462e-01  -5.010000000000000e-02
  4.944885101322020e-01   1.306710954084497e-01  -5.010000000000000e-02
  4.945032929936906e-01   1.307124664617141e-01  -5.009999999999999e-02
  4.945182196960122e-01   1.307542400653757e-01  -5.010000000000000e-02
  4.945332911257604e-01   1.307964187006397e-01  -5.010000000000000e-02
  4.945485893235074e-01   1.308389746889259e-01  -5.010000000000000e-02
  4.945650157702297e-01   1.308815759990282e-01  -5.010000000000000e-02
  4.945815997591843e-01   1.309245858883932e-01  -5.010000000000000e-02
  4.945983422091269e-01   1.309680067397762e-01  -5.010000000000000e-02
  4.946152653357414e-01   1.310118324003191e-01  -5.010000000000000e-02
  4.946333998734279e-01   1.310556536481992e-01  -5.010000000000000e-02
  4.946517057078724e-01   1.310998888265485e-01  -5.010000000000000e-02
  4.946701837783449e-01   1.311445402050681e-01  -5.010000000000001e-02
  4.946890592436061e-01   1.311895140876514e-01  -5.010000000000000e-02
  4.947089641694443e-01   1.312345426449670e-01  -5.010000000000001e-02
  4.947290541209812e-01   1.312799897640168e-01  -5.010000000000000e-02
  4.947493300450389e-01   1.313258575866845e-01  -5.009999999999999e-02
  4.947704566610931e-01   1.313718454827540e-01  -5.010000000000000e-02
  4.947921928294644e-01   1.314180659361117e-01  -5.010000000000000e-02
  4.948141276536782e-01   1.314647088173301e-01  -5.010000000000000e-02
  4.948364959514022e-01   1.315116628501105e-01  -5.010000000000000e-02
  4.948599130639380e-01   1.315586324164340e-01  -5.009999999999999e-02
  4.948835413659807e-01   1.316060255823597e-01  -5.010000000000000e-02
  4.949073817934100e-01   1.316538442250557e-01  -5.010000000000000e-02
  4.949325016272675e-01   1.317015435453505e-01  -5.010000000000001e-02
  4.949578531500807e-01   1.317496628925331e-01  -5.009999999999999e-02
  4.949834290945610e-01   1.317982082111335e-01  -5.010000000000000e-02
  4.950102226426414e-01   1.318466443745976e-01  -5.010000000000001e-02
  4.950373327461400e-01   1.318954610054659e-01  -5.010000000000000e-02
  4.950646793541746e-01   1.319447035054069e-01  -5.010000000000000e-02
  4.950933229283709e-01   1.319937700005538e-01  -5.010000000000000e-02
  4.951222164290651e-01   1.320432587942657e-01  -5.010000000000000e-02
  4.951515676960336e-01   1.320930474866165e-01  -5.010000000000000e-02
  4.951820141969782e-01   1.321427567409000e-01  -5.010000000000000e-02
  4.952127195569865e-01   1.321928886280189e-01  -5.010000000000000e-02
  4.952442241433547e-01   1.322431062595204e-01  -5.010000000000000e-02
  4.952764974053810e-01   1.322934305367386e-01  -5.010000000000000e-02
  4.953090406162719e-01   1.323441757500706e-01  -5.010000000000001e-02
  4.953428278580278e-01   1.323947048167635e-01  -5.010000000000000e-02
  4.953769529966132e-01   1.324456134733779e-01  -5.010000000000000e-02
  4.954118317751313e-01   1.324966168547981e-01  -5.010000000000000e-02
  4.954475383257041e-01   1.325476656391281e-01  -5.010000000000000e-02
  4.954836146187364e-01   1.325990725214125e-01  -5.010000000000000e-02
  4.955209043873037e-01   1.326502363472761e-01  -5.010000000000000e-02
  4.955584935870208e-01   1.327018110108517e-01  -5.010000000000000e-02
  4.955971490931370e-01   1.327532274384935e-01  -5.010000000000001e-02
  4.956363342737309e-01   1.328048857370014e-01  -5.010000000000000e-02
  4.956763548750979e-01   1.328565438996322e-01  -5.010000000000000e-02
  4.957171270313623e-01   1.329082676951886e-01  -5.010000000000000e-02
  4.957585861597615e-01   1.329600968167590e-01  -5.010000000000000e-02
  4.958009493606167e-01   1.330118576226710e-01  -5.010000000000000e-02
  4.958439137145131e-01   1.330637857156477e-01  -5.010000000000000e-02
  4.958878642556717e-01   1.331155607105462e-01  -5.010000000000001e-02
  4.959323873622570e-01   1.331675205186473e-01  -5.010000000000000e-02
  4.959779178510266e-01   1.332192897906890e-01  -5.010000000000000e-02
  4.960240458859104e-01   1.332712149560771e-01  -5.009999999999999e-02
  4.960711573186083e-01   1.333229508557282e-01  -5.009999999999999e-02
  4.961189328041959e-01   1.333747734093454e-01  -5.010000000000000e-02
  4.961676161028414e-01   1.334264567842976e-01  -5.010000000000000e-02
  4.962170676312456e-01   1.334781170063080e-01  -5.010000000000000e-02
  4.962673131589069e-01   1.335297290898783e-01  -5.010000000000000e-02
  4.963184662724615e-01   1.335811663807562e-01  -5.010000000000000e-02
  4.963702690952520e-01   1.336326834644204e-01  -5.010000000000000e-02
  4.964231452135581e-01   1.336838377052290e-01  -5.010000000000000e-02
  4.964765930304741e-01   1.337351375855872e-01  -5.010000000000000e-02
  4.965311146358702e-01   1.337860492996858e-01  -5.010000000000001e-02
  4.965863237695571e-01   1.338369686327478e-01  -5.010000000000000e-02
  4.966423646094905e-01   1.338877375664876e-01  -5.010000000000000e-02
  4.966993367086751e-01   1.339382280146499e-01  -5.010000000000000e-02
  4.967569566235430e-01   1.339887539029927e-01  -5.010000000000000e-02
  4.968156315512526e-01   1.340388365267078e-01  -5.010000000000000e-02
  4.968750267733225e-01   1.340888489188551e-01  -5.010000000000000e-02
  4.969351877477790e-01   1.341387349690728e-01  -5.009999999999999e-02
  4.969963522517708e-01   1.341881884377399e-01  -5.010000000000000e-02
  4.970582046168618e-01   1.342375855059954e-01  -5.010000000000000e-02
  4.971209035100525e-01   1.342867210183037e-01  -5.010000000000000e-02
  4.971845132452947e-01   1.343354928193468e-01  -5.010000000000000e-02
  4.972488305225040e-01   1.343841547751661e-01  -5.010000000000000e-02
  4.973140019227039e-01   1.344325036400675e-01  -5.010000000000000e-02
  4.973800555924625e-01   1.344804808179317e-01  -5.010000000000000e-02
  4.974468279195012e-01   1.345282993449232e-01  -5.010000000000000e-02
  4.975144113306676e-01   1.345758205450708e-01  -5.010000000000000e-02
  4.975828886014840e-01   1.346229055942446e-01  -5.010000000000000e-02
  4.976520844377952e-01   1.346697937359606e-01  -5.010000000000000e-02
  4.977220059977089e-01   1.347164665762922e-01  -5.010000000000000e-02
  4.977928668687381e-01   1.347625827201377e-01  -5.010000000000000e-02
  4.978644426284403e-01   1.348084652321174e-01  -5.010000000000000e-02
  4.979367357513045e-01   1.348541006490115e-01  -5.010000000000000e-02
  4.980098308229203e-01   1.348993399431862e-01  -5.010000000000000e-02
  4.980837312177291e-01   1.349441555144831e-01  -5.010000000000000e-02
  4.981583341205201e-01   1.349887002336505e-01  -5.010000000000000e-02
  4.982336399742700e-01   1.350329613227544e-01  -5.010000000000000e-02
  4.983097463527372e-01   1.350767539623756e-01  -5.010000000000000e-02
  4.983865886241853e-01   1.351201678102566e-01  -5.010000000000000e-02
  4.984641110008604e-01   1.351632856250015e-01  -5.010000000000001e-02
  4.985423111551152e-01   1.352060975052575e-01  -5.010000000000000e-02
  4.986212689847622e-01   1.352484378718917e-01  -5.010000000000000e-02
  4.987009299554427e-01   1.352903851453932e-01  -5.010000000000000e-02
  4.987812425143444e-01   1.353320195575196e-01  -5.010000000000000e-02
  4.988622024946957e-01   1.353733334324337e-01  -5.010000000000000e-02
  4.989438417853127e-01   1.354142457443603e-01  -5.010000000000000e-02
  4.990261771787413e-01   1.354546992991134e-01  -5.010000000000000e-02
  4.991091336382690e-01   1.354948257078283e-01  -5.010000000000000e-02
  4.991927028079565e-01   1.355346250731212e-01  -5.010000000000000e-02
  4.992768751171131e-01   1.355740996509865e-01  -5.010000000000000e-02
  4.993617188768986e-01   1.356130806494152e-01  -5.009999999999999e-02
  4.994471557264317e-01   1.356517142399097e-01  -5.010000000000000e-02
  4.995331665367168e-01   1.356900234105037e-01  -5.010000000000000e-02
  4.996197441761123e-01   1.357280051303123e-01  -5.010000000000000e-02
  4.997068928388255e-01   1.357656294421216e-01  -5.010000000000000e-02
  4.997946462484860e-01   1.358027932156468e-01  -5.010000000000000e-02
  4.998829324339817e-01   1.358396423132574e-01  -5.010000000000000e-02
  4.999717430284253e-01   1.358761765017754e-01  -5.010000000000000e-02
  5.000610691642964e-01   1.359123966103180e-01  -5.010000000000000e-02
  5.001509253292935e-01   1.359482441160368e-01  -5.010000000000000e-02
  5.002413143344168e-01   1.359836859820111e-01  -5.010000000000000e-02
  5.003321851574940e-01   1.360188281851969e-01  -5.010000000000000e-02
  5.004235278907244e-01   1.360536743889303e-01  -5.010000000000000e-02
  5.005153335673145e-01   1.360882257004934e-01  -5.010000000000000e-02
  5.006076286031976e-01   1.361223867988138e-01  -5.010000000000000e-02
  5.007003838517022e-01   1.361562093295920e-01  -5.010000000000000e-02
  5.007935687585682e-01   1.361897525107323e-01  -5.010000000000000e-02
  5.008871751705334e-01   1.362230152194926e-01  -5.010000000000000e-02
  5.009811954200446e-01   1.362559948581397e-01  -5.010000000000000e-02
  5.010756546596810e-01   1.362885922174450e-01  -5.010000000000001e-02
  5.011705096468790e-01   1.363209043758134e-01  -5.010000000000000e-02
  5.012657441597894e-01   1.363529534424023e-01  -5.010000000000000e-02
  5.013613478598800e-01   1.363847445548915e-01  -5.010000000000000e-02
  5.014573207907246e-01   1.364162509384924e-01  -5.010000000000000e-02
  5.015536747081466e-01   1.364474073243143e-01  -5.009999999999999e-02
  5.016503668875869e-01   1.364783168568292e-01  -5.010000000000000e-02
  5.017473871859550e-01   1.365089842134694e-01  -5.010000000000001e-02
  5.018447254724985e-01   1.365394139433066e-01  -5.010000000000000e-02
  5.019424002252401e-01   1.365695170578760e-01  -5.010000000000000e-02
  5.020403811067365e-01   1.365993609311092e-01  -5.010000000000000e-02
  5.021386490883107e-01   1.366289788674492e-01  -5.009999999999999e-02
  5.022371950054239e-01   1.366583722273119e-01  -5.010000000000000e-02
  5.023360254008975e-01   1.366874886170565e-01  -5.009999999999999e-02
  5.024351323546845e-01   1.367163224332857e-01  -5.010000000000001e-02
  5.025344868754749e-01   1.367449417388437e-01  -5.010000000000000e-02
  5.026340801029613e-01   1.367733466623226e-01  -5.010000000000001e-02
  5.027339111849362e-01   1.368015086115868e-01  -5.010000000000000e-02
  5.028339841632608e-01   1.368293793487176e-01  -5.010000000000000e-02
  5.029342651619722e-01   1.368570469401124e-01  -5.010000000000000e-02
  5.030347451974017e-01   1.368845117535381e-01  -5.010000000000000e-02
  5.031354220710761e-01   1.369117488040449e-01  -5.010000000000000e-02
  5.032363023975677e-01   1.369386982626927e-01  -5.010000000000000e-02
  5.033373531187227e-01   1.369654486486192e-01  -5.010000000000000e-02
  5.034385649438145e-01   1.369920012957918e-01  -5.009999999999999e-02
  5.035399385250983e-01   1.370183188693838e-01  -5.010000000000000e-02
  5.036414735783757e-01   1.370443655318686e-01  -5.010000000000000e-02
  5.037431405110947e-01   1.370702202273963e-01  -5.010000000000000e-02
  5.038449300907186e-01   1.370958840158322e-01  -5.010000000000000e-02
  5.039468504629417e-01   1.371212877013549e-01  -5.010000000000000e-02
  5.040488878849716e-01   1.371464479127966e-01  -5.010000000000000e-02
  5.041510196608502e-01   1.371714194530886e-01  -5.010000000000000e-02
  5.042532361827274e-01   1.371962049323948e-01  -5.010000000000000e-02
  5.043555597592572e-01   1.372206728344964e-01  -5.010000000000000e-02
  5.044579502784871e-01   1.372449507817191e-01  -5.010000000000000e-02
  5.045603981640301e-01   1.372690414037936e-01  -5.010000000000000e-02
  5.046629091646838e-01   1.372928811713874e-01  -5.010000000000000e-02
  5.047654758794447e-01   1.373164607577633e-01  -5.010000000000000e-02
  5.048680732852844e-01   1.373398489732808e-01  -5.010000000000000e-02
  5.049706952244041e-01   1.373630336699233e-01  -5.010000000000000e-02
  5.050733575088915e-01   1.373859026348648e-01  -5.010000000000000e-02
  5.051760229528171e-01   1.374085804361506e-01  -5.010000000000001e-02
  5.052786826054070e-01   1.374310677364114e-01  -5.010000000000000e-02
  5.053813527981504e-01   1.374532474801944e-01  -5.010000000000000e-02
  5.054840066339077e-01   1.374752002941427e-01  -5.010000000000000e-02
  5.055866285823255e-01   1.374969575575872e-01  -5.010000000000000e-02
  5.056892287715720e-01   1.375184286837715e-01  -5.010000000000001e-02
  5.057917921314260e-01   1.375396407289931e-01  -5.010000000000000e-02
  5.058942967084585e-01   1.375606571341853e-01  -5.010000000000000e-02
  5.059967496388637e-01   1.375813998415716e-01  -5.010000000000000e-02
  5.060991441300472e-01   1.376018563129878e-01  -5.010000000000000e-02
  5.062014539693206e-01   1.376221137246020e-01  -5.010000000000000e-02
  5.063036858936261e-01   1.376420940570567e-01  -5.010000000000000e-02
  5.064058350446092e-01   1.376617748802350e-01  -5.010000000000000e-02
  5.065078737794511e-01   1.376812546447331e-01  -5.010000000000000e-02
  5.066098109791831e-01   1.377004418181931e-01  -5.009999999999999e-02
  5.067116384070094e-01   1.377193316858263e-01  -5.010000000000000e-02
  5.068133301464286e-01   1.377380183713228e-01  -5.010000000000000e-02
  5.069149005578155e-01   1.377563772053412e-01  -5.010000000000000e-02
  5.070163318003542e-01   1.377744570775411e-01  -5.010000000000000e-02
  5.071176021225951e-01   1.377923344568049e-01  -5.009999999999999e-02
  5.072187340345680e-01   1.378098330105252e-01  -5.010000000000000e-02
  5.073196952350308e-01   1.378270881865736e-01  -5.010000000000001e-02
  5.074204725206044e-01   1.378441320576813e-01  -5.010000000000000e-02
  5.075210929352075e-01   1.378607528494986e-01  -5.010000000000000e-02
  5.076215115024976e-01   1.378771706902903e-01  -5.010000000000000e-02
  5.077217338630115e-01   1.378933046872321e-01  -5.010000000000000e-02
  5.078217647410128e-01   1.379090719514248e-01  -5.010000000000000e-02
  5.079215702550963e-01   1.379246376033917e-01  -5.010000000000000e-02
  5.080211701656111e-01   1.379398244298959e-01  -5.010000000000001e-02
  5.081205400477488e-01   1.379547375439838e-01  -5.010000000000001e-02
  5.082196656755925e-01   1.379694244080660e-01  -5.010000000000000e-02
  5.083185709117125e-01   1.379836678727303e-01  -5.010000000000000e-02
  5.084172121319103e-01   1.379977157580516e-01  -5.010000000000000e-02
  5.085156052635799e-01   1.380114060755943e-01  -5.010000000000001e-02
  5.086137363173422e-01   1.380247812771239e-01  -5.010000000000000e-02
  5.087115844537066e-01   1.380379451051095e-01  -5.010000000000000e-02
  5.088091766752133e-01   1.380506376729530e-01  -5.010000000000000e-02
  5.089064681103991e-01   1.380631454135233e-01  -5.010000000000000e-02
  5.090034776184336e-01   1.380752693982011e-01  -5.010000000000000e-02
  5.091001869466559e-01   1.380870939348651e-01  -5.010000000000001e-02
  5.091965837819906e-01   1.380986692370555e-01  -5.009999999999999e-02
  5.092926834381544e-01   1.381098046998266e-01  -5.010000000000000e-02
  5.093884477409277e-01   1.381207722236680e-01  -5.010000000000000e-02
  5.094839041467651e-01   1.381312722565539e-01  -5.009999999999999e-02
  5.095790173749136e-01   1.381415593217532e-01  -5.010000000000000e-02
  5.096737968724471e-01   1.381514928658867e-01  -5.009999999999999e-02
  5.097682333065596e-01   1.381610937829567e-01  -5.010000000000000e-02
  5.098623119656225e-01   1.381704528627669e-01  -5.010000000000000e-02
  5.099560455917338e-01   1.381793721559896e-01  -5.010000000000000e-02
  5.100493995774109e-01   1.381881549419257e-01  -5.010000000000000e-02
  5.101424049544441e-01   1.381964000408319e-01  -5.010000000000000e-02
  5.102350192105695e-01   1.382045119158987e-01  -5.009999999999999e-02
  5.103272644707833e-01   1.382121758546720e-01  -5.010000000000000e-02
  5.104191152088682e-01   1.382196212339542e-01  -5.009999999999999e-02
  5.105105787559516e-01   1.382266983532494e-01  -5.010000000000000e-02
  5.106016428659926e-01   1.382334844583066e-01  -5.010000000000000e-02
  5.106923030484636e-01   1.382399799774339e-01  -5.010000000000000e-02
  5.107825581075830e-01   1.382461170958391e-01  -5.010000000000001e-02
  5.108723948021600e-01   1.382520268502549e-01  -5.010000000000000e-02
  5.109618195045731e-01   1.382575233865477e-01  -5.010000000000000e-02
  5.110508130443537e-01   1.382628480087957e-01  -5.010000000000000e-02
  5.111393868002041e-01   1.382677163873468e-01  -5.010000000000000e-02
  5.112275182754629e-01   1.382724577352397e-01  -5.010000000000000e-02
  5.113152214557111e-01   1.382767115441367e-01  -5.010000000000000e-02
  5.114024727856678e-01   1.382808716907999e-01  -5.010000000000000e-02
  5.114892867494272e-01   1.382845257132530e-01  -5.010000000000000e-02
  5.115756406662566e-01   1.382881072814560e-01  -5.010000000000000e-02
  5.116615479386434e-01   1.382911732050349e-01  -5.010000000000000e-02
  5.117469881604917e-01   1.382941745831834e-01  -5.010000000000000e-02
  5.118319718552425e-01   1.382966783143843e-01  -5.010000000000000e-02
  5.119164824066999e-01   1.382991131570008e-01  -5.010000000000000e-02
  5.120005272339214e-01   1.383010652707316e-01  -5.010000000000000e-02
  5.120840936017709e-01   1.383029277696050e-01  -5.010000000000000e-02
  5.121671849978127e-01   1.383043548349652e-01  -5.010000000000000e-02
  5.122497929876224e-01   1.383056594222395e-01  -5.010000000000000e-02
  5.123319176795040e-01   1.383065832691938e-01  -5.009999999999999e-02
  5.124135542063192e-01   1.383073347705051e-01  -5.010000000000000e-02
  5.124947001072763e-01   1.383077745103487e-01  -5.010000000000000e-02
  5.125753529149373e-01   1.383079737102757e-01  -5.010000000000000e-02
  5.126555090845411e-01   1.383079528242840e-01  -5.010000000000000e-02
  5.127351666792824e-01   1.383076102207970e-01  -5.010000000000000e-02
  5.128143233759122e-01   1.383071556982624e-01  -5.010000000000000e-02
  5.128929751685784e-01   1.383062820396436e-01  -5.010000000000000e-02
  5.129711237917863e-01   1.383054139701959e-01  -5.010000000000000e-02
  5.130487601160276e-01   1.383040231709652e-01  -5.010000000000000e-02
  5.131258904369817e-01   1.383026339519647e-01  -5.010000000000000e-02
  5.132025054479976e-01   1.383008726909079e-01  -5.010000000000001e-02
  5.132786091289558e-01   1.382989781376992e-01  -5.010000000000001e-02
  5.133541971209042e-01   1.382968696597939e-01  -5.010000000000000e-02
  5.134292662226589e-01   1.382944680992280e-01  -5.010000000000000e-02
  5.135038228311941e-01   1.382920392577187e-01  -5.010000000000000e-02
  5.135778508426694e-01   1.382891509973176e-01  -5.010000000000000e-02
  5.136513666084316e-01   1.382862827225813e-01  -5.010000000000000e-02
  5.137243541938884e-01   1.382830734977427e-01  -5.010000000000000e-02
  5.137968220821165e-01   1.382797341537067e-01  -5.010000000000000e-02
  5.138687693183268e-01   1.382762755991532e-01  -5.010000000000001e-02
  5.139401842034272e-01   1.382724686451736e-01  -5.010000000000000e-02
  5.140110851889310e-01   1.382686890859327e-01  -5.010000000000000e-02
  5.140814491954517e-01   1.382645336106493e-01  -5.009999999999999e-02
  5.141512937116335e-01   1.382603105829592e-01  -5.009999999999999e-02
  5.142206153838419e-01   1.382559782267402e-01  -5.010000000000000e-02
  5.142894006838288e-01   1.382513236117156e-01  -5.010000000000000e-02
  5.143576726766301e-01   1.382467037315447e-01  -5.010000000000000e-02
  5.144254067178802e-01   1.382417692004971e-01  -5.010000000000000e-02
  5.144926181403087e-01   1.382367300578090e-01  -5.010000000000000e-02
  5.145593144592151e-01   1.382316896905746e-01  -5.010000000000000e-02
  5.146254649558433e-01   1.382262508162199e-01  -5.010000000000000e-02
  5.146911048318164e-01   1.382208539249450e-01  -5.010000000000000e-02
  5.147562184269595e-01   1.382153091391389e-01  -5.009999999999999e-02
  5.148207982627047e-01   1.382095209617032e-01  -5.010000000000000e-02
  5.148848699628222e-01   1.382037783275728e-01  -5.010000000000000e-02
  5.149484065861522e-01   1.381977830792416e-01  -5.010000000000000e-02
  5.150114222049560e-01   1.381916760583986e-01  -5.010000000000000e-02
  5.150739328119819e-01   1.381856179796673e-01  -5.010000000000000e-02
  5.151359015111815e-01   1.381792313875351e-01  -5.010000000000001e-02
  5.151973603868486e-01   1.381728239950049e-01  -5.010000000000000e-02
  5.152583179844188e-01   1.381664688632020e-01  -5.010000000000000e-02
  5.153187303113225e-01   1.381597466940489e-01  -5.010000000000001e-02
  5.153786422214221e-01   1.381530608672935e-01  -5.010000000000000e-02
  5.154380571466827e-01   1.381464304120293e-01  -5.010000000000000e-02
  5.154969270257440e-01   1.381394259696823e-01  -5.010000000000000e-02
  5.155553032402302e-01   1.381324802644197e-01  -5.010000000000000e-02
  5.156131873187434e-01   1.381255931143658e-01  -5.010000000000000e-02
  5.156705314419929e-01   1.381183616270817e-01  -5.010000000000000e-02
  5.157273852715802e-01   1.381111771196759e-01  -5.009999999999999e-02
  5.157837522994934e-01   1.381040541284469e-01  -5.010000000000000e-02
  5.158395900306885e-01   1.380966523186582e-01  -5.010000000000001e-02
  5.158949367449048e-01   1.380892521574104e-01  -5.010000000000000e-02
  5.159498024475138e-01   1.380819163100701e-01  -5.010000000000000e-02
  5.160041548072625e-01   1.380743955950446e-01  -5.009999999999999e-02
  5.160580105184651e-01   1.380667973285918e-01  -5.010000000000000e-02
  5.161113914332587e-01   1.380592660490851e-01  -5.010000000000001e-02
  5.161642819334836e-01   1.380516797562569e-01  -5.010000000000000e-02
  5.162166652207166e-01   1.380439080091851e-01  -5.010000000000000e-02
  5.162685803066973e-01   1.380362057259041e-01  -5.010000000000000e-02
  5.163200293042641e-01   1.380285725929468e-01  -5.010000000000000e-02
  5.163709636029166e-01   1.380206744511647e-01  -5.010000000000000e-02
  5.164214315530326e-01   1.380128145952410e-01  -5.010000000000000e-02
  5.164714404730558e-01   1.380050262284580e-01  -5.010000000000000e-02
  5.165209715408056e-01   1.379971767592673e-01  -5.010000000000000e-02
  5.165700140562832e-01   1.379891843592340e-01  -5.010000000000000e-02
  5.166186048969187e-01   1.379812655681089e-01  -5.009999999999999e-02
  5.166667464039441e-01   1.379734200043443e-01  -5.010000000000000e-02
  5.167144001929627e-01   1.379654026546685e-01  -5.010000000000000e-02
  5.167615945737172e-01   1.379573686641595e-01  -5.010000000000000e-02
  5.168083473332801e-01   1.379494098516781e-01  -5.010000000000001e-02
  5.168546609187408e-01   1.379415258006517e-01  -5.010000000000000e-02
  5.169004853193615e-01   1.379334141913114e-01  -5.010000000000000e-02
  5.169458726505626e-01   1.379253600346659e-01  -5.010000000000000e-02
  5.169908288176153e-01   1.379173823897583e-01  -5.010000000000000e-02
  5.170353560662284e-01   1.379094792036301e-01  -5.010000000000000e-02
  5.170794021992016e-01   1.379013475717212e-01  -5.010000000000000e-02
  5.171230253674271e-01   1.378932940259780e-01  -5.010000000000000e-02
  5.171662281619678e-01   1.378853180880482e-01  -5.010000000000000e-02
  5.172090131914306e-01   1.378774192763406e-01  -5.010000000000000e-02
  5.172513329670299e-01   1.378693308164180e-01  -5.010000000000000e-02
  5.172932357972015e-01   1.378612948832466e-01  -5.010000000000000e-02
  5.173347293171202e-01   1.378533374457239e-01  -5.009999999999999e-02
  5.173758161929595e-01   1.378454579925434e-01  -5.010000000000000e-02
  5.174164650394831e-01   1.378374815640747e-01  -5.010000000000000e-02
  5.174566936851478e-01   1.378294851619273e-01  -5.009999999999999e-02
  5.174965242843819e-01   1.378215678809951e-01  -5.010000000000000e-02
  5.175359595468581e-01   1.378137291826662e-01  -5.010000000000001e-02
  5.175749931577145e-01   1.378059238670008e-01  -5.010000000000000e-02
  5.176135930619006e-01   1.377979794454003e-01  -5.010000000000000e-02
  5.176518063427348e-01   1.377901145965080e-01  -5.010000000000000e-02
  5.176896357402220e-01   1.377823287563908e-01  -5.009999999999999e-02
  5.177270840009716e-01   1.377746213597567e-01  -5.010000000000000e-02
  5.177641290016797e-01   1.377668729734354e-01  -5.010000000000000e-02
  5.178007723391553e-01   1.377590774829643e-01  -5.010000000000000e-02
  5.178370433294364e-01   1.377513612055019e-01  -5.010000000000000e-02
  5.178729447345336e-01   1.377437235534590e-01  -5.010000000000000e-02
  5.179084793195414e-01   1.377361639385903e-01  -5.010000000000000e-02
  5.179436220940825e-01   1.377285533681330e-01  -5.010000000000001e-02
  5.179783819317145e-01   1.377209194903574e-01  -5.009999999999999e-02
  5.180127837654338e-01   1.377133642366002e-01  -5.010000000000000e-02
  5.180468303622912e-01   1.377058869991678e-01  -5.010000000000000e-02
  5.180805244892698e-01   1.376984871703817e-01  -5.010000000000000e-02
  5.181138517864493e-01   1.376910873476539e-01  -5.010000000000000e-02
  5.181468016774501e-01   1.376836270997842e-01  -5.010000000000001e-02
  5.181794078897306e-01   1.376762446648711e-01  -5.010000000000000e-02
  5.182116731802838e-01   1.376689394186986e-01  -5.010000000000000e-02
  5.182436003032388e-01   1.376617107376992e-01  -5.010000000000000e-02
  5.182751920093418e-01   1.376545579990710e-01  -5.010000000000000e-02
  5.183064122923784e-01   1.376473119144072e-01  -5.010000000000000e-02
  5.183372961810450e-01   1.376401123833319e-01  -5.010000000000000e-02
  5.183678533581781e-01   1.376329890139688e-01  -5.010000000000000e-02
  5.183980865520708e-01   1.376259411703087e-01  -5.009999999999999e-02
  5.184279984852417e-01   1.376189682176890e-01  -5.010000000000001e-02
  5.184575918739938e-01   1.376120695228957e-01  -5.010000000000000e-02
  5.184868264760558e-01   1.376050627853755e-01  -5.010000000000000e-02
  5.185157479161722e-01   1.375981289180338e-01  -5.009999999999999e-02
  5.185443593799266e-01   1.375912693670112e-01  -5.010000000000000e-02
  5.185726635506007e-01   1.375844834889954e-01  -5.010000000000001e-02
  5.186006631032462e-01   1.375777706426472e-01  -5.010000000000000e-02
  5.186283607043157e-01   1.375711301886889e-01  -5.010000000000000e-02
  5.186557295317689e-01   1.375644401703259e-01  -5.010000000000000e-02
  5.186827908705208e-01   1.375577766499739e-01  -5.010000000000000e-02
  5.187095586393615e-01   1.375511854175859e-01  -5.010000000000000e-02
  5.187360354629635e-01   1.375446658268685e-01  -5.010000000000000e-02
  5.187622239557340e-01   1.375382172340564e-01  -5.010000000000000e-02
  5.187881267215109e-01   1.375318389979865e-01  -5.010000000000000e-02
  5.188137463532693e-01   1.375255304801709e-01  -5.010000000000000e-02
  5.188390475430176e-01   1.375191391554950e-01  -5.010000000000000e-02
  5.188640707498680e-01   1.375128162759108e-01  -5.009999999999999e-02
  5.188888189500909e-01   1.375065628851735e-01  -5.010000000000000e-02
  5.189132946866273e-01   1.375003783407313e-01  -5.010000000000000e-02
  5.189375004902550e-01   1.374942620031054e-01  -5.010000000000000e-02
  5.189614388793556e-01   1.374882132359499e-01  -5.010000000000000e-02
  5.189851123596877e-01   1.374822314061079e-01  -5.010000000000000e-02
  5.190084986900114e-01   1.374762192006220e-01  -5.010000000000001e-02
  5.190316148349226e-01   1.374702326120269e-01  -5.009999999999999e-02
  5.190544738995457e-01   1.374643126017443e-01  -5.009999999999999e-02
  5.190770783333646e-01   1.374584585354102e-01  -5.010000000000000e-02
  5.190994305722645e-01   1.374526697821822e-01  -5.010000000000000e-02
  5.191215330383586e-01   1.374469457147846e-01  -5.010000000000000e-02
  5.191433881398225e-01   1.374412857095514e-01  -5.010000000000000e-02
  5.191649982707354e-01   1.374356891464670e-01  -5.010000000000000e-02
  5.191863415616186e-01   1.374300628781677e-01  -5.009999999999999e-02
  5.192074368778319e-01   1.374244692527826e-01  -5.009999999999999e-02
  5.192282946799671e-01   1.374189386065329e-01  -5.010000000000000e-02
  5.192489173007521e-01   1.374134703208735e-01  -5.010000000000000e-02
  5.192693070581628e-01   1.374080637811708e-01  -5.010000000000000e-02
  5.192894662553094e-01   1.374027183767330e-01  -5.010000000000000e-02
  5.193093971803284e-01   1.373974335008389e-01  -5.010000000000000e-02
  5.193291021062825e-01   1.373922085507640e-01  -5.010000000000000e-02
  5.193485832910650e-01   1.373870429278063e-01  -5.010000000000000e-02
  5.193678134466830e-01   1.373818259428933e-01  -5.009999999999999e-02
  5.193868246037950e-01   1.373766681166282e-01  -5.010000000000000e-02
  5.194056190350924e-01   1.373715690892090e-01  -5.009999999999999e-02
  5.194241989335990e-01   1.373665282656570e-01  -5.010000000000000e-02
  5.194425664768136e-01   1.373615450552054e-01  -5.010000000000000e-02
  5.194607238266513e-01   1.373566188713152e-01  -5.009999999999999e-02
  5.194786731293901e-01   1.373517491316901e-01  -5.010000000000000e-02
  5.194964165156232e-01   1.373469352582891e-01  -5.010000000000000e-02
  5.195139561002161e-01   1.373421766773379e-01  -5.010000000000000e-02
  5.195312874857374e-01   1.373374491319012e-01  -5.010000000000000e-02
  5.195483999092224e-01   1.373327052171363e-01  -5.010000000000000e-02
  5.195653150787956e-01   1.373280159852014e-01  -5.010000000000000e-02
  5.195820350429914e-01   1.373233808682008e-01  -5.010000000000000e-02
  5.195985618345005e-01   1.373187993026308e-01  -5.010000000000000e-02
  5.196148974701556e-01   1.373142707293842e-01  -5.010000000000000e-02
  5.196310439509213e-01   1.373097945937525e-01  -5.010000000000000e-02
  5.196470032618885e-01   1.373053703454278e-01  -5.010000000000000e-02
  5.196627773722730e-01   1.373009974385031e-01  -5.010000000000000e-02
  5.196783682354168e-01   1.372966753314718e-01  -5.010000000000000e-02
  5.196937777887958e-01   1.372924034872260e-01  -5.010000000000000e-02
  5.197090024655223e-01   1.372881617836387e-01  -5.010000000000000e-02
  5.197240320250851e-01   1.372839063402188e-01  -5.010000000000000e-02
  5.197388862619616e-01   1.372797005373601e-01  -5.010000000000000e-02
  5.197535670474152e-01   1.372755438452364e-01  -5.009999999999999e-02
  5.197680762369502e-01   1.372714357384834e-01  -5.009999999999999e-02
  5.197824156703403e-01   1.372673756961906e-01  -5.010000000000000e-02
  5.197965871716581e-01   1.372633632018936e-01  -5.010000000000000e-02
  5.198105925493072e-01   1.372593977435639e-01  -5.010000000000000e-02
  5.198244335960596e-01   1.372554788135992e-01  -5.010000000000000e-02
  5.198381120890935e-01   1.372516059088123e-01  -5.010000000000000e-02
  5.198516297900354e-01   1.372477785304193e-01  -5.009999999999999e-02
  5.198649884450038e-01   1.372439961840274e-01  -5.010000000000000e-02
  5.198781897846563e-01   1.372402583796212e-01  -5.010000000000000e-02
  5.198912247262932e-01   1.372365268716081e-01  -5.010000000000000e-02
  5.199040973130300e-01   1.372328093728588e-01  -5.009999999999999e-02
  5.199168179114785e-01   1.372291357670957e-01  -5.009999999999999e-02
  5.199293881884737e-01   1.372255055729504e-01  -5.010000000000001e-02
  5.199418097956812e-01   1.372219183134351e-01  -5.009999999999999e-02
  5.199540843696568e-01   1.372183735159258e-01  -5.010000000000000e-02
  5.199662135319096e-01   1.372148707121438e-01  -5.010000000000000e-02
  5.199781988889649e-01   1.372114094381378e-01  -5.010000000000000e-02
  5.199900420324310e-01   1.372079892342640e-01  -5.010000000000000e-02
  5.200017445390662e-01   1.372046096451675e-01  -5.010000000000000e-02
  5.200133079708487e-01   1.372012702197615e-01  -5.010000000000000e-02
  5.200247338750471e-01   1.371979705112075e-01  -5.010000000000000e-02
  5.200360237842930e-01   1.371947100768939e-01  -5.010000000000000e-02
  5.200471792166553e-01   1.371914884784148e-01  -5.010000000000000e-02
  5.200582016757152e-01   1.371883052815479e-01  -5.010000000000000e-02
  5.200690811533575e-01   1.371851207009282e-01  -5.010000000000000e-02
  5.200798227194721e-01   1.371819466165268e-01  -5.010000000000000e-02
  5.200904359686200e-01   1.371788104492110e-01  -5.010000000000001e-02
  5.201009223446051e-01   1.371757117723433e-01  -5.010000000000000e-02
  5.201112832771655e-01   1.371726501634426e-01  -5.010000000000000e-02
  5.201215201820557e-01   1.371696252041597e-01  -5.009999999999999e-02
  5.201316344611306e-01   1.371666364802529e-01  -5.010000000000000e-02
  5.201416275024297e-01   1.371636835815628e-01  -5.010000000000000e-02
  5.201515006802624e-01   1.371607661019870e-01  -5.010000000000000e-02
  5.201612553552948e-01   1.371578836394549e-01  -5.010000000000000e-02
  5.201708928746363e-01   1.371550357959017e-01  -5.010000000000000e-02
  5.201804145719274e-01   1.371522221772427e-01  -5.010000000000000e-02
  5.201898217674288e-01   1.371494423933468e-01  -5.010000000000001e-02
  5.201991157681098e-01   1.371466960580104e-01  -5.010000000000000e-02
  5.202082978677390e-01   1.371439827889308e-01  -5.010000000000000e-02
  5.202173693469739e-01   1.371413022076794e-01  -5.010000000000000e-02
  5.202263314734527e-01   1.371386539396749e-01  -5.010000000000000e-02
  5.202351855018846e-01   1.371360376141562e-01  -5.010000000000000e-02
  5.202439168170959e-01   1.371334005969788e-01  -5.010000000000000e-02
  5.202525204837615e-01   1.371307222059862e-01  -5.010000000000000e-02
  5.202610201975244e-01   1.371280761763726e-01  -5.010000000000000e-02
  5.202694171570270e-01   1.371254621349911e-01  -5.010000000000000e-02
  5.202777109273548e-01   1.371228747649868e-01  -5.010000000000000e-02
  5.202858265967907e-01   1.371200814955227e-01  -5.010000000000000e-02
  5.202938439943794e-01   1.371173220494853e-01  -5.010000000000000e-02
  5.203017642585549e-01   1.371145960350457e-01  -5.009999999999999e-02
  5.203095885158318e-01   1.371119030644777e-01  -5.010000000000000e-02
  5.203172861120069e-01   1.371091548258849e-01  -5.010000000000000e-02
  5.203248381225307e-01   1.371062955085910e-01  -5.010000000000000e-02
  5.203322984496184e-01   1.371034709041769e-01  -5.010000000000000e-02
  5.203396681612212e-01   1.371006806082986e-01  -5.010000000000000e-02
  5.203469483139624e-01   1.370979242209009e-01  -5.010000000000000e-02
  5.203540969336665e-01   1.370950929519353e-01  -5.010000000000000e-02
  5.203611121188196e-01   1.370921790127348e-01  -5.010000000000000e-02
  5.203680419307422e-01   1.370893005355212e-01  -5.010000000000000e-02
  5.203748873689917e-01   1.370864571051021e-01  -5.009999999999999e-02
  5.203816494223958e-01   1.370836483107425e-01  -5.010000000000000e-02
  5.203882985717809e-01   1.370808036522214e-01  -5.010000000000000e-02
  5.203948015909944e-01   1.370778441379733e-01  -5.010000000000000e-02
  5.204012252894359e-01   1.370749207224891e-01  -5.010000000000000e-02
  5.204075706002598e-01   1.370720329810915e-01  -5.010000000000000e-02
  5.204138384464917e-01   1.370691804937131e-01  -5.010000000000000e-02
  5.204200297411166e-01   1.370663628448557e-01  -5.010000000000000e-02
  5.204260524060922e-01   1.370633847787765e-01  -5.010000000000000e-02
  5.204319894785983e-01   1.370604180243579e-01  -5.009999999999999e-02
  5.204378539486506e-01   1.370574875493768e-01  -5.010000000000000e-02
  5.204436466749398e-01   1.370545929247454e-01  -5.010000000000000e-02
  5.204493685067214e-01   1.370517337260911e-01  -5.010000000000000e-02
  5.204550007743973e-01   1.370488723213827e-01  -5.010000000000000e-02
  5.204604704889512e-01   1.370458674922969e-01  -5.010000000000000e-02
  5.204658731836072e-01   1.370428994810992e-01  -5.010000000000000e-02
  5.204712096543125e-01   1.370399678505299e-01  -5.010000000000000e-02
  5.204764806881859e-01   1.370370721681795e-01  -5.009999999999999e-02
  5.204816870636007e-01   1.370342120064427e-01  -5.010000000000000e-02
  5.204868083567745e-01   1.370313502538692e-01  -5.010000000000000e-02
  5.204917631901038e-01   1.370283442998316e-01  -5.010000000000000e-02
  5.204966571776233e-01   1.370253752591866e-01  -5.009999999999999e-02
  5.205014910452932e-01   1.370224426915150e-01  -5.010000000000000e-02
  5.205062655109382e-01   1.370195461613334e-01  -5.010000000000000e-02
  5.205109812843258e-01   1.370166852380463e-01  -5.010000000000000e-02
  5.205156390672436e-01   1.370138594958998e-01  -5.010000000000000e-02
  5.205201194536042e-01   1.370108807950859e-01  -5.010000000000000e-02
  5.205245267109762e-01   1.370079106195274e-01  -5.010000000000000e-02
  5.205288797178169e-01   1.370049770049383e-01  -5.010000000000000e-02
  5.205331791245986e-01   1.370020795129470e-01  -5.010000000000000e-02
  5.205374255744233e-01   1.369992177101488e-01  -5.010000000000000e-02
  5.205416197030964e-01   1.369963911680564e-01  -5.010000000000000e-02
  5.205457223854809e-01   1.369935437618354e-01  -5.010000000000000e-02
  5.205496598836967e-01   1.369905708835914e-01  -5.010000000000000e-02
  5.205535488226785e-01   1.369876346683965e-01  -5.010000000000000e-02
  5.205573897869220e-01   1.369847346749465e-01  -5.010000000000000e-02
  5.205611833542435e-01   1.369818704669801e-01  -5.009999999999999e-02
  5.205649300958484e-01   1.369790416132278e-01  -5.010000000000000e-02
  5.205686305763967e-01   1.369762476873613e-01  -5.010000000000000e-02
  5.205722297341831e-01   1.369734190617474e-01  -5.010000000000000e-02
  5.205756678058692e-01   1.369704802714688e-01  -5.010000000000001e-02
  5.205790633918518e-01   1.369675777970625e-01  -5.010000000000001e-02
  5.205824170056497e-01   1.369647111995836e-01  -5.010000000000000e-02
  5.205857291548601e-01   1.369618800451488e-01  -5.010000000000000e-02
  5.205890003412208e-01   1.369590839048835e-01  -5.010000000000000e-02
  5.205922310606697e-01   1.369563223548706e-01  -5.010000000000000e-02
  5.205954133519556e-01   1.369535857579171e-01  -5.010000000000000e-02
  5.205983698170020e-01   1.369506796794238e-01  -5.010000000000001e-02
  5.206012896802488e-01   1.369478095789315e-01  -5.010000000000000e-02
  5.206041733857764e-01   1.369449750199283e-01  -5.010000000000000e-02
  5.206070213725021e-01   1.369421755709773e-01  -5.010000000000000e-02
  5.206098340742353e-01   1.369394108056623e-01  -5.009999999999999e-02
  5.206126119197312e-01   1.369366803025356e-01  -5.010000000000000e-02
  5.206153553327437e-01   1.369339836450650e-01  -5.010000000000000e-02
  5.206179768280373e-01   1.369312379059205e-01  -5.010000000000000e-02
  5.206204327312628e-01   1.369284012925261e-01  -5.010000000000000e-02
  5.206228581713926e-01   1.369255998645674e-01  -5.010000000000000e-02
  5.206252535194813e-01   1.369228331934698e-01  -5.010000000000000e-02
  5.206276191422330e-01   1.369201008556830e-01  -5.010000000000000e-02
  5.206299554020486e-01   1.369174024326275e-01  -5.009999999999999e-02
  5.206322626570722e-01   1.369147375106401e-01  -5.010000000000000e-02
  5.206345412612368e-01   1.369121056809220e-01  -5.010000000000000e-02
  5.206367065915984e-01   1.369094395812043e-01  -5.010000000000000e-02
  5.206386825704976e-01   1.369066785908861e-01  -5.009999999999999e-02
  5.206406339967891e-01   1.369039519073675e-01  -5.010000000000000e-02
  5.206425611705939e-01   1.369012591112961e-01  -5.010000000000000e-02
  5.206444643884882e-01   1.368985997882729e-01  -5.010000000000000e-02
  5.206463439435419e-01   1.368959735287983e-01  -5.010000000000000e-02
  5.206482001253566e-01   1.368933799282180e-01  -5.010000000000000e-02
  5.206500332201047e-01   1.368908185866703e-01  -5.010000000000000e-02
  5.206518435105665e-01   1.368882891090326e-01  -5.010000000000000e-02
  5.206534075589846e-01   1.368856484170984e-01  -5.010000000000000e-02
  5.206548999626803e-01   1.368830073078799e-01  -5.010000000000000e-02
  5.206563737899734e-01   1.368803990733515e-01  -5.010000000000000e-02
  5.206578292687437e-01   1.368778233102329e-01  -5.010000000000000e-02
  5.206592666241598e-01   1.368752796200436e-01  -5.010000000000000e-02
  5.206606860787081e-01   1.368727676090490e-01  -5.010000000000000e-02
  5.206620878522228e-01   1.368702868882076e-01  -5.010000000000000e-02
  5.206634721619163e-01   1.368678370731187e-01  -5.010000000000000e-02
  5.206648392224077e-01   1.368654177839707e-01  -5.010000000000000e-02
  5.206659800894291e-01   1.368629268245258e-01  -5.010000000000000e-02
  5.206670147889375e-01   1.368604221527370e-01  -5.010000000000000e-02
  5.206680365891094e-01   1.368579487060571e-01  -5.010000000000001e-02
  5.206690456486851e-01   1.368555061002262e-01  -5.010000000000000e-02
  5.206700421245039e-01   1.368530939555885e-01  -5.010000000000000e-02
  5.206710261715238e-01   1.368507118970396e-01  -5.010000000000000e-02
  5.206719979428448e-01   1.368483595539751e-01  -5.009999999999999e-02
  5.206729575897283e-01   1.368460365602397e-01  -5.010000000000000e-02
  5.206739052616188e-01   1.368437425540768e-01  -5.010000000000000e-02
  5.206748411061646e-01   1.368414771780782e-01  -5.010000000000000e-02
  5.206755128153053e-01   1.368391555664839e-01  -5.010000000000000e-02
  5.206761141766833e-01   1.368368421954410e-01  -5.010000000000000e-02
  5.206767080295087e-01   1.368345577089740e-01  -5.010000000000001e-02
  5.206772944664705e-01   1.368323017505179e-01  -5.010000000000000e-02
  5.206778735791402e-01   1.368300739678079e-01  -5.010000000000000e-02
  5.206784454579841e-01   1.368278740128292e-01  -5.010000000000000e-02
  5.206790101923767e-01   1.368257015417685e-01  -5.010000000000000e-02
  5.206795678706127e-01   1.368235562149660e-01  -5.010000000000000e-02
  5.206801185799195e-01   1.368214376968669e-01  -5.010000000000000e-02
  5.206806624064698e-01   1.368193456559748e-01  -5.010000000000000e-02
  5.206811994353935e-01   1.368172797648046e-01  -5.010000000000000e-02
  5.206814735729504e-01   1.368151933717029e-01  -5.010000000000000e-02
  5.206816886219006e-01   1.368131229984771e-01  -5.010000000000000e-02
  5.206819009817895e-01   1.368110785140563e-01  -5.010000000000000e-02
  5.206821106859115e-01   1.368090595979005e-01  -5.010000000000001e-02
  5.206823177671572e-01   1.368070659333588e-01  -5.010000000000000e-02
  5.206825222580176e-01   1.368050972076242e-01  -5.010000000000000e-02
  5.206827241905893e-01   1.368031531116893e-01  -5.010000000000000e-02
  5.206829235965786e-01   1.368012333403014e-01  -5.010000000000000e-02
  5.206831205073068e-01   1.367993375919191e-01  -5.010000000000000e-02
  5.206833149537136e-01   1.367974655686691e-01  -5.010000000000000e-02
  5.206835069663627e-01   1.367956169763029e-01  -5.010000000000000e-02
  5.206836965754452e-01   1.367937915241551e-01  -5.010000000000000e-02
  5.206838243694459e-01   1.367919874909727e-01  -5.010000000000000e-02
  5.206837255362831e-01   1.367902006160358e-01  -5.010000000000000e-02
  5.206836279406962e-01   1.367884361161153e-01  -5.010000000000001e-02
  5.206835315673194e-01   1.367866937133970e-01  -5.010000000000000e-02
  5.206834364009740e-01   1.367849731334568e-01  -5.010000000000000e-02
  5.206833424266668e-01   1.367832741052212e-01  -5.010000000000000e-02
  5.206832496295877e-01   1.367815963609278e-01  -5.010000000000000e-02
  5.206831579951075e-01   1.367799396360858e-01  -5.010000000000000e-02
  5.206830675087759e-01   1.367783036694382e-01  -5.010000000000000e-02
  5.206829781563193e-01   1.367766882029229e-01  -5.009999999999999e-02
  5.206828899236389e-01   1.367750929816353e-01  -5.010000000000000e-02
  5.206828027968081e-01   1.367735177537907e-01  -5.010000000000000e-02
  5.206827167620713e-01   1.367719622706876e-01  -5.010000000000000e-02
  5.206826318058412e-01   1.367704262866711e-01  -5.010000000000000e-02
  5.206825479146968e-01   1.367689095590965e-01  -5.010000000000000e-02
  5.206824650753819e-01   1.367674118482940e-01  -5.010000000000000e-02
