2320
2325
2330
2335
2340
2420
2425
2430
2435
2440
2520
2525
2530
2535
2540
2620
2625
2630
2635
2640
2720
2725
2730
2735
2740
3320
3325
3330
3335
3340
3420
3425
3430
3435
3440
3520
3525
3530
3535
3540
3620
3625
3630
3635
3640
3720
3725
3730
3735
3740
4320
4325
4330
4335
4340
4420
4425
4430
4435
4440
4520
4525
4530
4535
4540
4620
4625
4630
4635
4640
4720
4725
4730
4735
4740
5320
5325
5330
5335
5340
5420
5425
5430
5435
5440
5520
5525
5530
5535
5540
5620
5625
5630
5635
5640
5720
5725
5730
5735
5740
6320
6325
6330
6335
6340
6420
6425
6430
6435
6440
6520
6525
6530
6535
6540
6620
6625
6630
6635
6640
6720
6725
6730
6735
6740