620
  5.200987907739203e-01   1.367337759186342e-01  -5.010000000000001e-02
  5.200987075732682e-01   1.367357741872977e-01  -5.010000000000001e-02
  5.200986153425145e-01   1.367379616945633e-01  -5.010000000000001e-02
  5.200984160531380e-01   1.367405134874357e-01  -5.010000000000001e-02
  5.200981399846876e-01   1.367434337635640e-01  -5.010000000000001e-02
  5.200977318997893e-01   1.367467200447231e-01  -5.010000000000001e-02
  5.200971381221732e-01   1.367503648827439e-01  -5.010000000000001e-02
  5.200963424459172e-01   1.367543643577362e-01  -5.010000000000001e-02
  5.200952953777792e-01   1.367587067560136e-01  -5.010000000000001e-02
  5.200939482467983e-01   1.367633760261428e-01  -5.010000000000001e-02
  5.200922536214511e-01   1.367683518294812e-01  -5.010000000000001e-02
  5.200901438083012e-01   1.367736005440778e-01  -5.010000000000001e-02
  5.200876325440694e-01   1.367791171737688e-01  -5.010000000000001e-02
  5.200846886745976e-01   1.367848777066902e-01  -5.010000000000001e-02
  5.200812867316086e-01   1.367908588311830e-01  -5.010000000000001e-02
  5.200773821311385e-01   1.367970224073056e-01  -5.010000000000001e-02
  5.200729432301195e-01   1.368033335056723e-01  -5.010000000000002e-02
  5.200680044957480e-01   1.368098032952834e-01  -5.010000000000001e-02
  5.200625295481390e-01   1.368163916785223e-01  -5.010000000000001e-02
  5.200565143438012e-01   1.368230817505114e-01  -5.010000000000002e-02
  5.200499362687898e-01   1.368298400430673e-01  -5.010000000000002e-02
  5.200428234490239e-01   1.368366828436395e-01  -5.010000000000002e-02
  5.200351673781367e-01   1.368435904808753e-01  -5.010000000000002e-02
  5.200269617634773e-01   1.368505472015858e-01  -5.010000000000002e-02
  5.200181851630781e-01   1.368575167506195e-01  -5.010000000000002e-02
  5.200088790679364e-01   1.368645430257925e-01  -5.010000000000001e-02
  5.199990323337066e-01   1.368716057223741e-01  -5.010000000000001e-02
  5.199886102684658e-01   1.368786485222270e-01  -5.010000000000001e-02
  5.199776535090249e-01   1.368857247261942e-01  -5.010000000000001e-02
  5.199661627898650e-01   1.368928323440747e-01  -5.010000000000002e-02
  5.199541159490104e-01   1.368999318412734e-01  -5.010000000000001e-02
  5.199415138082830e-01   1.369070199544612e-01  -5.010000000000001e-02
  5.199283744122387e-01   1.369141259149904e-01  -5.010000000000001e-02
  5.199146904125974e-01   1.369212351963736e-01  -5.010000000000001e-02
  5.199004553761395e-01   1.369283341962743e-01  -5.010000000000001e-02
  5.198856747523637e-01   1.369354333878944e-01  -5.010000000000001e-02
  5.198703480770817e-01   1.369425319024894e-01  -5.010000000000001e-02
  5.198544677554257e-01   1.369496137162144e-01  -5.010000000000000e-02
  5.198380371334963e-01   1.369566872372334e-01  -5.010000000000000e-02
  5.198210559253503e-01   1.369637533454736e-01  -5.010000000000000e-02
  5.198035171406582e-01   1.369707968761053e-01  -5.010000000000001e-02
  5.197854213353226e-01   1.369778212977758e-01  -5.010000000000001e-02
  5.197667705326124e-01   1.369848346664414e-01  -5.010000000000001e-02
  5.197475612734408e-01   1.369918310275126e-01  -5.010000000000001e-02
  5.197277906311916e-01   1.369988061330227e-01  -5.010000000000000e-02
  5.197074582027983e-01   1.370057629695046e-01  -5.009999999999999e-02
  5.196865631781213e-01   1.370127038471529e-01  -5.009999999999999e-02
  5.196650940735975e-01   1.370195982921866e-01  -5.010000000000000e-02
  5.196430510186963e-01   1.370264496007169e-01  -5.010000000000001e-02
  5.196204378390286e-01   1.370332745170920e-01  -5.010000000000001e-02
  5.195972533183966e-01   1.370400752454273e-01  -5.010000000000001e-02
  5.195734961578438e-01   1.370468540791618e-01  -5.010000000000001e-02
  5.195491538240934e-01   1.370535725718870e-01  -5.010000000000000e-02
  5.195242243426183e-01   1.370602267659385e-01  -5.010000000000001e-02
  5.194987143833370e-01   1.370668471544112e-01  -5.010000000000001e-02
  5.194726224284284e-01   1.370734364594439e-01  -5.010000000000000e-02
  5.194459337962609e-01   1.370799420717526e-01  -5.010000000000000e-02
  5.194186497741596e-01   1.370863721615550e-01  -5.010000000000000e-02
  5.193907785452767e-01   1.370927689221117e-01  -5.010000000000000e-02
  5.193623103503620e-01   1.370990987173507e-01  -5.010000000000001e-02
  5.193332301209666e-01   1.371052955287473e-01  -5.010000000000001e-02
  5.193035577920985e-01   1.371114580644147e-01  -5.010000000000000e-02
  5.192732836995719e-01   1.371175504484091e-01  -5.010000000000000e-02
  5.192423850525039e-01   1.371234589192132e-01  -5.010000000000000e-02
  5.192108865234112e-01   1.371293158593099e-01  -5.010000000000000e-02
  5.191787685296099e-01   1.371350250960280e-01  -5.010000000000001e-02
  5.191460587507281e-01   1.371407464974782e-01  -5.010000000000001e-02
  5.191127633259184e-01   1.371465281808595e-01  -5.010000000000001e-02
  5.190788778616112e-01   1.371523573019009e-01  -5.010000000000001e-02
  5.190444044696921e-01   1.371582585284284e-01  -5.010000000000001e-02
  5.190093396407340e-01   1.371642238484018e-01  -5.010000000000001e-02
  5.189736796409668e-01   1.371702430455840e-01  -5.010000000000001e-02
  5.189374274153964e-01   1.371763453386706e-01  -5.010000000000001e-02
  5.189005767957295e-01   1.371825053213949e-01  -5.010000000000001e-02
  5.188631311190239e-01   1.371887538818437e-01  -5.010000000000001e-02
  5.188250848785557e-01   1.371950686648248e-01  -5.010000000000001e-02
  5.187864384359369e-01   1.372014619449481e-01  -5.010000000000001e-02
  5.187471891034401e-01   1.372079273325822e-01  -5.010000000000001e-02
  5.187073348209558e-01   1.372144615299507e-01  -5.010000000000001e-02
  5.186668755024069e-01   1.372210729954191e-01  -5.010000000000001e-02
  5.186258067160512e-01   1.372277428727688e-01  -5.010000000000001e-02
  5.185841307495230e-01   1.372344932814453e-01  -5.010000000000001e-02
  5.185418410950532e-01   1.372412912964366e-01  -5.010000000000000e-02
  5.184989421368031e-01   1.372481712100150e-01  -5.009999999999999e-02
  5.184554263188043e-01   1.372550921243027e-01  -5.009999999999999e-02
  5.184112991692755e-01   1.372620947687119e-01  -5.010000000000000e-02
  5.183665528230514e-01   1.372691347224002e-01  -5.010000000000000e-02
  5.183211929630646e-01   1.372762530089006e-01  -5.010000000000001e-02
  5.182752122614471e-01   1.372834069301487e-01  -5.010000000000000e-02
  5.182286154898360e-01   1.372906309726486e-01  -5.010000000000000e-02
  5.181813974850388e-01   1.372978946388354e-01  -5.009999999999999e-02
  5.181335604597045e-01   1.373052150165889e-01  -5.010000000000000e-02
  5.180851032105530e-01   1.373125858176525e-01  -5.010000000000000e-02
  5.180360235384032e-01   1.373199940631637e-01  -5.010000000000001e-02
  5.179863259735570e-01   1.373274700541808e-01  -5.010000000000001e-02
  5.179360017081617e-01   1.373349552051528e-01  -5.010000000000001e-02
  5.178850631317339e-01   1.373425317277680e-01  -5.010000000000001e-02
  5.178334931341926e-01   1.373500824924114e-01  -5.010000000000001e-02
  5.177813085965802e-01   1.373577200506194e-01  -5.010000000000002e-02
  5.177284980855417e-01   1.373653629701111e-01  -5.010000000000002e-02
  5.176750679707878e-01   1.373730518211492e-01  -5.010000000000001e-02
  5.176210190035190e-01   1.373807870061531e-01  -5.010000000000001e-02
  5.175663438778675e-01   1.373885124343330e-01  -5.010000000000001e-02
  5.175110571088192e-01   1.373963242858558e-01  -5.010000000000001e-02
  5.174551399452954e-01   1.374040819934805e-01  -5.010000000000001e-02
  5.173986102123301e-01   1.374119057546570e-01  -5.010000000000001e-02
  5.173414621870242e-01   1.374197451610196e-01  -5.010000000000001e-02
  5.172836927180275e-01   1.374275681779747e-01  -5.010000000000000e-02
  5.172253166408676e-01   1.374354733404996e-01  -5.010000000000000e-02
  5.171663140072854e-01   1.374433007289956e-01  -5.010000000000001e-02
  5.171067044506313e-01   1.374511853169568e-01  -5.010000000000001e-02
  5.170464852796816e-01   1.374590930618732e-01  -5.010000000000001e-02
  5.169856465595158e-01   1.374669341479820e-01  -5.010000000000001e-02
  5.169242089789815e-01   1.374748524171037e-01  -5.010000000000001e-02
  5.168621573401460e-01   1.374827124150488e-01  -5.010000000000001e-02
  5.167995003307517e-01   1.374905657007613e-01  -5.010000000000001e-02
  5.167362504975653e-01   1.374984932896469e-01  -5.010000000000001e-02
  5.166723840204387e-01   1.375062831201970e-01  -5.010000000000001e-02
  5.166079263579941e-01   1.375141213131781e-01  -5.010000000000001e-02
  5.165428794131908e-01   1.375220013367940e-01  -5.010000000000000e-02
  5.164772210446956e-01   1.375297153182369e-01  -5.010000000000000e-02
  5.164109820807434e-01   1.375374975118923e-01  -5.010000000000000e-02
  5.163441572528889e-01   1.375452767649781e-01  -5.010000000000000e-02
  5.162767331615216e-01   1.375529104285784e-01  -5.010000000000000e-02
  5.162087372401276e-01   1.375606088339938e-01  -5.009999999999999e-02
  5.161401617407111e-01   1.375682725076601e-01  -5.009999999999999e-02
  5.160709972051586e-01   1.375757855137062e-01  -5.010000000000000e-02
  5.160012706349972e-01   1.375833595708297e-01  -5.009999999999999e-02
  5.159309744694610e-01   1.375908892756663e-01  -5.009999999999999e-02
  5.158600983660600e-01   1.375982419412922e-01  -5.009999999999999e-02
  5.157886710562706e-01   1.376056517889028e-01  -5.009999999999999e-02
  5.157166884312315e-01   1.376130389556477e-01  -5.010000000000000e-02
  5.156441338698843e-01   1.376201988245653e-01  -5.010000000000000e-02
  5.155710399660578e-01   1.376274119171724e-01  -5.010000000000001e-02
  5.154974090769962e-01   1.376346578302920e-01  -5.010000000000000e-02
  5.154232096937697e-01   1.376415617083204e-01  -5.010000000000001e-02
  5.153484838387402e-01   1.376485145718923e-01  -5.010000000000001e-02
  5.152732361202140e-01   1.376555159922280e-01  -5.010000000000001e-02
  5.151974407951574e-01   1.376622278382650e-01  -5.010000000000001e-02
  5.151211248318824e-01   1.376688951181745e-01  -5.010000000000000e-02
  5.150443012277152e-01   1.376756067477034e-01  -5.009999999999999e-02
  5.149669524643346e-01   1.376820952075255e-01  -5.009999999999999e-02
  5.148890912055755e-01   1.376884489642385e-01  -5.010000000000000e-02
  5.148107375226951e-01   1.376948429045180e-01  -5.010000000000001e-02
  5.147318793033490e-01   1.377010543933020e-01  -5.010000000000001e-02
  5.146525204075787e-01   1.377070625379190e-01  -5.010000000000001e-02
  5.145726852719630e-01   1.377131067379504e-01  -5.010000000000000e-02
  5.144923650521828e-01   1.377189868805754e-01  -5.010000000000000e-02
  5.144115595310327e-01   1.377246201178649e-01  -5.010000000000000e-02
  5.143302948944792e-01   1.377302853617050e-01  -5.010000000000000e-02
  5.142485639103821e-01   1.377357842634083e-01  -5.010000000000000e-02
  5.141663663950350e-01   1.377410226644167e-01  -5.009999999999999e-02
  5.140837277987955e-01   1.377462891752601e-01  -5.009999999999999e-02
  5.140006407956913e-01   1.377513595217970e-01  -5.009999999999999e-02
  5.139171082334321e-01   1.377561755375224e-01  -5.010000000000000e-02
  5.138331534937006e-01   1.377610158936162e-01  -5.010000000000001e-02
  5.137487683423552e-01   1.377656097815249e-01  -5.010000000000001e-02
  5.136639608672675e-01   1.377699836516835e-01  -5.010000000000001e-02
  5.135787509472058e-01   1.377743782775840e-01  -5.010000000000001e-02
  5.134931280820712e-01   1.377784357583271e-01  -5.010000000000001e-02
  5.134071071369083e-01   1.377823208975368e-01  -5.010000000000001e-02
  5.133207042563432e-01   1.377862232868733e-01  -5.010000000000002e-02
  5.132339084410045e-01   1.377897145125436e-01  -5.010000000000001e-02
  5.131467406539813e-01   1.377931229432562e-01  -5.010000000000001e-02
  5.130592119515534e-01   1.377965390747384e-01  -5.010000000000001e-02
  5.129713092822152e-01   1.377993950899296e-01  -5.010000000000001e-02
  5.128830604434501e-01   1.378022623523919e-01  -5.010000000000001e-02
  5.127944689950750e-01   1.378050098244372e-01  -5.010000000000000e-02
  5.127055339582305e-01   1.378073498205233e-01  -5.010000000000001e-02
  5.126162751075687e-01   1.378096983365706e-01  -5.010000000000001e-02
  5.125266932063142e-01   1.378117572864244e-01  -5.010000000000001e-02
  5.124367957444953e-01   1.378135190054470e-01  -5.010000000000001e-02
  5.123465974043397e-01   1.378152866207773e-01  -5.010000000000001e-02
  5.122560984534251e-01   1.378166000912203e-01  -5.010000000000001e-02
  5.121653120544698e-01   1.378177858055358e-01  -5.010000000000001e-02
  5.120742477497070e-01   1.378189252310355e-01  -5.010000000000001e-02
  5.119829085812055e-01   1.378195179491712e-01  -5.010000000000001e-02
  5.118913078900278e-01   1.378201123643799e-01  -5.010000000000001e-02
  5.117994529066716e-01   1.378204581914067e-01  -5.010000000000001e-02
  5.117073513485252e-01   1.378204451984499e-01  -5.010000000000001e-02
  5.116150124616496e-01   1.378204321720128e-01  -5.010000000000001e-02
  5.115224461002946e-01   1.378199393766203e-01  -5.010000000000001e-02
  5.114296592886148e-01   1.378192912352616e-01  -5.010000000000001e-02
  5.113366605236044e-01   1.378185624238196e-01  -5.010000000000001e-02
  5.112434632904211e-01   1.378172542689009e-01  -5.010000000000001e-02
  5.111500698004313e-01   1.378159433592404e-01  -5.010000000000001e-02
  5.110564936733892e-01   1.378143224862510e-01  -5.010000000000000e-02
  5.109627432530761e-01   1.378123903444211e-01  -5.009999999999999e-02
  5.108688215504371e-01   1.378104546725618e-01  -5.009999999999999e-02
  5.107747510602010e-01   1.378079291559327e-01  -5.009999999999999e-02
  5.106805277556477e-01   1.378053283469937e-01  -5.009999999999999e-02
  5.105861645862024e-01   1.378025223585413e-01  -5.009999999999999e-02
  5.104916786264545e-01   1.377992332982462e-01  -5.009999999999999e-02
  5.103970633532532e-01   1.377959397365443e-01  -5.010000000000000e-02
  5.103023441123507e-01   1.377921976115875e-01  -5.010000000000000e-02
  5.102075193236384e-01   1.377882693355217e-01  -5.009999999999999e-02
  5.101125948982983e-01   1.377842392373478e-01  -5.009999999999999e-02
  5.100176038535248e-01   1.377795646514335e-01  -5.009999999999999e-02
  5.099225255976901e-01   1.377748857737925e-01  -5.009999999999999e-02
  5.098273872666922e-01   1.377698464547203e-01  -5.009999999999999e-02
  5.097321931752994e-01   1.377645245923899e-01  -5.009999999999999e-02
  5.096369370538570e-01   1.377591992622456e-01  -5.010000000000000e-02
  5.095416693566262e-01   1.377531650996076e-01  -5.010000000000000e-02
  5.094463565413664e-01   1.377471249148678e-01  -5.010000000000000e-02
  5.093510272603974e-01   1.377407765498987e-01  -5.010000000000000e-02
  5.092556961160809e-01   1.377340266181107e-01  -5.010000000000001e-02
  5.091603445795575e-01   1.377272752424504e-01  -5.010000000000001e-02
  5.090650244160362e-01   1.377199376337110e-01  -5.010000000000001e-02
  5.089697066230146e-01   1.377125151403669e-01  -5.010000000000001e-02
  5.088744118110392e-01   1.377048640240846e-01  -5.010000000000001e-02
  5.087791701600811e-01   1.376967154122818e-01  -5.010000000000001e-02
  5.086839490503157e-01   1.376885685579266e-01  -5.010000000000001e-02
  5.085888047806515e-01   1.376798844726023e-01  -5.010000000000001e-02
  5.084937128031997e-01   1.376710286541815e-01  -5.009999999999999e-02
  5.083986782173406e-01   1.376620452337723e-01  -5.009999999999999e-02
  5.083037494441858e-01   1.376525167246187e-01  -5.009999999999999e-02
  5.082088811429314e-01   1.376429942853534e-01  -5.009999999999999e-02
  5.081141295069259e-01   1.376330153578614e-01  -5.009999999999999e-02
  5.080194826136100e-01   1.376227699284816e-01  -5.009999999999999e-02
  5.079249242247578e-01   1.376124919853605e-01  -5.009999999999999e-02
  5.078305336910766e-01   1.376015433490733e-01  -5.009999999999999e-02
  5.077362422700185e-01   1.375906062091515e-01  -5.009999999999999e-02
  5.076420979714171e-01   1.375793439687084e-01  -5.009999999999999e-02
  5.075481114655135e-01   1.375677312982910e-01  -5.009999999999998e-02
  5.074542465572800e-01   1.375561336520908e-01  -5.009999999999998e-02
  5.073605907790327e-01   1.375439228157406e-01  -5.009999999999998e-02
  5.072670804863168e-01   1.375316570661583e-01  -5.009999999999998e-02
  5.071737449718023e-01   1.375191789404074e-01  -5.009999999999998e-02
  5.070806321577457e-01   1.375061885416865e-01  -5.009999999999998e-02
  5.069876770031258e-01   1.374932201384230e-01  -5.009999999999999e-02
  5.068949570523282e-01   1.374797831669675e-01  -5.009999999999999e-02
  5.068024391436077e-01   1.374661586514760e-01  -5.009999999999999e-02
  5.067101082718591e-01   1.374525035561234e-01  -5.009999999999999e-02
  5.066180596964882e-01   1.374382338880937e-01  -5.009999999999999e-02
  5.065262029539958e-01   1.374239939586176e-01  -5.009999999999999e-02
  5.064345957225428e-01   1.374094641022256e-01  -5.009999999999999e-02
  5.063432555756310e-01   1.373945763835451e-01  -5.010000000000000e-02
  5.062521268245758e-01   1.373797231207107e-01  -5.010000000000000e-02
  5.061613170202106e-01   1.373643008045242e-01  -5.010000000000001e-02
  5.060707556625164e-01   1.373487700782905e-01  -5.010000000000001e-02
  5.059804418870991e-01   1.373331796010826e-01  -5.010000000000001e-02
  5.058904695736067e-01   1.373170307626530e-01  -5.010000000000001e-02
  5.058007394041154e-01   1.373009253858641e-01  -5.010000000000002e-02
  5.057113163335988e-01   1.372845434060158e-01  -5.010000000000001e-02
  5.056222161689314e-01   1.372678320932556e-01  -5.010000000000001e-02
  5.055333755787173e-01   1.372511694653648e-01  -5.010000000000001e-02
  5.054449010073638e-01   1.372340311164519e-01  -5.010000000000000e-02
  5.053567291307474e-01   1.372167781729537e-01  -5.010000000000000e-02
  5.052688384016237e-01   1.371995543458519e-01  -5.009999999999999e-02
  5.051813685446626e-01   1.371816893557944e-01  -5.009999999999999e-02
  5.050941852606952e-01   1.371638828958849e-01  -5.009999999999999e-02
  5.050073348667971e-01   1.371459391964996e-01  -5.009999999999998e-02
  5.049208834077218e-01   1.371275673654930e-01  -5.009999999999999e-02
  5.048347336498728e-01   1.371092596491236e-01  -5.009999999999999e-02
  5.047489708400650e-01   1.370906472639128e-01  -5.009999999999999e-02
  5.046635955713330e-01   1.370717512506572e-01  -5.009999999999999e-02
  5.045785362153713e-01   1.370529251580237e-01  -5.010000000000000e-02
  5.044939051050288e-01   1.370336928896477e-01  -5.009999999999999e-02
  5.044096426369087e-01   1.370143404061901e-01  -5.009999999999999e-02
  5.043257094337957e-01   1.369950635447234e-01  -5.009999999999999e-02
  5.042422466477110e-01   1.369752788264142e-01  -5.009999999999999e-02
  5.041591402806886e-01   1.369554933601419e-01  -5.009999999999999e-02
  5.040763778528297e-01   1.369357800871298e-01  -5.009999999999999e-02
  5.039941185697984e-01   1.369155001624235e-01  -5.009999999999999e-02
  5.039122085811782e-01   1.368953063515769e-01  -5.010000000000000e-02
  5.038306706145570e-01   1.368751248847284e-01  -5.010000000000000e-02
  5.037496342270956e-01   1.368544556390604e-01  -5.010000000000001e-02
  5.036689580745712e-01   1.368338782753809e-01  -5.010000000000000e-02
  5.035886755671576e-01   1.368132791697412e-01  -5.010000000000001e-02
  5.035088973249906e-01   1.367922466113818e-01  -5.010000000000001e-02
  5.034294893646777e-01   1.367713116733069e-01  -5.010000000000001e-02
  5.033504902713890e-01   1.367503440627828e-01  -5.010000000000000e-02
  5.032720071048166e-01   1.367289576826250e-01  -5.010000000000000e-02
  5.031939033584721e-01   1.367076746931126e-01  -5.009999999999999e-02
  5.031162162510660e-01   1.366863730014571e-01  -5.010000000000000e-02
  5.030390673698183e-01   1.366646257920523e-01  -5.009999999999999e-02
  5.029623061202139e-01   1.366429878506806e-01  -5.009999999999999e-02
  5.028859561810932e-01   1.366213872878452e-01  -5.009999999999999e-02
  5.028101566682097e-01   1.365993486956719e-01  -5.009999999999999e-02
  5.027347521897152e-01   1.365774249591417e-01  -5.009999999999999e-02
  5.026597456935330e-01   1.365556156382736e-01  -5.010000000000000e-02
  5.025853139112276e-01   1.365333310119556e-01  -5.010000000000000e-02
  5.025112837463681e-01   1.365111666285558e-01  -5.009999999999999e-02
  5.024376575305617e-01   1.364891231861494e-01  -5.009999999999999e-02
  5.023645895748508e-01   1.364667009337726e-01  -5.009999999999999e-02
  5.022919591736870e-01   1.364443048614737e-01  -5.009999999999999e-02
  5.022197381878671e-01   1.364220350351474e-01  -5.009999999999999e-02
  5.021480411721474e-01   1.363995322849487e-01  -5.009999999999999e-02
  5.020768283855969e-01   1.363769303219374e-01  -5.009999999999999e-02
  5.020060296738327e-01   1.363544597805914e-01  -5.009999999999999e-02
  5.019357073089275e-01   1.363319331832581e-01  -5.009999999999999e-02
  5.018659268816013e-01   1.363091524694227e-01  -5.009999999999999e-02
  5.017965644065595e-01   1.362865082014611e-01  -5.009999999999999e-02
  5.017276213835691e-01   1.362640008689916e-01  -5.009999999999999e-02
  5.016592811795706e-01   1.362410812925156e-01  -5.009999999999999e-02
  5.015913665487521e-01   1.362182894236932e-01  -5.010000000000001e-02
  5.015238742543048e-01   1.361956392892079e-01  -5.010000000000000e-02
  5.014569098371284e-01   1.361728245504520e-01  -5.010000000000001e-02
  5.013904525543231e-01   1.361499098373519e-01  -5.010000000000001e-02
  5.013244197642155e-01   1.361271414908796e-01  -5.010000000000000e-02
  5.012588237129708e-01   1.361044875660757e-01  -5.010000000000000e-02
  5.011938301261028e-01   1.360814766475316e-01  -5.010000000000000e-02
  5.011292624919637e-01   1.360586165371522e-01  -5.009999999999999e-02
  5.010651215633714e-01   1.360359075014719e-01  -5.009999999999999e-02
  5.010014986606706e-01   1.360130970978140e-01  -5.009999999999999e-02
  5.009383999533850e-01   1.359901700612453e-01  -5.009999999999999e-02
  5.008757285350063e-01   1.359673982809222e-01  -5.009999999999999e-02
  5.008134848865408e-01   1.359447819316193e-01  -5.009999999999999e-02
  5.007518228080874e-01   1.359219044018288e-01  -5.009999999999999e-02
  5.006906223484120e-01   1.358990926954949e-01  -5.009999999999999e-02
  5.006298494114665e-01   1.358764403429144e-01  -5.009999999999999e-02
  5.005695148489952e-01   1.358539192733827e-01  -5.009999999999999e-02
  5.005097840242746e-01   1.358310918710762e-01  -5.009999999999999e-02
  5.004504798817518e-01   1.358084275344269e-01  -5.009999999999999e-02
  5.003916024646993e-01   1.357859262799723e-01  -5.009999999999999e-02
  5.003331878839000e-01   1.357634947406547e-01  -5.009999999999999e-02
  5.002753504002916e-01   1.357408374133942e-01  -5.009999999999999e-02
  5.002179380532273e-01   1.357183466296486e-01  -5.009999999999999e-02
  5.001609506581468e-01   1.356960223171180e-01  -5.010000000000000e-02
  5.001044276660859e-01   1.356737642778356e-01  -5.010000000000000e-02
  5.000484720391833e-01   1.356513119735004e-01  -5.010000000000000e-02
  4.999929391068448e-01   1.356290292761826e-01  -5.009999999999999e-02
  4.999378284728101e-01   1.356069160268823e-01  -5.009999999999999e-02
  4.998831610663181e-01   1.355849194017159e-01  -5.009999999999999e-02
  4.998290751461902e-01   1.355626974801590e-01  -5.009999999999999e-02
  4.997754086270795e-01   1.355406478751029e-01  -5.009999999999999e-02
  4.997221609170756e-01   1.355187703433535e-01  -5.009999999999999e-02
  4.996693313772982e-01   1.354970646224182e-01  -5.009999999999999e-02
  4.996170775301017e-01   1.354751498341353e-01  -5.009999999999999e-02
  4.995652598462894e-01   1.354533595852641e-01  -5.009999999999999e-02
  4.995138567223000e-01   1.354317436661013e-01  -5.009999999999999e-02
  4.994628673431937e-01   1.354103017339506e-01  -5.009999999999999e-02
  4.994123795813062e-01   1.353888248311823e-01  -5.009999999999999e-02
  4.993623901976386e-01   1.353673180817260e-01  -5.009999999999999e-02
  4.993128104286692e-01   1.353459875593011e-01  -5.009999999999999e-02
  4.992636392988541e-01   1.353248328442031e-01  -5.009999999999999e-02
  4.992148757939698e-01   1.353038535000861e-01  -5.009999999999999e-02
  4.991666848907682e-01   1.352826674964552e-01  -5.010000000000000e-02
  4.991189048310319e-01   1.352616436249527e-01  -5.009999999999999e-02
  4.990715276848123e-01   1.352407970408383e-01  -5.010000000000000e-02
  4.990245522958839e-01   1.352201272353575e-01  -5.009999999999999e-02
  4.989780179084982e-01   1.351995428068566e-01  -5.010000000000000e-02
  4.989320112589802e-01   1.351788455245378e-01  -5.010000000000000e-02
  4.988864012400800e-01   1.351583266767705e-01  -5.010000000000000e-02
  4.988411865680357e-01   1.351379856860212e-01  -5.010000000000001e-02
  4.987963659281782e-01   1.351178219608520e-01  -5.009999999999999e-02
  4.987519900517293e-01   1.350977203974954e-01  -5.010000000000000e-02
  4.987081174158827e-01   1.350775487835777e-01  -5.010000000000000e-02
  4.986646332386094e-01   1.350575557738448e-01  -5.010000000000001e-02
  4.986215360948610e-01   1.350377407130929e-01  -5.010000000000001e-02
  4.985785383496226e-01   1.350179713534557e-01  -5.010000000000000e-02
  4.985353854526938e-01   1.349980487382772e-01  -5.010000000000000e-02
  4.984921800844797e-01   1.349777549417257e-01  -5.010000000000000e-02
  4.984487912425812e-01   1.349573749665864e-01  -5.009999999999999e-02
  4.984052201514634e-01   1.349369093879969e-01  -5.009999999999999e-02
  4.983614680722311e-01   1.349163587983053e-01  -5.009999999999999e-02
  4.983175542852322e-01   1.348956859247719e-01  -5.009999999999999e-02
  4.982736144821477e-01   1.348746083532308e-01  -5.009999999999999e-02
  4.982294983798197e-01   1.348534462123548e-01  -5.009999999999999e-02
  4.981852073827656e-01   1.348322001758797e-01  -5.009999999999999e-02
  4.981407429331043e-01   1.348108709355786e-01  -5.009999999999999e-02
  4.980961910424773e-01   1.347892897762206e-01  -5.009999999999999e-02
  4.980521496519048e-01   1.347662685813540e-01  -5.009999999999999e-02
  4.980080807873392e-01   1.347428974863324e-01  -5.009999999999999e-02
  4.979639891480709e-01   1.347191752021421e-01  -5.009999999999999e-02
  4.979198794867933e-01   1.346951005149771e-01  -5.009999999999998e-02
  4.978757566084549e-01   1.346706722879835e-01  -5.009999999999998e-02
  4.978316253690582e-01   1.346458894629905e-01  -5.009999999999998e-02
  4.977874906744080e-01   1.346207510622286e-01  -5.009999999999998e-02
  4.977433574788058e-01   1.345952561900320e-01  -5.009999999999997e-02
  4.976992307836941e-01   1.345694040345236e-01  -5.009999999999997e-02
  4.976551156362464e-01   1.345431938692818e-01  -5.009999999999997e-02
  4.976110171279068e-01   1.345166250549857e-01  -5.009999999999996e-02
  4.975669403928769e-01   1.344896970410391e-01  -5.009999999999996e-02
  4.975228906065504e-01   1.344624093671694e-01  -5.009999999999996e-02
  4.974788729838977e-01   1.344347616650018e-01  -5.009999999999996e-02
  4.974348927777971e-01   1.344067536596045e-01  -5.009999999999996e-02
  4.973909552773170e-01   1.343783851710056e-01  -5.009999999999996e-02
  4.973470658059467e-01   1.343496561156782e-01  -5.009999999999996e-02
  4.973032297197773e-01   1.343205665079926e-01  -5.009999999999995e-02
  4.972594524056334e-01   1.342911164616334e-01  -5.009999999999995e-02
  4.972157392791559e-01   1.342613061909805e-01  -5.009999999999995e-02
  4.971720957828364e-01   1.342311360124508e-01  -5.009999999999995e-02
  4.971285273840050e-01   1.342006063457999e-01  -5.009999999999994e-02
  4.970850395727705e-01   1.341697177153821e-01  -5.009999999999994e-02
  4.970416378599160e-01   1.341384707513660e-01  -5.009999999999994e-02
  4.969983277747493e-01   1.341068661909041e-01  -5.009999999999994e-02
  4.969551148629093e-01   1.340749048792556e-01  -5.009999999999994e-02
  4.969120046841310e-01   1.340425877708594e-01  -5.009999999999994e-02
  4.968690028099674e-01   1.340099159303564e-01  -5.009999999999994e-02
  4.968261148214731e-01   1.339768905335588e-01  -5.009999999999994e-02
  4.967833463068477e-01   1.339435128683652e-01  -5.009999999999993e-02
  4.967407028590424e-01   1.339097843356196e-01  -5.009999999999993e-02
  4.966981900733302e-01   1.338757064499125e-01  -5.009999999999993e-02
  4.966558135448420e-01   1.338412808403225e-01  -5.009999999999993e-02
  4.966135788660693e-01   1.338065092510979e-01  -5.009999999999992e-02
  4.965714916243363e-01   1.337713935422746e-01  -5.009999999999992e-02
  4.965295573992415e-01   1.337359356902310e-01  -5.009999999999992e-02
  4.964877817600725e-01   1.337001377881773e-01  -5.009999999999992e-02
  4.964461702631939e-01   1.336640020465777e-01  -5.009999999999992e-02
  4.964047284494117e-01   1.336275307935052e-01  -5.009999999999992e-02
  4.963634618413158e-01   1.335907264749263e-01  -5.009999999999992e-02
  4.963223759406019e-01   1.335535916549155e-01  -5.009999999999992e-02
  4.962814762253754e-01   1.335161290157982e-01  -5.009999999999992e-02
  4.962407681474405e-01   1.334783413582198e-01  -5.009999999999992e-02
  4.962002571295737e-01   1.334402316011421e-01  -5.009999999999991e-02
  4.961599485627877e-01   1.334018027817636e-01  -5.009999999999991e-02
  4.961198478035854e-01   1.333630580553651e-01  -5.009999999999991e-02
  4.960799601712069e-01   1.333240006950775e-01  -5.009999999999991e-02
  4.960402909448721e-01   1.332846340915730e-01  -5.009999999999991e-02
  4.960008453610221e-01   1.332449617526778e-01  -5.009999999999990e-02
  4.959616286105596e-01   1.332049873029062e-01  -5.009999999999990e-02
  4.959226458360936e-01   1.331647144829155e-01  -5.009999999999990e-02
  4.958839021291888e-01   1.331241471488811e-01  -5.009999999999990e-02
  4.958454025276229e-01   1.330832892717913e-01  -5.009999999999990e-02
  4.958071520126554e-01   1.330421449366628e-01  -5.009999999999990e-02
  4.957691555063083e-01   1.330007183416743e-01  -5.009999999999990e-02
  4.957314178686637e-01   1.329590137972206e-01  -5.009999999999990e-02
  4.956939438951793e-01   1.329170357248860e-01  -5.009999999999990e-02
  4.956567383140251e-01   1.328747886563364e-01  -5.009999999999990e-02
  4.956198057834439e-01   1.328322772321323e-01  -5.009999999999990e-02
  4.955831508891384e-01   1.327895062004609e-01  -5.009999999999990e-02
  4.955467781416868e-01   1.327464804157894e-01  -5.009999999999990e-02
  4.955106919739911e-01   1.327032048374379e-01  -5.009999999999989e-02
  4.954748967387588e-01   1.326596845280755e-01  -5.009999999999989e-02
  4.954393967060223e-01   1.326159246521369e-01  -5.009999999999989e-02
  4.954041960606977e-01   1.325719304741628e-01  -5.009999999999989e-02
  4.953692989001862e-01   1.325277073570639e-01  -5.009999999999989e-02
  4.953347092320196e-01   1.324832607603094e-01  -5.009999999999989e-02
  4.953004309715544e-01   1.324385962380416e-01  -5.009999999999989e-02
  4.952664679397146e-01   1.323937194371173e-01  -5.009999999999989e-02
  4.952328238607879e-01   1.323486360950773e-01  -5.009999999999989e-02
  4.951995023602764e-01   1.323033520380455e-01  -5.009999999999989e-02
  4.951665069628044e-01   1.322578731785593e-01  -5.009999999999988e-02
  4.951338410900862e-01   1.322122055133319e-01  -5.009999999999988e-02
  4.951015080589557e-01   1.321663551209495e-01  -5.009999999999988e-02
  4.950695110794604e-01   1.321203281595040e-01  -5.009999999999988e-02
  4.950378532530214e-01   1.320741308641627e-01  -5.009999999999988e-02
  4.950065375706623e-01   1.320277695446792e-01  -5.009999999999988e-02
  4.949755669113086e-01   1.319812505828441e-01  -5.009999999999988e-02
  4.949449440401595e-01   1.319345804298802e-01  -5.009999999999988e-02
  4.949146716071349e-01   1.318877656037834e-01  -5.009999999999988e-02
  4.948847521453972e-01   1.318408126866110e-01  -5.009999999999988e-02
  4.948551880699530e-01   1.317937283217205e-01  -5.009999999999988e-02
  4.948259816763339e-01   1.317465192109611e-01  -5.009999999999988e-02
  4.947971351393575e-01   1.316991921118196e-01  -5.009999999999988e-02
  4.947686505119733e-01   1.316517538345242e-01  -5.009999999999988e-02
  4.947405297241915e-01   1.316042112391079e-01  -5.009999999999988e-02
  4.947127745820972e-01   1.315565712324345e-01  -5.009999999999988e-02
  4.946853867669527e-01   1.315088407651897e-01  -5.009999999999988e-02
  4.946583678343861e-01   1.314610268288403e-01  -5.009999999999988e-02
  4.946317192136698e-01   1.314131364525634e-01  -5.009999999999988e-02
  4.946054422070886e-01   1.313651767001496e-01  -5.009999999999988e-02
  4.945795379893979e-01   1.313171546668820e-01  -5.009999999999988e-02
  4.945540076073740e-01   1.312690774763939e-01  -5.009999999999988e-02
  4.945288519794555e-01   1.312209522775087e-01  -5.009999999999988e-02
  4.945040718954772e-01   1.311727862410649e-01  -5.009999999999988e-02
  4.944796680164971e-01   1.311245865567275e-01  -5.009999999999988e-02
  4.944556408747156e-01   1.310763604297915e-01  -5.009999999999988e-02
  4.944319908734886e-01   1.310281150779777e-01  -5.009999999999988e-02
  4.944087182874327e-01   1.309798577282256e-01  -5.009999999999988e-02
  4.943858232626242e-01   1.309315956134851e-01  -5.009999999999988e-02
  4.943633058168905e-01   1.308833359695113e-01  -5.009999999999988e-02
  4.943411658401937e-01   1.308350860316634e-01  -5.009999999999988e-02
  4.943194030951069e-01   1.307868530317131e-01  -5.009999999999988e-02
  4.942980172173813e-01   1.307386441946630e-01  -5.009999999999988e-02
  4.942770077166047e-01   1.306904667355791e-01  -5.009999999999988e-02
  4.942563739769490e-01   1.306423278564401e-01  -5.009999999999988e-02
  4.942361152580086e-01   1.305942347430072e-01  -5.009999999999988e-02
  4.942162306957252e-01   1.305461945617144e-01  -5.009999999999988e-02
  4.941967193034008e-01   1.304982144565855e-01  -5.009999999999988e-02
  4.941775799727964e-01   1.304503015461783e-01  -5.009999999999988e-02
  4.941588114753154e-01   1.304024629205594e-01  -5.009999999999988e-02
  4.941404124632695e-01   1.303547056383118e-01  -5.009999999999988e-02
  4.941223814712277e-01   1.303070367235789e-01  -5.009999999999988e-02
  4.941047169174441e-01   1.302594631631453e-01  -5.009999999999988e-02
  4.940874171053654e-01   1.302119919035598e-01  -5.009999999999989e-02
  4.940704802252142e-01   1.301646298483001e-01  -5.009999999999989e-02
  4.940539043556476e-01   1.301173838549829e-01  -5.009999999999989e-02
  4.940376874654891e-01   1.300702607326225e-01  -5.009999999999989e-02
  4.940218274155306e-01   1.300232672389374e-01  -5.009999999999989e-02
  4.940063219604042e-01   1.299764100777100e-01  -5.009999999999989e-02
  4.939911687505202e-01   1.299296958961994e-01  -5.009999999999989e-02
  4.939763653340697e-01   1.298831312826096e-01  -5.009999999999989e-02
  4.939619091590895e-01   1.298367227636160e-01  -5.009999999999989e-02
  4.939477975755867e-01   1.297904768019501e-01  -5.009999999999989e-02
  4.939340278377210e-01   1.297443997940457e-01  -5.009999999999989e-02
  4.939205971060421e-01   1.296984980677474e-01  -5.009999999999990e-02
  4.939075024497792e-01   1.296527778800834e-01  -5.009999999999990e-02
  4.938947408491804e-01   1.296072454151026e-01  -5.009999999999990e-02
  4.938823091979005e-01   1.295619067817794e-01  -5.009999999999990e-02
  4.938702043054321e-01   1.295167680119857e-01  -5.009999999999990e-02
  4.938584228995798e-01   1.294718350585321e-01  -5.009999999999990e-02
  4.938469616289736e-01   1.294271137932789e-01  -5.009999999999990e-02
  4.938358170656187e-01   1.293826100053176e-01  -5.009999999999990e-02
  4.938249857074795e-01   1.293383293992249e-01  -5.009999999999990e-02
  4.938144639810949e-01   1.292942775933883e-01  -5.009999999999990e-02
  4.938042482442219e-01   1.292504601184047e-01  -5.009999999999990e-02
  4.937943347885054e-01   1.292068824155532e-01  -5.009999999999990e-02
  4.937847198421698e-01   1.291635498353409e-01  -5.009999999999990e-02
  4.937753995727324e-01   1.291204676361238e-01  -5.009999999999990e-02
  4.937663700897331e-01   1.290776409828019e-01  -5.009999999999990e-02
  4.937576274474793e-01   1.290350749455886e-01  -5.009999999999990e-02
  4.937491676478024e-01   1.289927744988552e-01  -5.009999999999990e-02
  4.937409866428242e-01   1.289507445200505e-01  -5.009999999999991e-02
  4.937330803377295e-01   1.289089897886939e-01  -5.009999999999991e-02
  4.937254445935426e-01   1.288675149854437e-01  -5.009999999999991e-02
  4.937180752299052e-01   1.288263246912390e-01  -5.009999999999991e-02
  4.937109680278529e-01   1.287854233865156e-01  -5.009999999999991e-02
  4.937041187325882e-01   1.287448154504951e-01  -5.009999999999991e-02
  4.936975230562465e-01   1.287045051605459e-01  -5.009999999999991e-02
  4.936911766806539e-01   1.286644966916173e-01  -5.009999999999992e-02
  4.936850752600731e-01   1.286247941157444e-01  -5.009999999999992e-02
  4.936792144239356e-01   1.285854014016233e-01  -5.009999999999992e-02
  4.936735897795587e-01   1.285463224142569e-01  -5.009999999999992e-02
  4.936681969148428e-01   1.285075609146683e-01  -5.009999999999992e-02
  4.936630314009493e-01   1.284691205596834e-01  -5.009999999999992e-02
  4.936580887949553e-01   1.284310049017791e-01  -5.009999999999992e-02
  4.936533646424828e-01   1.283932173889980e-01  -5.009999999999992e-02
  4.936488544803025e-01   1.283557613649275e-01  -5.009999999999992e-02
  4.936445538389070e-01   1.283186400687421e-01  -5.009999999999992e-02
  4.936404582450540e-01   1.282818566353078e-01  -5.009999999999992e-02
  4.936365632242773e-01   1.282454140953479e-01  -5.009999999999992e-02
  4.936328643033618e-01   1.282093153756674e-01  -5.009999999999992e-02
  4.936293570127839e-01   1.281735632994360e-01  -5.009999999999992e-02
  4.936260368891127e-01   1.281381605865279e-01  -5.009999999999993e-02
  4.936228994773730e-01   1.281031098539163e-01  -5.009999999999993e-02
  4.936199403333661e-01   1.280684136161220e-01  -5.009999999999993e-02
  4.936171550259491e-01   1.280340742857143e-01  -5.009999999999993e-02
  4.936145391392700e-01   1.280000941738618e-01  -5.009999999999993e-02
  4.936120882749581e-01   1.279664754909333e-01  -5.009999999999993e-02
  4.936097980542675e-01   1.279332203471455e-01  -5.009999999999993e-02
  4.936076641201741e-01   1.279003307532565e-01  -5.009999999999994e-02
  4.936056821394236e-01   1.278678086213042e-01  -5.009999999999994e-02
  4.936038478045299e-01   1.278356557653863e-01  -5.009999999999994e-02
  4.936021568357237e-01   1.278038739024824e-01  -5.009999999999994e-02
  4.936006049828492e-01   1.277724646533145e-01  -5.009999999999994e-02
  4.935991880272096e-01   1.277414295432454e-01  -5.009999999999994e-02
  4.935979017833594e-01   1.277107700032133e-01  -5.009999999999994e-02
  4.935967421008436e-01   1.276804873707008e-01  -5.009999999999994e-02
  4.935957048658830e-01   1.276505828907360e-01  -5.009999999999994e-02
  4.935947860030051e-01   1.276210577169252e-01  -5.009999999999994e-02
  4.935939814766205e-01   1.275919129125146e-01  -5.009999999999994e-02
  4.935932872925442e-01   1.275631494514804e-01  -5.009999999999994e-02
  4.935926994994612e-01   1.275347682196442e-01  -5.009999999999994e-02
  4.935922141903371e-01   1.275067700158136e-01  -5.009999999999994e-02
  4.935918275037722e-01   1.274791555529455e-01  -5.009999999999995e-02
  4.935915356253009e-01   1.274519254593306e-01  -5.009999999999995e-02
  4.935913347886339e-01   1.274250802797985e-01  -5.009999999999995e-02
  4.935912212768463e-01   1.273986204769403e-01  -5.009999999999995e-02
  4.935911914235082e-01   1.273725464323481e-01  -5.009999999999995e-02
  4.935912416137612e-01   1.273468584478709e-01  -5.009999999999995e-02
  4.935913682853391e-01   1.273215567468830e-01  -5.009999999999995e-02
  4.935915679295330e-01   1.272966414755656e-01  -5.009999999999996e-02
  4.935918370921030e-01   1.272721127041996e-01  -5.009999999999996e-02
  4.935921723741337e-01   1.272479704284681e-01  -5.009999999999996e-02
  4.935925704328377e-01   1.272242145707667e-01  -5.009999999999996e-02
  4.935930279823039e-01   1.272008449815218e-01  -5.009999999999996e-02
  4.935935417941940e-01   1.271778614405143e-01  -5.009999999999996e-02
  4.935941086983859e-01   1.271552636582076e-01  -5.009999999999996e-02
  4.935947255835658e-01   1.271330512770798e-01  -5.009999999999996e-02
  4.935953893977680e-01   1.271112238729572e-01  -5.009999999999996e-02
  4.935960971488657e-01   1.270897809563500e-01  -5.009999999999996e-02
  4.935968459050105e-01   1.270687219737869e-01  -5.009999999999996e-02
  4.935976327950239e-01   1.270480463091498e-01  -5.009999999999996e-02
  4.935984550087397e-01   1.270277532850052e-01  -5.009999999999996e-02
  4.935993097972987e-01   1.270078421639340e-01  -5.009999999999996e-02
  4.936001944733978e-01   1.269883121498562e-01  -5.009999999999996e-02
  4.936011064114920e-01   1.269691623893509e-01  -5.009999999999996e-02
  4.936020430479520e-01   1.269503919729715e-01  -5.009999999999996e-02
  4.936030018811772e-01   1.269319999365530e-01  -5.009999999999997e-02
  4.936039804716665e-01   1.269139852625127e-01  -5.009999999999997e-02
  4.936049815943472e-01   1.268963429689497e-01  -5.009999999999997e-02
  4.936059957676811e-01   1.268790841583382e-01  -5.009999999999998e-02
  4.936070250093559e-01   1.268621952633727e-01  -5.009999999999998e-02
  4.936080729942454e-01   1.268456819343099e-01  -5.009999999999998e-02
  4.936091440838226e-01   1.268295389370857e-01  -5.009999999999998e-02
  4.936102424085607e-01   1.268137653105448e-01  -5.009999999999998e-02
  4.936113717559383e-01   1.267983649916404e-01  -5.009999999999999e-02
  4.936125363960385e-01   1.267833351325949e-01  -5.009999999999998e-02
  4.936137404428666e-01   1.267686753411130e-01  -5.009999999999999e-02
  4.936149880001612e-01   1.267543854362788e-01  -5.009999999999999e-02
  4.936162839954865e-01   1.267404566815460e-01  -5.009999999999999e-02
  4.936176315855779e-01   1.267268997625455e-01  -5.009999999999999e-02
  4.936190353505162e-01   1.267137097935613e-01  -5.009999999999999e-02
  4.936204994682069e-01   1.267008863995548e-01  -5.009999999999999e-02
  4.936220281004101e-01   1.266884293380391e-01  -5.009999999999999e-02
  4.936236253785208e-01   1.266763385250838e-01  -5.009999999999999e-02
  4.936252953844203e-01   1.266646140645862e-01  -5.009999999999999e-02
  4.936270421249508e-01   1.266532562807136e-01  -5.009999999999999e-02
  4.936288694982282e-01   1.266422657530756e-01  -5.009999999999999e-02
  4.936307812496346e-01   1.266316433536804e-01  -5.010000000000000e-02
  4.936327809149487e-01   1.266213902840334e-01  -5.010000000000000e-02
  4.936348738285056e-01   1.266114986709404e-01  -5.010000000000000e-02
  4.936370599941440e-01   1.266019847347040e-01  -5.010000000000000e-02
  4.936393432574086e-01   1.265928443069948e-01  -5.010000000000000e-02
  4.936417256489240e-01   1.265840797608961e-01  -5.010000000000001e-02
  4.936442084776916e-01   1.265756938484802e-01  -5.010000000000000e-02
  4.936467921384793e-01   1.265676896814967e-01  -5.009999999999999e-02
  4.936494758826026e-01   1.265600706814113e-01  -5.010000000000000e-02
  4.936522575521005e-01   1.265528404869905e-01  -5.009999999999999e-02
  4.936551335894739e-01   1.265460021065277e-01  -5.009999999999999e-02
  4.936580975662795e-01   1.265395603956384e-01  -5.009999999999999e-02
  4.936611414896598e-01   1.265335178634866e-01  -5.010000000000000e-02
  4.936642544888355e-01   1.265278767899378e-01  -5.010000000000000e-02
  4.936674228390734e-01   1.265226381588187e-01  -5.010000000000001e-02
  4.936706298621090e-01   1.265178011390035e-01  -5.010000000000001e-02
  4.936738559933271e-01   1.265133625537678e-01  -5.010000000000000e-02
  4.936770790522232e-01   1.265093164004587e-01  -5.010000000000000e-02
  4.936802747291367e-01   1.265056534933006e-01  -5.010000000000000e-02
  4.936834172680360e-01   1.265023612989347e-01  -5.010000000000000e-02
  4.936864802894756e-01   1.264994240139801e-01  -5.010000000000001e-02
  4.936894376698152e-01   1.264968228990512e-01  -5.009999999999999e-02
  4.936922643813947e-01   1.264945368426383e-01  -5.010000000000000e-02
  4.936949372075022e-01   1.264925430923966e-01  -5.009999999999999e-02
  4.936974352725089e-01   1.264908180703555e-01  -5.009999999999999e-02
  4.936997403628409e-01   1.264893381864859e-01  -5.010000000000000e-02
  4.937018370483168e-01   1.264880805795674e-01  -5.010000000000000e-02
  4.937037126380994e-01   1.264870237385461e-01  -5.010000000000000e-02
  4.937054796154563e-01   1.264860845431493e-01  -5.010000000000000e-02
