480
  5.200401111584641e-01   1.368077113754850e-01  -5.010000000000001e-02
  5.200400731570700e-01   1.368062118569309e-01  -5.010000000000002e-02
  5.200400270359261e-01   1.368046732694029e-01  -5.010000000000001e-02
  5.200399680974963e-01   1.368030948211428e-01  -5.010000000000001e-02
  5.200398704891264e-01   1.368014767834638e-01  -5.010000000000001e-02
  5.200397475969796e-01   1.367998179491151e-01  -5.010000000000001e-02
  5.200396008442325e-01   1.367981173544463e-01  -5.010000000000002e-02
  5.200394246903261e-01   1.367963746659304e-01  -5.010000000000001e-02
  5.200392040094891e-01   1.367945907413230e-01  -5.010000000000001e-02
  5.200389603956421e-01   1.367927623331339e-01  -5.010000000000001e-02
  5.200386603295903e-01   1.367908936299394e-01  -5.010000000000001e-02
  5.200383232559962e-01   1.367889807615177e-01  -5.010000000000001e-02
  5.200379450989336e-01   1.367870239249027e-01  -5.010000000000001e-02
  5.200375144858648e-01   1.367850245590208e-01  -5.010000000000001e-02
  5.200370356288502e-01   1.367829811377715e-01  -5.010000000000001e-02
  5.200365041496491e-01   1.367808942742178e-01  -5.010000000000001e-02
  5.200359041367743e-01   1.367787672797770e-01  -5.010000000000001e-02
  5.200352523966637e-01   1.367765953697055e-01  -5.010000000000001e-02
  5.200345252061480e-01   1.367743848964539e-01  -5.010000000000001e-02
  5.200337365531518e-01   1.367721311062748e-01  -5.010000000000001e-02
  5.200328700015818e-01   1.367698393794029e-01  -5.010000000000001e-02
  5.200319322755003e-01   1.367675065354209e-01  -5.010000000000001e-02
  5.200309222768782e-01   1.367651326567972e-01  -5.010000000000001e-02
  5.200298355686888e-01   1.367627187319984e-01  -5.010000000000001e-02
  5.200286755666731e-01   1.367602625098660e-01  -5.010000000000001e-02
  5.200274392641413e-01   1.367577644185490e-01  -5.010000000000002e-02
  5.200261242230992e-01   1.367552246104790e-01  -5.010000000000001e-02
  5.200247285045246e-01   1.367526429245080e-01  -5.010000000000001e-02
  5.200232358314078e-01   1.367500275123798e-01  -5.010000000000001e-02
  5.200216446777677e-01   1.367473790222910e-01  -5.010000000000001e-02
  5.200199604075193e-01   1.367446931612347e-01  -5.010000000000002e-02
  5.200181828575200e-01   1.367419687950751e-01  -5.010000000000001e-02
  5.200162866277012e-01   1.367392217049473e-01  -5.010000000000001e-02
  5.200142938431507e-01   1.367364362999980e-01  -5.010000000000001e-02
  5.200122090952666e-01   1.367336075678145e-01  -5.010000000000001e-02
  5.200100256958770e-01   1.367307380232885e-01  -5.010000000000001e-02
  5.200077213537331e-01   1.367278437044310e-01  -5.010000000000001e-02
  5.200053183007353e-01   1.367249056095764e-01  -5.010000000000001e-02
  5.200028097330893e-01   1.367219262766653e-01  -5.010000000000001e-02
  5.200001574592068e-01   1.367189373775410e-01  -5.010000000000001e-02
  5.199973979886263e-01   1.367159054386454e-01  -5.010000000000001e-02
  5.199945071435423e-01   1.367128493990839e-01  -5.010000000000002e-02
  5.199914873891290e-01   1.367097659711655e-01  -5.010000000000002e-02
  5.199883633561678e-01   1.367066276673916e-01  -5.010000000000002e-02
  5.199850903011472e-01   1.367034766919027e-01  -5.010000000000002e-02
  5.199817013053814e-01   1.367002768016942e-01  -5.010000000000002e-02
  5.199781757816943e-01   1.366970454956041e-01  -5.010000000000002e-02
  5.199745026067497e-01   1.366937931802834e-01  -5.010000000000002e-02
  5.199707054301258e-01   1.366904886074790e-01  -5.010000000000002e-02
  5.199667263533834e-01   1.366871968986432e-01  -5.010000000000002e-02
  5.199626279718430e-01   1.366838393131136e-01  -5.010000000000002e-02
  5.199583612084203e-01   1.366804718482880e-01  -5.010000000000002e-02
  5.199539639238342e-01   1.366770430387913e-01  -5.010000000000002e-02
  5.199493959572600e-01   1.366735990661940e-01  -5.010000000000002e-02
  5.199446770160772e-01   1.366701104383561e-01  -5.010000000000001e-02
  5.199397845494825e-01   1.366666014566276e-01  -5.010000000000001e-02
  5.199347245220691e-01   1.366630603558705e-01  -5.010000000000002e-02
  5.199294900463314e-01   1.366594900793161e-01  -5.010000000000001e-02
  5.199240815070736e-01   1.366558856241202e-01  -5.010000000000001e-02
  5.199185012516479e-01   1.366522359997643e-01  -5.010000000000001e-02
  5.199127332261921e-01   1.366485604754180e-01  -5.010000000000001e-02
  5.199067846654230e-01   1.366448396548782e-01  -5.010000000000002e-02
  5.199006359374435e-01   1.366410993968090e-01  -5.010000000000001e-02
  5.198942949644096e-01   1.366373179628346e-01  -5.010000000000001e-02
  5.198877487727369e-01   1.366335108678962e-01  -5.010000000000001e-02
  5.198810000861207e-01   1.366296639235463e-01  -5.010000000000001e-02
  5.198740431000536e-01   1.366257799746657e-01  -5.010000000000001e-02
  5.198668718717520e-01   1.366218593527594e-01  -5.010000000000002e-02
  5.198594830506489e-01   1.366179002517638e-01  -5.010000000000001e-02
  5.198518566447901e-01   1.366139289402259e-01  -5.010000000000001e-02
  5.198440139175035e-01   1.366098958886033e-01  -5.010000000000001e-02
  5.198359219362401e-01   1.366058535022570e-01  -5.010000000000001e-02
  5.198276107223436e-01   1.366017314876176e-01  -5.010000000000001e-02
  5.198190262336728e-01   1.365976272300656e-01  -5.010000000000001e-02
  5.198102217414260e-01   1.365934182700249e-01  -5.010000000000001e-02
  5.198011192388502e-01   1.365892571256429e-01  -5.010000000000001e-02
  5.197917839856659e-01   1.365849895809738e-01  -5.010000000000000e-02
  5.197821544579666e-01   1.365807375496696e-01  -5.010000000000000e-02
  5.197722663790168e-01   1.365764053218689e-01  -5.010000000000000e-02
  5.197620834452501e-01   1.365720619522434e-01  -5.010000000000001e-02
  5.197516130258226e-01   1.365676729906058e-01  -5.010000000000001e-02
  5.197408499432582e-01   1.365632356053065e-01  -5.010000000000001e-02
  5.197297692023696e-01   1.365587920009350e-01  -5.010000000000001e-02
  5.197183985970884e-01   1.365542561089895e-01  -5.010000000000001e-02
  5.197066801413054e-01   1.365497552925694e-01  -5.010000000000001e-02
  5.196946642687409e-01   1.365451402445168e-01  -5.010000000000001e-02
  5.196822850882732e-01   1.365405642807602e-01  -5.010000000000001e-02
  5.196695817163145e-01   1.365359006316433e-01  -5.010000000000001e-02
  5.196565202033371e-01   1.365312210222610e-01  -5.010000000000001e-02
  5.196430986541973e-01   1.365265061469342e-01  -5.010000000000000e-02
  5.196293217441467e-01   1.365217199768472e-01  -5.009999999999999e-02
  5.196151449892186e-01   1.365169653556603e-01  -5.009999999999999e-02
  5.196006109798136e-01   1.365120909179348e-01  -5.010000000000000e-02
  5.195856512253582e-01   1.365072764506448e-01  -5.010000000000001e-02
  5.195703092676351e-01   1.365023594695758e-01  -5.010000000000001e-02
  5.195545448803345e-01   1.364974376633120e-01  -5.010000000000001e-02
  5.195383553616747e-01   1.364924873506269e-01  -5.010000000000001e-02
  5.195217476625709e-01   1.364874553042608e-01  -5.010000000000001e-02
  5.195046701735900e-01   1.364824791985499e-01  -5.010000000000001e-02
  5.194871659934370e-01   1.364773787618921e-01  -5.010000000000000e-02
  5.194691701795036e-01   1.364723441516115e-01  -5.010000000000000e-02
  5.194507125325039e-01   1.364672313436860e-01  -5.010000000000001e-02
  5.194317686419604e-01   1.364620912558743e-01  -5.010000000000001e-02
  5.194123136798340e-01   1.364569730882509e-01  -5.010000000000001e-02
  5.193923760768386e-01   1.364517279485546e-01  -5.010000000000000e-02
  5.193718763739402e-01   1.364466194527730e-01  -5.010000000000000e-02
  5.193508686512898e-01   1.364413887039749e-01  -5.010000000000000e-02
  5.193293047034745e-01   1.364361838153849e-01  -5.010000000000001e-02
  5.193071782264980e-01   1.364309786112816e-01  -5.010000000000001e-02
  5.192845001983544e-01   1.364256763172997e-01  -5.010000000000001e-02
  5.192612011555848e-01   1.364205239996902e-01  -5.010000000000001e-02
  5.192373308149598e-01   1.364152453460750e-01  -5.010000000000000e-02
  5.192128302259110e-01   1.364100526297526e-01  -5.010000000000001e-02
  5.191877043590435e-01   1.364048581652175e-01  -5.010000000000000e-02
  5.191619547811606e-01   1.363995927645107e-01  -5.010000000000000e-02
  5.191355169323697e-01   1.363945086034187e-01  -5.010000000000001e-02
  5.191084371039226e-01   1.363893009856864e-01  -5.010000000000001e-02
  5.190806863945918e-01   1.363840444701384e-01  -5.010000000000001e-02
  5.190522569629040e-01   1.363787015163300e-01  -5.010000000000001e-02
  5.190231392864417e-01   1.363732423409891e-01  -5.010000000000001e-02
  5.189933067917363e-01   1.363677264815123e-01  -5.010000000000001e-02
  5.189627578770178e-01   1.363620781600288e-01  -5.010000000000001e-02
  5.189314699843329e-01   1.363563331871537e-01  -5.010000000000001e-02
  5.188994299514051e-01   1.363504749021287e-01  -5.010000000000001e-02
  5.188666265242593e-01   1.363444748922182e-01  -5.010000000000001e-02
  5.188330476901947e-01   1.363383074425438e-01  -5.010000000000001e-02
  5.187986725925474e-01   1.363319937425391e-01  -5.010000000000001e-02
  5.187634881098097e-01   1.363255115268988e-01  -5.010000000000001e-02
  5.187274771856222e-01   1.363188585650638e-01  -5.010000000000001e-02
  5.186906194762431e-01   1.363120491609910e-01  -5.010000000000001e-02
  5.186529049881135e-01   1.363050403772308e-01  -5.010000000000001e-02
  5.186143093564790e-01   1.362978655553014e-01  -5.010000000000001e-02
  5.185748161952000e-01   1.362905137867664e-01  -5.010000000000001e-02
  5.185344089900791e-01   1.362829736236944e-01  -5.010000000000000e-02
  5.184930662976067e-01   1.362752588945478e-01  -5.009999999999999e-02
  5.184507710359569e-01   1.362673588677792e-01  -5.009999999999999e-02
  5.184075036788512e-01   1.362592747781884e-01  -5.009999999999999e-02
  5.183632452135585e-01   1.362510040223873e-01  -5.010000000000000e-02
  5.183179781343201e-01   1.362425348837836e-01  -5.010000000000001e-02
  5.182716814798923e-01   1.362338731192115e-01  -5.010000000000001e-02
  5.182243378057130e-01   1.362250047325749e-01  -5.010000000000001e-02
  5.181759276831940e-01   1.362159254059840e-01  -5.010000000000001e-02
  5.181264294284196e-01   1.362066420000063e-01  -5.010000000000000e-02
  5.180758282510463e-01   1.361971238489115e-01  -5.010000000000001e-02
  5.180241002212263e-01   1.361873881883994e-01  -5.010000000000001e-02
  5.179712253426130e-01   1.361774306580385e-01  -5.010000000000001e-02
  5.179171881471447e-01   1.361672222520351e-01  -5.010000000000001e-02
  5.178619626207258e-01   1.361567893531669e-01  -5.010000000000001e-02
  5.178055320083830e-01   1.361461088500170e-01  -5.010000000000001e-02
  5.177478765175525e-01   1.361351732946367e-01  -5.010000000000001e-02
  5.176889714726689e-01   1.361240007355060e-01  -5.010000000000002e-02
  5.176288032426580e-01   1.361125508171409e-01  -5.010000000000002e-02
  5.175673468092185e-01   1.361008429714549e-01  -5.010000000000002e-02
  5.175045794368608e-01   1.360888846048644e-01  -5.010000000000001e-02
  5.174404923524238e-01   1.360766100525842e-01  -5.010000000000001e-02
  5.173750533395133e-01   1.360640765664349e-01  -5.010000000000001e-02
  5.173082454782795e-01   1.360512617235178e-01  -5.010000000000001e-02
  5.172400555422425e-01   1.360381242885343e-01  -5.010000000000001e-02
  5.171704528046611e-01   1.360247146639945e-01  -5.010000000000000e-02
  5.170994250611209e-01   1.360109877490211e-01  -5.010000000000000e-02
  5.170269536256548e-01   1.359969327614958e-01  -5.010000000000001e-02
  5.169530096915463e-01   1.359825922000762e-01  -5.010000000000001e-02
  5.168775872073558e-01   1.359678923996062e-01  -5.010000000000001e-02
  5.168006605444822e-01   1.359528614631992e-01  -5.010000000000001e-02
  5.167222035549134e-01   1.359375315115694e-01  -5.010000000000001e-02
  5.166422178207704e-01   1.359217945495033e-01  -5.010000000000001e-02
  5.165606691957511e-01   1.359057263192398e-01  -5.010000000000001e-02
  5.164775350505133e-01   1.358893456802269e-01  -5.010000000000001e-02
  5.163928260668023e-01   1.358725049879941e-01  -5.010000000000001e-02
  5.163064981702686e-01   1.358553353282543e-01  -5.010000000000000e-02
  5.162185351162251e-01   1.358378296201651e-01  -5.009999999999999e-02
  5.161289530637672e-01   1.358198211263169e-01  -5.009999999999999e-02
  5.160377019170268e-01   1.358014770979135e-01  -5.010000000000000e-02
  5.159447717235256e-01   1.357827671676513e-01  -5.010000000000000e-02
  5.158501810739350e-01   1.357635228174412e-01  -5.010000000000001e-02
  5.157538775180031e-01   1.357439299785628e-01  -5.010000000000000e-02
  5.156558553405587e-01   1.357239473399355e-01  -5.010000000000000e-02
  5.155561368042340e-01   1.357034004682127e-01  -5.010000000000000e-02
  5.154546675517137e-01   1.356824928637473e-01  -5.010000000000000e-02
  5.153514550740584e-01   1.356611310594367e-01  -5.010000000000000e-02
  5.152465079742772e-01   1.356392202929488e-01  -5.010000000000001e-02
  5.151397793683994e-01   1.356169375851288e-01  -5.010000000000001e-02
  5.150313022380532e-01   1.355940820982783e-01  -5.010000000000001e-02
  5.149210508174793e-01   1.355707370006840e-01  -5.010000000000000e-02
  5.148089998636124e-01   1.355469880847763e-01  -5.010000000000000e-02
  5.146952033599909e-01   1.355225530082252e-01  -5.010000000000000e-02
  5.145795929196759e-01   1.354977284321679e-01  -5.010000000000001e-02
  5.144622117557136e-01   1.354722961491252e-01  -5.010000000000001e-02
  5.143430433147859e-01   1.354463196297190e-01  -5.010000000000001e-02
  5.142220718983642e-01   1.354198652410975e-01  -5.010000000000001e-02
  5.140993466592293e-01   1.353927075940714e-01  -5.009999999999999e-02
  5.139748024868929e-01   1.353651474385946e-01  -5.009999999999999e-02
  5.138485243784349e-01   1.353368138105563e-01  -5.010000000000000e-02
  5.137204423690839e-01   1.353080368464374e-01  -5.010000000000001e-02
  5.135906232397300e-01   1.352785446109987e-01  -5.010000000000001e-02
  5.134590366552044e-01   1.352484997379273e-01  -5.010000000000001e-02
  5.133257149174825e-01   1.352177988380753e-01  -5.010000000000001e-02
  5.131906627594507e-01   1.351864625793996e-01  -5.010000000000001e-02
  5.130538884805032e-01   1.351545062089299e-01  -5.010000000000001e-02
  5.129154219993111e-01   1.351218556999703e-01  -5.010000000000001e-02
  5.127752607199574e-01   1.350885863132505e-01  -5.010000000000001e-02
  5.126334508850778e-01   1.350545701530516e-01  -5.010000000000001e-02
  5.124899819632334e-01   1.350199285959251e-01  -5.010000000000001e-02
  5.123449024475812e-01   1.349845402895928e-01  -5.010000000000001e-02
  5.121982137524276e-01   1.349484897410563e-01  -5.010000000000001e-02
  5.120499543746446e-01   1.349117120205688e-01  -5.010000000000001e-02
  5.119001504353437e-01   1.348742050084633e-01  -5.010000000000001e-02
  5.117488161246792e-01   1.348360157530897e-01  -5.010000000000002e-02
  5.115960179473127e-01   1.347969966596040e-01  -5.010000000000001e-02
  5.114417287561307e-01   1.347573699445181e-01  -5.010000000000001e-02
  5.112860710550240e-01   1.347167869103060e-01  -5.010000000000001e-02
  5.111289654133076e-01   1.346756814780995e-01  -5.010000000000001e-02
  5.109705799245528e-01   1.346335495128517e-01  -5.010000000000000e-02
  5.108108302541418e-01   1.345908518900469e-01  -5.009999999999999e-02
  5.106498397618311e-01   1.345472707644382e-01  -5.009999999999999e-02
  5.104876138167331e-01   1.345029410298460e-01  -5.010000000000000e-02
  5.103241817521705e-01   1.344579069395334e-01  -5.009999999999999e-02
  5.101596659645160e-01   1.344118895781487e-01  -5.009999999999999e-02
  5.099939995708340e-01   1.343652916894651e-01  -5.009999999999999e-02
  5.098273591261019e-01   1.343176562137253e-01  -5.009999999999999e-02
  5.096596871749445e-01   1.342693608241302e-01  -5.010000000000000e-02
  5.094910601334440e-01   1.342203117004095e-01  -5.010000000000000e-02
  5.093215786260080e-01   1.341703468040190e-01  -5.010000000000000e-02
  5.091511966145338e-01   1.341198030562042e-01  -5.010000000000000e-02
  5.089800918339889e-01   1.340682679715508e-01  -5.010000000000000e-02
  5.088082482223459e-01   1.340159883729655e-01  -5.010000000000001e-02
  5.086357147529294e-01   1.339629881961423e-01  -5.010000000000001e-02
  5.084626366526285e-01   1.339089928789614e-01  -5.010000000000001e-02
  5.082889407503068e-01   1.338544320034334e-01  -5.009999999999999e-02
  5.081147673105286e-01   1.337990516519461e-01  -5.009999999999999e-02
  5.079401751193653e-01   1.337428683681792e-01  -5.009999999999999e-02
  5.077651476625286e-01   1.336861280238695e-01  -5.009999999999999e-02
  5.075899100688107e-01   1.336283377262248e-01  -5.009999999999999e-02
  5.074143935561604e-01   1.335699110049394e-01  -5.009999999999999e-02
  5.072386338091096e-01   1.335109332247885e-01  -5.009999999999999e-02
  5.070628421694958e-01   1.334509783887516e-01  -5.009999999999998e-02
  5.068869287172595e-01   1.333905118935939e-01  -5.009999999999998e-02
  5.067110093900483e-01   1.333293885586324e-01  -5.009999999999999e-02
  5.065352320548487e-01   1.332673859066104e-01  -5.009999999999999e-02
  5.063595102640686e-01   1.332049442193836e-01  -5.010000000000000e-02
  5.061839894208384e-01   1.331418454971396e-01  -5.010000000000001e-02
  5.060087671253809e-01   1.330780160970700e-01  -5.010000000000001e-02
  5.058337953740106e-01   1.330137751678732e-01  -5.010000000000001e-02
  5.056592725229705e-01   1.329487717354403e-01  -5.010000000000001e-02
  5.054851571294805e-01   1.328833072602187e-01  -5.010000000000001e-02
  5.053114553152260e-01   1.328175428629652e-01  -5.010000000000000e-02
  5.051384893210478e-01   1.327508148171915e-01  -5.009999999999998e-02
  5.049660609147288e-01   1.326838210177456e-01  -5.009999999999998e-02
  5.047942577525901e-01   1.326165038116762e-01  -5.009999999999999e-02
  5.046232819530949e-01   1.325485233172578e-01  -5.009999999999999e-02
  5.044530122716514e-01   1.324803531191705e-01  -5.010000000000000e-02
  5.042836166773728e-01   1.324117345860033e-01  -5.009999999999999e-02
  5.041151510460833e-01   1.323426953205740e-01  -5.009999999999999e-02
  5.039475456965423e-01   1.322735581579830e-01  -5.009999999999999e-02
  5.037810530584914e-01   1.322038658464478e-01  -5.009999999999999e-02
  5.036155592881376e-01   1.321340434513145e-01  -5.010000000000000e-02
  5.034511240260154e-01   1.320640880694891e-01  -5.010000000000001e-02
  5.032879374916611e-01   1.319936976628937e-01  -5.010000000000001e-02
  5.031258412533426e-01   1.319233754070030e-01  -5.010000000000001e-02
  5.029650552356773e-01   1.318527443077174e-01  -5.010000000000000e-02
  5.028055315686261e-01   1.317820447355274e-01  -5.010000000000001e-02
  5.026472633642444e-01   1.317114093913198e-01  -5.010000000000000e-02
  5.024904741145572e-01   1.316404600583688e-01  -5.009999999999999e-02
  5.023349551247989e-01   1.315697715445294e-01  -5.009999999999999e-02
  5.021809316149697e-01   1.314989558157866e-01  -5.009999999999999e-02
  5.020283483133807e-01   1.314282411618978e-01  -5.009999999999999e-02
  5.018772706512701e-01   1.313575814623866e-01  -5.009999999999999e-02
  5.017277806594052e-01   1.312869011607214e-01  -5.009999999999999e-02
  5.015797274485636e-01   1.312166066922097e-01  -5.010000000000000e-02
  5.014334138323322e-01   1.311461500225706e-01  -5.009999999999999e-02
  5.012885663718815e-01   1.310761824970936e-01  -5.009999999999999e-02
  5.011454927144345e-01   1.310061442246353e-01  -5.010000000000000e-02
  5.010039822948506e-01   1.309365418979527e-01  -5.009999999999999e-02
  5.008642054620790e-01   1.308670945810089e-01  -5.010000000000000e-02
  5.007260871061350e-01   1.307980206028612e-01  -5.009999999999999e-02
  5.005896842851091e-01   1.307292622270728e-01  -5.009999999999999e-02
  5.004550192667697e-01   1.306608338961254e-01  -5.009999999999999e-02
  5.003220697091454e-01   1.305928279168700e-01  -5.010000000000000e-02
  5.001909140094336e-01   1.305251415988785e-01  -5.009999999999999e-02
  5.000614833856831e-01   1.304579490244460e-01  -5.009999999999999e-02
  4.999338570849423e-01   1.303911397476567e-01  -5.009999999999999e-02
  4.998079647600963e-01   1.303248815806585e-01  -5.009999999999999e-02
  4.996839022544710e-01   1.302590273586927e-01  -5.009999999999999e-02
  4.995616240045832e-01   1.301936891914300e-01  -5.009999999999999e-02
  4.994411215544684e-01   1.301289102501411e-01  -5.009999999999999e-02
  4.993224243584443e-01   1.300646552948377e-01  -5.009999999999999e-02
  4.992054752093178e-01   1.300010503801261e-01  -5.010000000000000e-02
  4.990904354615654e-01   1.299378129606626e-01  -5.010000000000001e-02
  4.989770497150954e-01   1.298754222067712e-01  -5.010000000000001e-02
  4.988656041621933e-01   1.298133681837647e-01  -5.010000000000001e-02
  4.987557862407777e-01   1.297522204426069e-01  -5.010000000000000e-02
  4.986478904115245e-01   1.296914558977249e-01  -5.009999999999999e-02
  4.985417016998006e-01   1.296314571112701e-01  -5.010000000000000e-02
  4.984372610836347e-01   1.295721508905095e-01  -5.010000000000000e-02
  4.983346306418908e-01   1.295134224824455e-01  -5.009999999999999e-02
  4.982336104796653e-01   1.294556155276174e-01  -5.009999999999999e-02
  4.981345099560267e-01   1.293981830837799e-01  -5.009999999999998e-02
  4.980370321226597e-01   1.293416283198570e-01  -5.009999999999999e-02
  4.979412586596114e-01   1.292857979831702e-01  -5.009999999999999e-02
  4.978472844390846e-01   1.292305136250134e-01  -5.009999999999999e-02
  4.977548788293852e-01   1.291761520693263e-01  -5.009999999999999e-02
  4.976642212346769e-01   1.291223906875992e-01  -5.009999999999999e-02
  4.975752109872040e-01   1.290693783024768e-01  -5.010000000000000e-02
  4.974877364924636e-01   1.290172805751340e-01  -5.010000000000000e-02
  4.974020462239800e-01   1.289656590043148e-01  -5.010000000000000e-02
  4.973179179852503e-01   1.289148584760824e-01  -5.009999999999999e-02
  4.972352860961850e-01   1.288649615131037e-01  -5.009999999999999e-02
  4.971543851086306e-01   1.288155542187255e-01  -5.009999999999999e-02
  4.970749904189435e-01   1.287669768741191e-01  -5.009999999999999e-02
  4.969970479545417e-01   1.287192880681342e-01  -5.009999999999999e-02
  4.969207256525829e-01   1.286721838242266e-01  -5.009999999999999e-02
  4.968458935361275e-01   1.286258431586905e-01  -5.009999999999999e-02
  4.967724659043850e-01   1.285803722367808e-01  -5.009999999999999e-02
  4.967006026910233e-01   1.285354821927131e-01  -5.009999999999999e-02
  4.966303846563146e-01   1.284910097982642e-01  -5.010000000000000e-02
  4.965615161531736e-01   1.284473921258315e-01  -5.010000000000001e-02
  4.964939811946447e-01   1.284046190501217e-01  -5.010000000000001e-02
  4.964277820274109e-01   1.283626510800598e-01  -5.010000000000001e-02
  4.963628871839545e-01   1.283215013880993e-01  -5.010000000000001e-02
  4.962992759799491e-01   1.282811656493774e-01  -5.010000000000001e-02
  4.962369315115137e-01   1.282416331451765e-01  -5.010000000000001e-02
  4.961760734377923e-01   1.282025222263468e-01  -5.010000000000001e-02
  4.961164447293856e-01   1.281641976096770e-01  -5.010000000000001e-02
  4.960580263689373e-01   1.281266509089268e-01  -5.010000000000000e-02
  4.960008009708538e-01   1.280898709500121e-01  -5.010000000000000e-02
  4.959449992843774e-01   1.280534637536274e-01  -5.009999999999999e-02
  4.958903977603529e-01   1.280177357170239e-01  -5.010000000000000e-02
  4.958369305745454e-01   1.279827499248551e-01  -5.009999999999999e-02
  4.957845802066754e-01   1.279484949128772e-01  -5.009999999999999e-02
  4.957333291235981e-01   1.279149592084282e-01  -5.009999999999999e-02
  4.956831597952890e-01   1.278821313408873e-01  -5.009999999999999e-02
  4.956340547100790e-01   1.278499998516452e-01  -5.010000000000000e-02
  4.955859963891548e-01   1.278185533035907e-01  -5.010000000000001e-02
  4.955389674003352e-01   1.277877802901265e-01  -5.010000000000000e-02
  4.954930501807224e-01   1.277575190459541e-01  -5.010000000000001e-02
  4.954484134653988e-01   1.277274779236979e-01  -5.010000000000001e-02
  4.954047458200496e-01   1.276980889988394e-01  -5.010000000000001e-02
  4.953620302695272e-01   1.276693408468712e-01  -5.010000000000001e-02
  4.953202499429943e-01   1.276412221134881e-01  -5.010000000000001e-02
  4.952793880836103e-01   1.276137215211063e-01  -5.010000000000000e-02
  4.952394475516931e-01   1.275867989477219e-01  -5.010000000000001e-02
  4.952004049556722e-01   1.275604535103055e-01  -5.010000000000000e-02
  4.951622306143596e-01   1.275346939599052e-01  -5.010000000000001e-02
  4.951249083253055e-01   1.275095093633178e-01  -5.010000000000001e-02
  4.950884220396840e-01   1.274848888910038e-01  -5.010000000000001e-02
  4.950527558686299e-01   1.274608218213633e-01  -5.010000000000000e-02
  4.950179093684750e-01   1.274372750378890e-01  -5.010000000000001e-02
  4.949839660188465e-01   1.274140921713526e-01  -5.010000000000001e-02
  4.949507931913040e-01   1.273914355613841e-01  -5.010000000000001e-02
  4.949183757483920e-01   1.273692948692983e-01  -5.010000000000001e-02
  4.948866987365586e-01   1.273476598820137e-01  -5.010000000000001e-02
  4.948557473897866e-01   1.273265205145324e-01  -5.010000000000000e-02
  4.948255071328394e-01   1.273058668121575e-01  -5.010000000000001e-02
  4.947959635841375e-01   1.272856889524569e-01  -5.010000000000000e-02
  4.947671864333541e-01   1.272658555448734e-01  -5.010000000000000e-02
  4.947391571926212e-01   1.272463635671245e-01  -5.009999999999999e-02
  4.947117789095603e-01   1.272273242756463e-01  -5.010000000000000e-02
  4.946850380778275e-01   1.272087282779134e-01  -5.010000000000000e-02
  4.946589213929638e-01   1.271905663217944e-01  -5.009999999999999e-02
  4.946334157533819e-01   1.271728292962382e-01  -5.009999999999999e-02
  4.946085082610930e-01   1.271555082317790e-01  -5.009999999999999e-02
  4.945841862221854e-01   1.271385943008698e-01  -5.009999999999999e-02
  4.945604371470704e-01   1.271220788180527e-01  -5.009999999999999e-02
  4.945372487505069e-01   1.271059532399768e-01  -5.009999999999999e-02
  4.945146089514179e-01   1.270902091652697e-01  -5.009999999999999e-02
  4.944925058725104e-01   1.270748383342738e-01  -5.009999999999999e-02
  4.944709278397104e-01   1.270598326286533e-01  -5.009999999999999e-02
  4.944498633814252e-01   1.270451840708811e-01  -5.009999999999999e-02
  4.944293012276420e-01   1.270308848236118e-01  -5.009999999999999e-02
  4.944092303088745e-01   1.270169271889493e-01  -5.009999999999999e-02
  4.943896397549676e-01   1.270033036076158e-01  -5.009999999999999e-02
  4.943705188937688e-01   1.269900066580274e-01  -5.009999999999999e-02
  4.943518572496769e-01   1.269770290552852e-01  -5.009999999999999e-02
  4.943336445420750e-01   1.269643636500855e-01  -5.009999999999999e-02
  4.943158706836588e-01   1.269520034275570e-01  -5.009999999999999e-02
  4.942985704970930e-01   1.269398780372570e-01  -5.009999999999999e-02
  4.942817908018378e-01   1.269279005028371e-01  -5.009999999999999e-02
  4.942654173021871e-01   1.269162129153895e-01  -5.009999999999999e-02
  4.942494407459991e-01   1.269048086706317e-01  -5.009999999999999e-02
  4.942338520631797e-01   1.268936812942289e-01  -5.009999999999999e-02
  4.942186423635512e-01   1.268828244402726e-01  -5.009999999999999e-02
  4.942038029346639e-01   1.268722318897189e-01  -5.009999999999999e-02
  4.941893252395598e-01   1.268618975487912e-01  -5.009999999999999e-02
  4.941752009144894e-01   1.268518154473517e-01  -5.009999999999999e-02
  4.941614217665914e-01   1.268419797372441e-01  -5.009999999999999e-02
  4.941479797715367e-01   1.268323846906124e-01  -5.009999999999999e-02
  4.941348670711431e-01   1.268230246981982e-01  -5.009999999999999e-02
  4.941220759709650e-01   1.268138942676201e-01  -5.009999999999999e-02
  4.941095989378627e-01   1.268049880216384e-01  -5.009999999999999e-02
  4.940974285975530e-01   1.267963006964073e-01  -5.009999999999999e-02
  4.940855577321485e-01   1.267878271397180e-01  -5.009999999999999e-02
  4.940739792776862e-01   1.267795623092343e-01  -5.009999999999999e-02
  4.940626876162765e-01   1.267714980875339e-01  -5.009999999999999e-02
  4.940516793418092e-01   1.267636290663202e-01  -5.009999999999999e-02
  4.940409418467938e-01   1.267559547976866e-01  -5.010000000000000e-02
  4.940304683357301e-01   1.267484723958201e-01  -5.009999999999999e-02
  4.940202516692254e-01   1.267411786302155e-01  -5.009999999999999e-02
  4.940102893970858e-01   1.267340735181469e-01  -5.009999999999999e-02
  4.940005608753922e-01   1.267271440184052e-01  -5.009999999999999e-02
  4.939910768970189e-01   1.267203994023849e-01  -5.009999999999999e-02
  4.939818152010913e-01   1.267138253324544e-01  -5.010000000000000e-02
  4.939727807759606e-01   1.267074267633843e-01  -5.009999999999999e-02
  4.939639637362164e-01   1.267011980064362e-01  -5.010000000000000e-02
  4.939553581601990e-01   1.266951361169124e-01  -5.009999999999999e-02
  4.939469583090782e-01   1.266892382107338e-01  -5.009999999999999e-02
  4.939387586246896e-01   1.266835014656995e-01  -5.010000000000000e-02
  4.939307537269669e-01   1.266779231222521e-01  -5.009999999999999e-02
  4.939229384110075e-01   1.266725004837747e-01  -5.009999999999999e-02
  4.939152980883253e-01   1.266672243343255e-01  -5.009999999999999e-02
  4.939078425496681e-01   1.266621022490010e-01  -5.009999999999999e-02
  4.939005605685145e-01   1.266571272190949e-01  -5.010000000000000e-02
  4.938934473256134e-01   1.266522966269068e-01  -5.009999999999999e-02
  4.938864981353056e-01   1.266476079054263e-01  -5.010000000000000e-02
  4.938797084428543e-01   1.266430585389799e-01  -5.009999999999999e-02
  4.938730738219006e-01   1.266386460638572e-01  -5.009999999999999e-02
  4.938665899720500e-01   1.266343680689127e-01  -5.010000000000001e-02
  4.938602527165900e-01   1.266302221961381e-01  -5.010000000000000e-02
  4.938540580003420e-01   1.266262061411990e-01  -5.009999999999999e-02
  4.938480018876467e-01   1.266223176539286e-01  -5.009999999999999e-02
  4.938420805604835e-01   1.266185545387678e-01  -5.009999999999999e-02
  4.938362903167211e-01   1.266149146551406e-01  -5.010000000000000e-02
  4.938306275684976e-01   1.266113959177525e-01  -5.010000000000000e-02
  4.938250888407249e-01   1.266079962967942e-01  -5.010000000000001e-02
  4.938196707697119e-01   1.266047138180362e-01  -5.010000000000000e-02
  4.938143701019001e-01   1.266015465627941e-01  -5.010000000000000e-02
  4.938091836927027e-01   1.265984926677446e-01  -5.010000000000000e-02
  4.938040986742496e-01   1.265955446710755e-01  -5.009999999999999e-02
  4.937991291880582e-01   1.265927107559750e-01  -5.010000000000000e-02
  4.937942646275508e-01   1.265899846934671e-01  -5.010000000000001e-02
  4.937895021908209e-01   1.265873648110042e-01  -5.010000000000001e-02
  4.937848391730646e-01   1.265848494886523e-01  -5.009999999999999e-02
  4.937802729660861e-01   1.265824371584786e-01  -5.010000000000000e-02
  4.937758010580026e-01   1.265801263037568e-01  -5.010000000000001e-02
  4.937714210331562e-01   1.265779154579601e-01  -5.010000000000001e-02
  4.937671305722323e-01   1.265758032035054e-01  -5.009999999999999e-02
  4.937629274525816e-01   1.265737881702088e-01  -5.010000000000000e-02
  4.937588095487421e-01   1.265718690334071e-01  -5.009999999999999e-02
  4.937547748331479e-01   1.265700445116957e-01  -5.009999999999999e-02
  4.937508213770059e-01   1.265683133642271e-01  -5.010000000000000e-02
  4.937469473513158e-01   1.265666743875129e-01  -5.009999999999999e-02
  4.937431510279987e-01   1.265651264116685e-01  -5.010000000000000e-02
  4.937394307810847e-01   1.265636682960356e-01  -5.010000000000000e-02
  4.937357850879056e-01   1.265622989241233e-01  -5.010000000000000e-02
  4.937322125302175e-01   1.265610171978080e-01  -5.010000000000000e-02
  4.937287117951696e-01   1.265598220307417e-01  -5.010000000000000e-02
  4.937252816760175e-01   1.265587123409284e-01  -5.010000000000001e-02
  4.937219203716213e-01   1.265576868352260e-01  -5.010000000000000e-02
  4.937186282361368e-01   1.265567448277639e-01  -5.010000000000000e-02
  4.937154037315876e-01   1.265558849925842e-01  -5.010000000000000e-02
  4.937122460734540e-01   1.265551061741741e-01  -5.010000000000001e-02
  4.937091545786281e-01   1.265544071718972e-01  -5.010000000000001e-02
  4.937061286618113e-01   1.265537867281021e-01  -5.010000000000000e-02
  4.937031678306874e-01   1.265532435159290e-01  -5.010000000000000e-02
  4.937002618772388e-01   1.265527746557702e-01  -5.010000000000001e-02
  4.936974289008351e-01   1.265523816621906e-01  -5.009999999999999e-02
  4.936946600090180e-01   1.265520614419428e-01  -5.010000000000000e-02
  4.936919550339258e-01   1.265518122781236e-01  -5.010000000000000e-02
  4.936893138593022e-01   1.265516323272319e-01  -5.010000000000001e-02
  4.936867364063537e-01   1.265515196115323e-01  -5.010000000000001e-02
  4.936842226182178e-01   1.265514720138485e-01  -5.010000000000001e-02
  4.936817724433557e-01   1.265514872752357e-01  -5.010000000000000e-02
  4.936793858182850e-01   1.265515629959027e-01  -5.010000000000000e-02
  4.936770626501454e-01   1.265516966396467e-01  -5.010000000000000e-02
  4.936748027996546e-01   1.265518855419199e-01  -5.010000000000000e-02
  4.936726060650337e-01   1.265521269214849e-01  -5.009999999999999e-02
  4.936704721674771e-01   1.265524178954424e-01  -5.010000000000000e-02
  4.936684007386862e-01   1.265527554972415e-01  -5.009999999999999e-02
  4.936663913109078e-01   1.265531366971347e-01  -5.010000000000001e-02
  4.936644433097890e-01   1.265535584244170e-01  -5.010000000000000e-02
  4.936625560502356e-01   1.265540175907118e-01  -5.010000000000000e-02
  4.936607287353007e-01   1.265545111135377e-01  -5.010000000000000e-02
  4.936589604579950e-01   1.265550359394090e-01  -5.010000000000001e-02
  4.936572582169592e-01   1.265555863684648e-01  -5.010000000000000e-02
  4.936556029817813e-01   1.265561653411372e-01  -5.009999999999999e-02
  4.936540034719653e-01   1.265567669367893e-01  -5.010000000000000e-02
  4.936524584557748e-01   1.265573883954830e-01  -5.010000000000000e-02
  4.936509666294122e-01   1.265580270710618e-01  -5.010000000000001e-02
  4.936495266273104e-01   1.265586804425199e-01  -5.010000000000000e-02
  4.936481370329308e-01   1.265593461227314e-01  -5.009999999999999e-02
  4.936468000000000e-01   1.265600200000000e-01  -5.010000000000000e-02
