366
  4.766263811800402e-01   1.104155937122767e-01  -5.009999999999999e-02
  4.766245585557730e-01   1.104164229996504e-01  -5.009999999999999e-02
  4.766226995880668e-01   1.104173420218743e-01  -5.009999999999999e-02
  4.766207760481630e-01   1.104182973320571e-01  -5.009999999999999e-02
  4.766188995473725e-01   1.104194901814730e-01  -5.009999999999999e-02
  4.766169663323059e-01   1.104207424934036e-01  -5.009999999999999e-02
  4.766150100867749e-01   1.104221076723757e-01  -5.009999999999999e-02
  4.766130123488434e-01   1.104235609555327e-01  -5.009999999999999e-02
  4.766109877670349e-01   1.104251247201846e-01  -5.009999999999999e-02
  4.766089233048883e-01   1.104267855778073e-01  -5.009999999999999e-02
  4.766068620286558e-01   1.104285962937153e-01  -5.009999999999999e-02
  4.766047684703388e-01   1.104305167963067e-01  -5.009999999999999e-02
  4.766026679567544e-01   1.104325777756274e-01  -5.009999999999999e-02
  4.766005716369539e-01   1.104347893354918e-01  -5.009999999999999e-02
  4.765984686153765e-01   1.104371423109364e-01  -5.009999999999998e-02
  4.765963903999788e-01   1.104396643301112e-01  -5.009999999999998e-02
  4.765943352690056e-01   1.104423521005931e-01  -5.009999999999998e-02
  4.765923055312856e-01   1.104452083522751e-01  -5.009999999999998e-02
  4.765903070039025e-01   1.104482378694574e-01  -5.009999999999998e-02
  4.765883643840629e-01   1.104514552450891e-01  -5.009999999999998e-02
  4.765864293008326e-01   1.104548315545579e-01  -5.009999999999998e-02
  4.765845221587386e-01   1.104583817301433e-01  -5.009999999999998e-02
  4.765826374884369e-01   1.104621052838520e-01  -5.009999999999998e-02
  4.765807937116398e-01   1.104660126990799e-01  -5.009999999999998e-02
  4.765789632466871e-01   1.104700961711508e-01  -5.009999999999998e-02
  4.765772587188136e-01   1.104744048379640e-01  -5.009999999999998e-02
  4.765755757496780e-01   1.104788976179054e-01  -5.009999999999998e-02
  4.765739774002351e-01   1.104836017768668e-01  -5.009999999999998e-02
  4.765724002387431e-01   1.104884985079375e-01  -5.009999999999998e-02
  4.765708824162626e-01   1.104936042023403e-01  -5.009999999999998e-02
  4.765694220290893e-01   1.104989229459259e-01  -5.009999999999998e-02
  4.765680112568423e-01   1.105044569123591e-01  -5.009999999999998e-02
  4.765666839120022e-01   1.105102191161233e-01  -5.009999999999998e-02
  4.765654572157693e-01   1.105162174243543e-01  -5.009999999999998e-02
  4.765643026166393e-01   1.105224506768712e-01  -5.009999999999998e-02
  4.765632104216562e-01   1.105289227221682e-01  -5.009999999999998e-02
  4.765621879454047e-01   1.105356409876338e-01  -5.009999999999998e-02
  4.765612401248759e-01   1.105426126727465e-01  -5.009999999999998e-02
  4.765603795715931e-01   1.105498460083657e-01  -5.009999999999998e-02
  4.765596183261831e-01   1.105573490476788e-01  -5.009999999999998e-02
  4.765589569143174e-01   1.105651288077393e-01  -5.009999999999998e-02
  4.765583847944585e-01   1.105731919535325e-01  -5.009999999999998e-02
  4.765578952658653e-01   1.105815461393079e-01  -5.009999999999998e-02
  4.765574939960187e-01   1.105902003789583e-01  -5.009999999999998e-02
  4.765571907795038e-01   1.105991640726093e-01  -5.009999999999998e-02
  4.765570262912794e-01   1.106084473384346e-01  -5.009999999999998e-02
  4.765569833250579e-01   1.106180586456658e-01  -5.009999999999998e-02
  4.765570656594759e-01   1.106280076222028e-01  -5.009999999999998e-02
  4.765572426282816e-01   1.106383052554199e-01  -5.009999999999998e-02
  4.765575174055147e-01   1.106489625801299e-01  -5.009999999999998e-02
  4.765579217418730e-01   1.106599901999406e-01  -5.009999999999998e-02
  4.765584985367381e-01   1.106713980898522e-01  -5.009999999999998e-02
  4.765592208324516e-01   1.106831989261471e-01  -5.009999999999998e-02
  4.765600731948635e-01   1.106954062038551e-01  -5.009999999999998e-02
  4.765610639002021e-01   1.107080327055838e-01  -5.009999999999998e-02
  4.765622032352036e-01   1.107210914443191e-01  -5.009999999999998e-02
  4.765635010421224e-01   1.107345958851718e-01  -5.009999999999998e-02
  4.765649880571271e-01   1.107485574434248e-01  -5.009999999999998e-02
  4.765666482038107e-01   1.107629926397412e-01  -5.009999999999998e-02
  4.765684797386086e-01   1.107779175095166e-01  -5.009999999999998e-02
  4.765704917655366e-01   1.107933474907328e-01  -5.009999999999998e-02
  4.765726934427803e-01   1.108092985298695e-01  -5.009999999999998e-02
  4.765751709566399e-01   1.108257753570987e-01  -5.009999999999998e-02
  4.765778095075625e-01   1.108428128879590e-01  -5.009999999999998e-02
  4.765806459474971e-01   1.108604245218544e-01  -5.009999999999998e-02
  4.765837107232647e-01   1.108786251903750e-01  -5.009999999999998e-02
  4.765870607794799e-01   1.108974249260254e-01  -5.009999999999998e-02
  4.765906466338202e-01   1.109168527899065e-01  -5.009999999999998e-02
  4.765944675701317e-01   1.109369306168127e-01  -5.009999999999998e-02
  4.765985366447498e-01   1.109576785177121e-01  -5.009999999999999e-02
  4.766029058174198e-01   1.109791091759774e-01  -5.009999999999999e-02
  4.766075750626643e-01   1.110012458064579e-01  -5.009999999999999e-02
  4.766125370098324e-01   1.110241144137586e-01  -5.009999999999999e-02
  4.766178037425793e-01   1.110477379850185e-01  -5.009999999999999e-02
  4.766234263975016e-01   1.110721309137961e-01  -5.009999999999999e-02
  4.766293978706970e-01   1.110973212062451e-01  -5.009999999999999e-02
  4.766357083004519e-01   1.111233390872586e-01  -5.009999999999998e-02
  4.766423694869949e-01   1.111502107011530e-01  -5.009999999999999e-02
  4.766494820144512e-01   1.111779399734756e-01  -5.009999999999999e-02
  4.766569453566815e-01   1.112065826882654e-01  -5.009999999999999e-02
  4.766647979496052e-01   1.112361604627618e-01  -5.009999999999999e-02
  4.766731354135220e-01   1.112666803135589e-01  -5.009999999999999e-02
  4.766819501126473e-01   1.112981765978217e-01  -5.009999999999999e-02
  4.766912066470667e-01   1.113306933224042e-01  -5.009999999999999e-02
  4.767009225173902e-01   1.113642612253554e-01  -5.009999999999998e-02
  4.767112098652951e-01   1.113988835611501e-01  -5.009999999999998e-02
  4.767220259404076e-01   1.114346094310937e-01  -5.009999999999998e-02
  4.767333719977371e-01   1.114714770442968e-01  -5.009999999999998e-02
  4.767453194737828e-01   1.115095037456875e-01  -5.009999999999999e-02
  4.767579164433663e-01   1.115487137791865e-01  -5.009999999999999e-02
  4.767711211199336e-01   1.115891616714270e-01  -5.009999999999999e-02
  4.767849687287278e-01   1.116308789964967e-01  -5.009999999999999e-02
  4.767996057082982e-01   1.116738594227916e-01  -5.009999999999998e-02
  4.768148883391793e-01   1.117181958276404e-01  -5.009999999999998e-02
  4.768308340459645e-01   1.117639288937093e-01  -5.009999999999998e-02
  4.768475569546602e-01   1.118110656930963e-01  -5.009999999999998e-02
  4.768650930496504e-01   1.118596405375443e-01  -5.009999999999998e-02
  4.768834125239115e-01   1.119097139377798e-01  -5.009999999999998e-02
  4.769025992749099e-01   1.119613052833601e-01  -5.009999999999999e-02
  4.769226670499772e-01   1.120144600899850e-01  -5.009999999999999e-02
  4.769435769007449e-01   1.120692459611203e-01  -5.009999999999998e-02
  4.769654363960331e-01   1.121256758064936e-01  -5.009999999999999e-02
  4.769883007116256e-01   1.121837819834249e-01  -5.009999999999999e-02
  4.770120951738837e-01   1.122436498168532e-01  -5.009999999999999e-02
  4.770369142909857e-01   1.123052991653993e-01  -5.009999999999999e-02
  4.770628430931967e-01   1.123687527807419e-01  -5.009999999999998e-02
  4.770897995252025e-01   1.124341030568947e-01  -5.009999999999998e-02
  4.771178901457471e-01   1.125013665975229e-01  -5.009999999999998e-02
  4.771472220141063e-01   1.125705583137720e-01  -5.009999999999998e-02
  4.771776971235412e-01   1.126417811984436e-01  -5.009999999999998e-02
  4.772094468543143e-01   1.127150422177460e-01  -5.009999999999998e-02
  4.772423740647764e-01   1.127904463986036e-01  -5.009999999999998e-02
  4.772765309803302e-01   1.128680351521372e-01  -5.009999999999998e-02
  4.773121605266528e-01   1.129477668775724e-01  -5.009999999999998e-02
  4.773491645174679e-01   1.130297492394827e-01  -5.009999999999998e-02
  4.773874617553401e-01   1.131140853927695e-01  -5.009999999999998e-02
  4.774272212852030e-01   1.132007654472608e-01  -5.009999999999997e-02
  4.774684651719400e-01   1.132898453303685e-01  -5.009999999999997e-02
  4.775111248635230e-01   1.133814244968095e-01  -5.009999999999997e-02
  4.775554608505744e-01   1.134754484607620e-01  -5.009999999999998e-02
  4.776013717352607e-01   1.135720310263128e-01  -5.009999999999998e-02
  4.776488252990451e-01   1.136712557855010e-01  -5.009999999999998e-02
  4.776980995283479e-01   1.137730556784513e-01  -5.009999999999998e-02
  4.777489627602073e-01   1.138776086239595e-01  -5.009999999999999e-02
  4.778015389015600e-01   1.139849214350246e-01  -5.009999999999999e-02
  4.778559797724230e-01   1.140949841526866e-01  -5.009999999999999e-02
  4.779121123749862e-01   1.142079470123220e-01  -5.009999999999999e-02
  4.779701868453259e-01   1.143237494055836e-01  -5.009999999999999e-02
  4.780301670346990e-01   1.144424705885896e-01  -5.010000000000000e-02
  4.780919839741151e-01   1.145642074063313e-01  -5.009999999999999e-02
  4.781558767391364e-01   1.146888970352746e-01  -5.009999999999999e-02
  4.782216485618757e-01   1.148166973430095e-01  -5.009999999999999e-02
  4.782895583888114e-01   1.149475313212893e-01  -5.009999999999999e-02
  4.783595498094466e-01   1.150814802987462e-01  -5.009999999999999e-02
  4.784315168624849e-01   1.152186513562114e-01  -5.010000000000000e-02
  4.785057811340645e-01   1.153589233878411e-01  -5.010000000000000e-02
  4.785821406712058e-01   1.155024476692844e-01  -5.010000000000001e-02
  4.786606195528007e-01   1.156492544509787e-01  -5.010000000000001e-02
  4.787414796998920e-01   1.157992416822111e-01  -5.010000000000000e-02
  4.788245616205805e-01   1.159525293971792e-01  -5.010000000000000e-02
  4.789099005365902e-01   1.161091299653215e-01  -5.010000000000000e-02
  4.789976332070290e-01   1.162689956009159e-01  -5.009999999999999e-02
  4.790878533597250e-01   1.164320958257988e-01  -5.009999999999999e-02
  4.791804336708141e-01   1.165985180062528e-01  -5.009999999999999e-02
  4.792754049014644e-01   1.167682576836036e-01  -5.010000000000000e-02
  4.793728000702577e-01   1.169413036281052e-01  -5.009999999999999e-02
  4.794727271186921e-01   1.171175961907484e-01  -5.009999999999999e-02
  4.795751859145274e-01   1.172971303480931e-01  -5.009999999999999e-02
  4.796801588548506e-01   1.174799054377059e-01  -5.010000000000001e-02
  4.797877305670995e-01   1.176658556240868e-01  -5.010000000000001e-02
  4.798978818279253e-01   1.178549685461175e-01  -5.010000000000001e-02
  4.800105403422668e-01   1.180472558879574e-01  -5.010000000000001e-02
  4.801257890375383e-01   1.182426316008077e-01  -5.010000000000002e-02
  4.802438217197175e-01   1.184409362879989e-01  -5.010000000000002e-02
  4.803644411559995e-01   1.186422341887230e-01  -5.010000000000001e-02
  4.804876253357658e-01   1.188464789139110e-01  -5.010000000000001e-02
  4.806134991041365e-01   1.190535274375926e-01  -5.010000000000000e-02
  4.807421864531438e-01   1.192632276702390e-01  -5.010000000000001e-02
  4.808734340242732e-01   1.194756506324088e-01  -5.009999999999999e-02
  4.810072743062431e-01   1.196906846207439e-01  -5.009999999999999e-02
  4.811439509878095e-01   1.199080770408007e-01  -5.009999999999999e-02
  4.812832559126644e-01   1.201278489074764e-01  -5.009999999999999e-02
  4.814251039191188e-01   1.203499373579999e-01  -5.010000000000000e-02
  4.815695878242047e-01   1.205741577620202e-01  -5.010000000000000e-02
  4.817167663740413e-01   1.208003378441614e-01  -5.009999999999999e-02
  4.818665614876346e-01   1.210283853436560e-01  -5.009999999999999e-02
  4.820189093316479e-01   1.212581913407793e-01  -5.009999999999999e-02
  4.821737808164359e-01   1.214896164241849e-01  -5.009999999999999e-02
  4.823311761987690e-01   1.217224934188758e-01  -5.009999999999998e-02
  4.824911144959970e-01   1.219566338159200e-01  -5.009999999999999e-02
  4.826535206673924e-01   1.221919054043628e-01  -5.009999999999999e-02
  4.828183370724764e-01   1.224281577630737e-01  -5.009999999999999e-02
  4.829854618569973e-01   1.226652648538142e-01  -5.009999999999999e-02
  4.831548440188011e-01   1.229030590691158e-01  -5.009999999999999e-02
  4.833265463044203e-01   1.231412843285095e-01  -5.009999999999999e-02
  4.835004494184833e-01   1.233798084485500e-01  -5.009999999999999e-02
  4.836764216715952e-01   1.236185045269819e-01  -5.009999999999999e-02
  4.838543906937276e-01   1.238571983600354e-01  -5.010000000000000e-02
  4.840342799979815e-01   1.240957145190682e-01  -5.010000000000001e-02
  4.842162591215486e-01   1.243336850921507e-01  -5.010000000000000e-02
  4.844000114405330e-01   1.245711078840104e-01  -5.010000000000001e-02
  4.845854143204583e-01   1.248078328646343e-01  -5.010000000000001e-02
  4.847723902437995e-01   1.250436731491594e-01  -5.010000000000000e-02
  4.849609635373918e-01   1.252783574116491e-01  -5.009999999999999e-02
  4.851510007058136e-01   1.255117378913725e-01  -5.009999999999999e-02
  4.853423033484347e-01   1.257437210097122e-01  -5.009999999999999e-02
  4.855347584875286e-01   1.259741454656298e-01  -5.010000000000001e-02
  4.857282978999244e-01   1.262028128657270e-01  -5.010000000000000e-02
  4.859229449330083e-01   1.264294458057291e-01  -5.010000000000001e-02
  4.861184002093140e-01   1.266540448968278e-01  -5.010000000000001e-02
  4.863145368406675e-01   1.268764684645721e-01  -5.010000000000001e-02
  4.865112393164920e-01   1.270965684624049e-01  -5.010000000000000e-02
  4.867084894114557e-01   1.273141118942166e-01  -5.010000000000000e-02
  4.869061599734360e-01   1.275289664484902e-01  -5.010000000000001e-02
  4.871040170209288e-01   1.277411048427615e-01  -5.010000000000001e-02
  4.873019309817604e-01   1.279504116024319e-01  -5.010000000000001e-02
  4.874997817962201e-01   1.281567687257528e-01  -5.010000000000001e-02
  4.876974397435958e-01   1.283600742906002e-01  -5.010000000000001e-02
  4.878949266213155e-01   1.285600836269391e-01  -5.010000000000001e-02
  4.880919646722172e-01   1.287568535385447e-01  -5.010000000000001e-02
  4.882884201412685e-01   1.289503101242520e-01  -5.010000000000001e-02
  4.884841734879626e-01   1.291403742674137e-01  -5.010000000000001e-02
  4.886790965066323e-01   1.293269848874715e-01  -5.010000000000001e-02
  4.888730678355249e-01   1.295100835463040e-01  -5.010000000000001e-02
  4.890659713441530e-01   1.296896161646823e-01  -5.010000000000001e-02
  4.892576946494926e-01   1.298655347404790e-01  -5.010000000000001e-02
  4.894481205789169e-01   1.300378069269541e-01  -5.010000000000001e-02
  4.896371471602661e-01   1.302063942137230e-01  -5.010000000000001e-02
  4.898246815667777e-01   1.303712582543544e-01  -5.010000000000001e-02
  4.900105928730512e-01   1.305324150816592e-01  -5.009999999999999e-02
  4.901947781542091e-01   1.306898604504601e-01  -5.009999999999999e-02
  4.903771420845169e-01   1.308435925805624e-01  -5.009999999999999e-02
  4.905575888683253e-01   1.309936215880915e-01  -5.010000000000000e-02
  4.907360255577188e-01   1.311399656892001e-01  -5.010000000000000e-02
  4.909123699464592e-01   1.312826414337885e-01  -5.010000000000001e-02
  4.910865365075608e-01   1.314216808498606e-01  -5.010000000000001e-02
  4.912584440199710e-01   1.315571220656547e-01  -5.010000000000001e-02
  4.914280183438790e-01   1.316890055921706e-01  -5.010000000000001e-02
  4.915951907381710e-01   1.318173761908481e-01  -5.010000000000001e-02
  4.917598960725261e-01   1.319422849582960e-01  -5.010000000000000e-02
  4.919221019919445e-01   1.320637498600484e-01  -5.009999999999999e-02
  4.920818908771105e-01   1.321816404432432e-01  -5.009999999999999e-02
  4.922390544611462e-01   1.322962283082278e-01  -5.010000000000000e-02
  4.923935435260711e-01   1.324075844268195e-01  -5.010000000000000e-02
  4.925453131478328e-01   1.325157839269420e-01  -5.009999999999999e-02
  4.926944657988962e-01   1.326207007015161e-01  -5.010000000000000e-02
  4.928409640390681e-01   1.327224088344189e-01  -5.009999999999999e-02
  4.929846474784505e-01   1.328211735217351e-01  -5.009999999999999e-02
  4.931254870920426e-01   1.329170835315074e-01  -5.009999999999999e-02
  4.932637863278943e-01   1.330097361335749e-01  -5.009999999999999e-02
  4.933992117161303e-01   1.330996787341846e-01  -5.009999999999999e-02
  4.935317469219934e-01   1.331870048133223e-01  -5.009999999999999e-02
  4.936617455706881e-01   1.332712397267007e-01  -5.009999999999999e-02
  4.937888362855795e-01   1.333530250482089e-01  -5.009999999999999e-02
  4.939131645455516e-01   1.334322194813421e-01  -5.010000000000000e-02
  4.940348364195081e-01   1.335087353861922e-01  -5.010000000000000e-02
  4.941535977029384e-01   1.335830693494319e-01  -5.010000000000000e-02
  4.942698797808647e-01   1.336546211848088e-01  -5.010000000000001e-02
  4.943832769035503e-01   1.337241435621070e-01  -5.010000000000001e-02
  4.944941458841077e-01   1.337911577959718e-01  -5.010000000000001e-02
  4.946022542853321e-01   1.338561493082267e-01  -5.010000000000001e-02
  4.947078390469937e-01   1.339188351694089e-01  -5.010000000000000e-02
  4.948107380269556e-01   1.339795961985830e-01  -5.009999999999999e-02
  4.949111800693319e-01   1.340381611739419e-01  -5.009999999999999e-02
  4.950089650661682e-01   1.340949867297510e-01  -5.009999999999999e-02
  4.951044183948927e-01   1.341496315427455e-01  -5.010000000000000e-02
  4.951972260637950e-01   1.342027617769593e-01  -5.010000000000001e-02
  4.952878220151704e-01   1.342537374174097e-01  -5.010000000000001e-02
  4.953758957181332e-01   1.343032313551512e-01  -5.010000000000001e-02
  4.954616733742917e-01   1.343509637273575e-01  -5.010000000000000e-02
  4.955451797261697e-01   1.343970174053601e-01  -5.009999999999999e-02
  4.956262874129422e-01   1.344417482217129e-01  -5.009999999999999e-02
  4.957053768146845e-01   1.344845883292152e-01  -5.009999999999999e-02
  4.957821851873824e-01   1.345261465593931e-01  -5.009999999999999e-02
  4.958567923076615e-01   1.345664022960177e-01  -5.009999999999998e-02
  4.959294716089517e-01   1.346049732995402e-01  -5.009999999999998e-02
  4.960000000000000e-01   1.346424028120875e-01  -5.009999999999998e-02
  4.960672512057822e-01   1.346780403740988e-01  -5.009999999999999e-02
  4.961327478860984e-01   1.347121234518426e-01  -5.009999999999999e-02
  4.961962759210536e-01   1.347451820884612e-01  -5.009999999999999e-02
  4.962578852695113e-01   1.347772422814830e-01  -5.010000000000000e-02
  4.963177859018317e-01   1.348080178168614e-01  -5.010000000000000e-02
  4.963759470364251e-01   1.348376879962261e-01  -5.009999999999999e-02
  4.964323277816248e-01   1.348664499320873e-01  -5.009999999999999e-02
  4.964869754150823e-01   1.348943277425508e-01  -5.009999999999999e-02
  4.965401117227142e-01   1.349209980605917e-01  -5.009999999999999e-02
  4.965916418284670e-01   1.349467624989409e-01  -5.009999999999999e-02
  4.966415693256022e-01   1.349717256520935e-01  -5.010000000000000e-02
  4.966899384180735e-01   1.349959096214990e-01  -5.010000000000000e-02
  4.967368771319711e-01   1.350191649840337e-01  -5.009999999999999e-02
  4.967824428018122e-01   1.350414829921612e-01  -5.010000000000000e-02
  4.968265717272774e-01   1.350630972846895e-01  -5.009999999999999e-02
  4.968693048261115e-01   1.350840279030787e-01  -5.009999999999999e-02
  4.969106821379608e-01   1.351042944586976e-01  -5.009999999999999e-02
  4.969507811543444e-01   1.351238400510219e-01  -5.009999999999999e-02
  4.969897055110846e-01   1.351425400881983e-01  -5.009999999999999e-02
  4.970274505005610e-01   1.351605061496498e-01  -5.010000000000000e-02
  4.970640458421464e-01   1.351777665215148e-01  -5.010000000000000e-02
  4.970995173247498e-01   1.351943466675370e-01  -5.009999999999999e-02
  4.971339082756783e-01   1.352102792739471e-01  -5.009999999999999e-02
  4.971672351442875e-01   1.352255836431414e-01  -5.009999999999999e-02
  4.971995307911266e-01   1.352402859071502e-01  -5.010000000000000e-02
  4.972308238241541e-01   1.352544094609825e-01  -5.009999999999999e-02
  4.972611420941988e-01   1.352679766462786e-01  -5.009999999999999e-02
  4.972905128783848e-01   1.352810088850522e-01  -5.009999999999999e-02
  4.973189628637656e-01   1.352935267178474e-01  -5.009999999999999e-02
  4.973465181340632e-01   1.353055498401593e-01  -5.009999999999999e-02
  4.973732041593901e-01   1.353170971372991e-01  -5.009999999999999e-02
  4.973990556734630e-01   1.353281909420905e-01  -5.009999999999999e-02
  4.974240825761881e-01   1.353388424435606e-01  -5.009999999999999e-02
  4.974483149978565e-01   1.353490710866161e-01  -5.010000000000000e-02
  4.974717764221274e-01   1.353588930321042e-01  -5.009999999999999e-02
  4.974944897696977e-01   1.353683238051630e-01  -5.009999999999999e-02
  4.975164774010474e-01   1.353773783214513e-01  -5.010000000000000e-02
  4.975377611200720e-01   1.353860709120824e-01  -5.009999999999999e-02
  4.975583621784879e-01   1.353944153473362e-01  -5.010000000000000e-02
  4.975783012809047e-01   1.354024248592201e-01  -5.009999999999999e-02
  4.975975985904663e-01   1.354101121629433e-01  -5.009999999999999e-02
  4.976162737349791e-01   1.354174894773651e-01  -5.009999999999999e-02
  4.976343458134472e-01   1.354245685444749e-01  -5.010000000000000e-02
  4.976518334029504e-01   1.354313606479601e-01  -5.009999999999999e-02
  4.976687545658065e-01   1.354378766309113e-01  -5.009999999999999e-02
  4.976851268569646e-01   1.354441269127167e-01  -5.009999999999999e-02
  4.977009673315903e-01   1.354501215051918e-01  -5.009999999999999e-02
  4.977162925528054e-01   1.354558700279909e-01  -5.009999999999999e-02
  4.977311276357419e-01   1.354613850673698e-01  -5.009999999999999e-02
  4.977454729593921e-01   1.354666698283560e-01  -5.009999999999999e-02
  4.977593505776033e-01   1.354717354162780e-01  -5.010000000000000e-02
  4.977727753109886e-01   1.354765900682491e-01  -5.009999999999999e-02
  4.977857615488412e-01   1.354812417021297e-01  -5.010000000000000e-02
  4.977983232588419e-01   1.354856979285779e-01  -5.010000000000000e-02
  4.978104739967333e-01   1.354899660625705e-01  -5.009999999999999e-02
  4.978222269159377e-01   1.354940531344127e-01  -5.009999999999999e-02
  4.978335947770879e-01   1.354979659002566e-01  -5.009999999999999e-02
  4.978445899574511e-01   1.355017108521452e-01  -5.010000000000000e-02
  4.978552244602182e-01   1.355052942275967e-01  -5.009999999999999e-02
  4.978655099236401e-01   1.355087220187435e-01  -5.010000000000000e-02
  4.978754576299827e-01   1.355119999810402e-01  -5.009999999999999e-02
  4.978850785142848e-01   1.355151336415491e-01  -5.010000000000000e-02
  4.978943831728929e-01   1.355181283068168e-01  -5.010000000000000e-02
  4.979033818717533e-01   1.355209890703492e-01  -5.009999999999999e-02
  4.979120845544389e-01   1.355237208196933e-01  -5.009999999999999e-02
  4.979205008498897e-01   1.355263282431334e-01  -5.010000000000001e-02
  4.979286400798446e-01   1.355288158360083e-01  -5.009999999999999e-02
  4.979365112659432e-01   1.355311879066541e-01  -5.009999999999999e-02
  4.979441231364731e-01   1.355334485819772e-01  -5.009999999999999e-02
  4.979514841327430e-01   1.355356018126626e-01  -5.010000000000000e-02
  4.979586024150552e-01   1.355376513780190e-01  -5.009999999999999e-02
  4.979654973825396e-01   1.355396041236731e-01  -5.010000000000001e-02
  4.979721567456117e-01   1.355414578382394e-01  -5.010000000000000e-02
  4.979785969865757e-01   1.355432184082558e-01  -5.010000000000000e-02
  4.979848253447714e-01   1.355448889959142e-01  -5.009999999999999e-02
  4.979908488274334e-01   1.355464726133846e-01  -5.009999999999999e-02
  4.979966742161647e-01   1.355479721252536e-01  -5.010000000000000e-02
  4.980023080731121e-01   1.355493902504104e-01  -5.009999999999999e-02
  4.980077567468033e-01   1.355507295633223e-01  -5.010000000000000e-02
  4.980130263775929e-01   1.355519924946252e-01  -5.010000000000001e-02
  4.980181229026514e-01   1.355531813309365e-01  -5.010000000000001e-02
  4.980230520604069e-01   1.355542982137761e-01  -5.009999999999999e-02
  4.980278193943247e-01   1.355553451374555e-01  -5.009999999999999e-02
  4.980324302558704e-01   1.355563239457568e-01  -5.010000000000000e-02
  4.980368898064573e-01   1.355572363271860e-01  -5.010000000000001e-02
  4.980412030181165e-01   1.355580838085258e-01  -5.010000000000000e-02
  4.980453746725385e-01   1.355588677463515e-01  -5.010000000000000e-02
  4.980494093580341e-01   1.355595893160824e-01  -5.009999999999999e-02
  4.980533114638058e-01   1.355602494980387e-01  -5.009999999999999e-02
  4.980570851707324e-01   1.355608490598317e-01  -5.010000000000000e-02
  4.980607474337905e-01   1.355613903794399e-01  -5.009999999999999e-02
  4.980642806134881e-01   1.355618704767764e-01  -5.009999999999999e-02
  4.980676980793054e-01   1.355622907733112e-01  -5.009999999999999e-02
  4.980710034673673e-01   1.355626508639369e-01  -5.009999999999999e-02
  4.980742002011641e-01   1.355629499112548e-01  -5.010000000000000e-02
  4.980772914592413e-01   1.355631865528189e-01  -5.010000000000000e-02
  4.980802801241954e-01   1.355633587763001e-01  -5.009999999999999e-02
  4.980831687018279e-01   1.355634637493778e-01  -5.009999999999999e-02
  4.980859591916773e-01   1.355634975849014e-01  -5.010000000000001e-02
  4.980886528767322e-01   1.355634550124910e-01  -5.010000000000000e-02
  4.980912499762289e-01   1.355633289139739e-01  -5.010000000000000e-02
  4.980937606221957e-01   1.355631083859334e-01  -5.010000000000000e-02
  4.980961652317837e-01   1.355627810242885e-01  -5.009999999999999e-02
  4.980984638880410e-01   1.355623272561529e-01  -5.010000000000000e-02
  4.981006426699824e-01   1.355617201181916e-01  -5.010000000000001e-02
  4.981026741923422e-01   1.355609218604697e-01  -5.010000000000000e-02
  4.981045054853811e-01   1.355598828794217e-01  -5.010000000000001e-02
  4.981060403175581e-01   1.355585525906633e-01  -5.010000000000000e-02
  4.981071396129490e-01   1.355569226742370e-01  -5.010000000000000e-02
