668
  4.933957611600000e-01   1.265197964050000e-01  -5.010000000000000e-02
  4.933945661500713e-01   1.265207030202824e-01  -5.009999999999999e-02
  4.933933496975600e-01   1.265216259033569e-01  -5.010000000000000e-02
  4.933921114197945e-01   1.265225653445441e-01  -5.010000000000000e-02
  4.933908509273496e-01   1.265235216392882e-01  -5.009999999999999e-02
  4.933895678239298e-01   1.265244950882457e-01  -5.010000000000000e-02
  4.933882617062512e-01   1.265254859973750e-01  -5.010000000000000e-02
  4.933869321639210e-01   1.265264946780279e-01  -5.010000000000000e-02
  4.933855787793156e-01   1.265275214470420e-01  -5.010000000000000e-02
  4.933842011274557e-01   1.265285666268351e-01  -5.010000000000000e-02
  4.933827987758806e-01   1.265296305455012e-01  -5.010000000000000e-02
  4.933813712845199e-01   1.265307135369074e-01  -5.010000000000000e-02
  4.933801708499361e-01   1.265320732943090e-01  -5.010000000000000e-02
  4.933790215661270e-01   1.265335314428092e-01  -5.010000000000000e-02
  4.933778516862969e-01   1.265350157224154e-01  -5.010000000000000e-02
  4.933766608438280e-01   1.265365265982723e-01  -5.010000000000000e-02
  4.933754486656666e-01   1.265380645436902e-01  -5.010000000000000e-02
  4.933742147722130e-01   1.265396300402843e-01  -5.010000000000000e-02
  4.933729587772103e-01   1.265412235781162e-01  -5.010000000000000e-02
  4.933716802876314e-01   1.265428456558374e-01  -5.010000000000001e-02
  4.933703789035632e-01   1.265444967808356e-01  -5.010000000000000e-02
  4.933690542180905e-01   1.265461774693826e-01  -5.010000000000000e-02
  4.933677058171769e-01   1.265478882467852e-01  -5.010000000000000e-02
  4.933666228583514e-01   1.265498199665341e-01  -5.010000000000000e-02
  4.933655499622289e-01   1.265518056119680e-01  -5.010000000000000e-02
  4.933644578663738e-01   1.265538267910016e-01  -5.010000000000000e-02
  4.933633462300145e-01   1.265558841343124e-01  -5.010000000000001e-02
  4.933622147064333e-01   1.265579782835831e-01  -5.010000000000000e-02
  4.933610629428655e-01   1.265601098916869e-01  -5.010000000000000e-02
  4.933598905803989e-01   1.265622796228751e-01  -5.010000000000001e-02
  4.933586972538699e-01   1.265644881529683e-01  -5.010000000000000e-02
  4.933574825917589e-01   1.265667361695505e-01  -5.010000000000000e-02
  4.933562462160843e-01   1.265690243721654e-01  -5.010000000000000e-02
  4.933550627265547e-01   1.265713884416872e-01  -5.010000000000000e-02
  4.933540698467197e-01   1.265738935124903e-01  -5.010000000000000e-02
  4.933530592267884e-01   1.265764433421814e-01  -5.010000000000000e-02
  4.933520305529000e-01   1.265790387226425e-01  -5.010000000000000e-02
  4.933509835057529e-01   1.265816804594825e-01  -5.010000000000000e-02
  4.933499177605152e-01   1.265843693722637e-01  -5.010000000000000e-02
  4.933488329867330e-01   1.265871062947333e-01  -5.010000000000000e-02
  4.933477288482370e-01   1.265898920750579e-01  -5.010000000000001e-02
  4.933466050030486e-01   1.265927275760615e-01  -5.010000000000000e-02
  4.933454611032845e-01   1.265956136754665e-01  -5.010000000000000e-02
  4.933442967950587e-01   1.265985512661391e-01  -5.010000000000000e-02
  4.933433564366254e-01   1.266016265684229e-01  -5.010000000000000e-02
  4.933424092837055e-01   1.266047601933047e-01  -5.010000000000000e-02
  4.933414452427537e-01   1.266079496916958e-01  -5.010000000000000e-02
  4.933404640162512e-01   1.266111960479270e-01  -5.010000000000000e-02
  4.933394653015681e-01   1.266145002632393e-01  -5.010000000000000e-02
  4.933384487908804e-01   1.266178633560590e-01  -5.010000000000000e-02
  4.933374141710853e-01   1.266212863622761e-01  -5.009999999999999e-02
  4.933363611237164e-01   1.266247703355268e-01  -5.010000000000000e-02
  4.933352893248564e-01   1.266283163474810e-01  -5.009999999999999e-02
  4.933342260792774e-01   1.266319329084117e-01  -5.010000000000000e-02
  4.933333469719236e-01   1.266356683645741e-01  -5.009999999999999e-02
  4.933324522215538e-01   1.266394702902067e-01  -5.009999999999999e-02
  4.933315415537298e-01   1.266433398514380e-01  -5.010000000000000e-02
  4.933306146893403e-01   1.266472782342536e-01  -5.010000000000000e-02
  4.933296713445261e-01   1.266512866448124e-01  -5.010000000000000e-02
  4.933287112306051e-01   1.266553663097668e-01  -5.010000000000001e-02
  4.933277340539957e-01   1.266595184765881e-01  -5.010000000000000e-02
  4.933267395161395e-01   1.266637444138952e-01  -5.010000000000000e-02
  4.933257273134225e-01   1.266680454117882e-01  -5.010000000000000e-02
  4.933248689672267e-01   1.266724589224751e-01  -5.010000000000001e-02
  4.933240339545113e-01   1.266769588937231e-01  -5.010000000000000e-02
  4.933231841230276e-01   1.266815387248708e-01  -5.010000000000000e-02
  4.933223192142268e-01   1.266861998092644e-01  -5.010000000000000e-02
  4.933214389652091e-01   1.266909435636980e-01  -5.010000000000000e-02
  4.933205431086567e-01   1.266957714287763e-01  -5.010000000000001e-02
  4.933196313727649e-01   1.267006848692826e-01  -5.009999999999999e-02
  4.933187034811736e-01   1.267056853745512e-01  -5.010000000000000e-02
  4.933177740314783e-01   1.267107769266264e-01  -5.010000000000000e-02
  4.933170115594422e-01   1.267159890660419e-01  -5.010000000000001e-02
  4.933162355898890e-01   1.267212934723705e-01  -5.010000000000000e-02
  4.933154458885431e-01   1.267266917470826e-01  -5.010000000000001e-02
  4.933146422172309e-01   1.267321855182970e-01  -5.010000000000000e-02
  4.933138243338214e-01   1.267377764411821e-01  -5.010000000000000e-02
  4.933129919921672e-01   1.267434661983630e-01  -5.010000000000000e-02
  4.933121449420445e-01   1.267492565003317e-01  -5.010000000000000e-02
  4.933112829290917e-01   1.267551490858629e-01  -5.010000000000000e-02
  4.933105712079412e-01   1.267611673404298e-01  -5.010000000000000e-02
  4.933098666029891e-01   1.267672943945229e-01  -5.010000000000000e-02
  4.933091495658061e-01   1.267735295559355e-01  -5.010000000000000e-02
  4.933084198820773e-01   1.267798746882886e-01  -5.010000000000000e-02
  4.933076773339754e-01   1.267863316857515e-01  -5.010000000000000e-02
  4.933069217001086e-01   1.267929024734859e-01  -5.010000000000000e-02
  4.933061527554699e-01   1.267995890080937e-01  -5.010000000000000e-02
  4.933054159405540e-01   1.268063979268182e-01  -5.010000000000000e-02
  4.933048007020872e-01   1.268133403791056e-01  -5.010000000000000e-02
  4.933041746401324e-01   1.268204049654151e-01  -5.010000000000000e-02
  4.933035375692545e-01   1.268275937782278e-01  -5.010000000000000e-02
  4.933028893010201e-01   1.268349089438576e-01  -5.010000000000000e-02
  4.933022296439554e-01   1.268423526229256e-01  -5.010000000000000e-02
  4.933015584035042e-01   1.268499270108381e-01  -5.010000000000000e-02
  4.933008967565729e-01   1.268576359950568e-01  -5.010000000000000e-02
  4.933003749375144e-01   1.268654919523100e-01  -5.010000000000000e-02
  4.932998439690383e-01   1.268734856535447e-01  -5.010000000000000e-02
  4.932993036954874e-01   1.268816194421675e-01  -5.010000000000000e-02
  4.932987539587277e-01   1.268898956988800e-01  -5.010000000000000e-02
  4.932981945981144e-01   1.268983168421790e-01  -5.010000000000000e-02
  4.932976254504589e-01   1.269068853288602e-01  -5.010000000000001e-02
  4.932971250719404e-01   1.269156081321336e-01  -5.010000000000000e-02
  4.932967046384483e-01   1.269244884321645e-01  -5.010000000000000e-02
  4.932962768610484e-01   1.269335238485386e-01  -5.010000000000000e-02
  4.932958416157963e-01   1.269427169991758e-01  -5.010000000000000e-02
  4.932953987768114e-01   1.269520705429016e-01  -5.010000000000000e-02
  4.932949482162515e-01   1.269615871799681e-01  -5.010000000000000e-02
  4.932945333428853e-01   1.269712713435659e-01  -5.010000000000000e-02
  4.932942342755505e-01   1.269811289352145e-01  -5.010000000000000e-02
  4.932939300032638e-01   1.269911580878639e-01  -5.010000000000000e-02
  4.932936204388588e-01   1.270013616746145e-01  -5.010000000000000e-02
  4.932933054938314e-01   1.270117426126551e-01  -5.010000000000000e-02
  4.932929850783241e-01   1.270223038637934e-01  -5.010000000000000e-02
  4.932927356292021e-01   1.270330501722075e-01  -5.010000000000000e-02
  4.932925709009549e-01   1.270439849048747e-01  -5.010000000000001e-02
  4.932924033173900e-01   1.270551091747735e-01  -5.010000000000000e-02
  4.932922328311035e-01   1.270664261286034e-01  -5.010000000000001e-02
  4.932920593939785e-01   1.270779389603633e-01  -5.009999999999999e-02
  4.932918904623946e-01   1.270896509732194e-01  -5.010000000000000e-02
  4.932918751980826e-01   1.271015666767897e-01  -5.010000000000000e-02
  4.932918596701712e-01   1.271136881525784e-01  -5.010000000000000e-02
  4.932918438743194e-01   1.271260187894784e-01  -5.010000000000000e-02
  4.932918278061216e-01   1.271385620263383e-01  -5.010000000000001e-02
  4.932918114611081e-01   1.271513213524879e-01  -5.010000000000000e-02
  4.932919596850537e-01   1.271642994531890e-01  -5.010000000000000e-02
  4.932921135511060e-01   1.271775007446214e-01  -5.010000000000000e-02
  4.932922700611827e-01   1.271909288862076e-01  -5.010000000000000e-02
  4.932924292583646e-01   1.272045875741467e-01  -5.010000000000000e-02
  4.932926324751016e-01   1.272184798281727e-01  -5.010000000000000e-02
  4.932929670759388e-01   1.272326079082601e-01  -5.009999999999999e-02
  4.932933074058804e-01   1.272469778922386e-01  -5.010000000000000e-02
  4.932936535575422e-01   1.272615936906947e-01  -5.010000000000000e-02
  4.932940056248433e-01   1.272764592692371e-01  -5.010000000000001e-02
  4.932945075121467e-01   1.272915744052199e-01  -5.010000000000000e-02
  4.932950507251497e-01   1.273069463802005e-01  -5.010000000000000e-02
  4.932956031939129e-01   1.273225802769553e-01  -5.010000000000001e-02
  4.932961650664653e-01   1.273384802844492e-01  -5.010000000000000e-02
  4.932968581026636e-01   1.273546456722657e-01  -5.010000000000000e-02
  4.932976226384799e-01   1.273710831923180e-01  -5.010000000000000e-02
  4.932984001461989e-01   1.273877996082757e-01  -5.010000000000000e-02
  4.932991908313448e-01   1.274047993389124e-01  -5.010000000000000e-02
  4.933000716462513e-01   1.274220830791855e-01  -5.010000000000000e-02
  4.933009867924850e-01   1.274396581269323e-01  -5.010000000000000e-02
  4.933019173956740e-01   1.274575300198350e-01  -5.010000000000000e-02
  4.933028636982400e-01   1.274757034135165e-01  -5.010000000000000e-02
  4.933038259457508e-01   1.274941830240138e-01  -5.010000000000000e-02
  4.933048043869370e-01   1.275129736281077e-01  -5.010000000000000e-02
  4.933057992737086e-01   1.275320800636352e-01  -5.010000000000000e-02
  4.933068108611699e-01   1.275515072297845e-01  -5.010000000000000e-02
  4.933078394076346e-01   1.275712600873710e-01  -5.010000000000000e-02
  4.933088851746382e-01   1.275913436590944e-01  -5.010000000000000e-02
  4.933099484269515e-01   1.276117630297746e-01  -5.009999999999999e-02
  4.933110294325906e-01   1.276325233465666e-01  -5.010000000000000e-02
  4.933121284628279e-01   1.276536298191528e-01  -5.010000000000000e-02
  4.933130954381144e-01   1.276750949244708e-01  -5.010000000000000e-02
  4.933140505458555e-01   1.276969182519962e-01  -5.010000000000000e-02
  4.933150215100551e-01   1.277191038849150e-01  -5.010000000000001e-02
  4.933160085698209e-01   1.277416572866212e-01  -5.010000000000000e-02
  4.933170119670243e-01   1.277645839836466e-01  -5.010000000000000e-02
  4.933180319463010e-01   1.277878895656944e-01  -5.010000000000000e-02
  4.933190687550519e-01   1.278115796856431e-01  -5.010000000000001e-02
  4.933201226434413e-01   1.278356600595180e-01  -5.010000000000000e-02
  4.933211938643946e-01   1.278601364664304e-01  -5.010000000000000e-02
  4.933222826735940e-01   1.278850147484817e-01  -5.010000000000000e-02
  4.933234962707091e-01   1.279102952595132e-01  -5.010000000000000e-02
  4.933250384402957e-01   1.279359734026590e-01  -5.010000000000000e-02
  4.933266057995119e-01   1.279620709697895e-01  -5.010000000000000e-02
  4.933281987139431e-01   1.279885940481425e-01  -5.009999999999999e-02
  4.933298175528919e-01   1.280155487868542e-01  -5.010000000000000e-02
  4.933314626893589e-01   1.280429413966292e-01  -5.010000000000000e-02
  4.933331345000198e-01   1.280707781493659e-01  -5.010000000000000e-02
  4.933348333652001e-01   1.280990653777369e-01  -5.010000000000000e-02
  4.933365596688473e-01   1.281278094747218e-01  -5.010000000000000e-02
  4.933386333158436e-01   1.281569940468251e-01  -5.010000000000000e-02
  4.933410915048473e-01   1.281866229742115e-01  -5.009999999999999e-02
  4.933435891547495e-01   1.282167275298342e-01  -5.010000000000000e-02
  4.933461268145969e-01   1.282473143314335e-01  -5.010000000000000e-02
  4.933487050381741e-01   1.282783900538625e-01  -5.010000000000000e-02
  4.933513243839394e-01   1.283099614283036e-01  -5.010000000000000e-02
  4.933539854149546e-01   1.283420352414259e-01  -5.010000000000000e-02
  4.933566971732419e-01   1.283746175222214e-01  -5.010000000000000e-02
  4.933602883334122e-01   1.284076357931492e-01  -5.010000000000000e-02
  4.933639362506044e-01   1.284411759062216e-01  -5.010000000000000e-02
  4.933676416841824e-01   1.284752448432728e-01  -5.010000000000000e-02
  4.933714053989712e-01   1.285098496363483e-01  -5.010000000000000e-02
  4.933752281651237e-01   1.285449973664772e-01  -5.010000000000000e-02
  4.933791107579787e-01   1.285806951623734e-01  -5.010000000000000e-02
  4.933835634953443e-01   1.286168879658084e-01  -5.010000000000000e-02
  4.933885384564948e-01   1.286535889454662e-01  -5.010000000000000e-02
  4.933935906675947e-01   1.286908598087340e-01  -5.010000000000000e-02
  4.933987211156751e-01   1.287287078370780e-01  -5.010000000000000e-02
  4.934039307931804e-01   1.287671403518975e-01  -5.010000000000000e-02
  4.934092206977296e-01   1.288061647127684e-01  -5.010000000000000e-02
  4.934154564746086e-01   1.288456593928924e-01  -5.009999999999999e-02
  4.934219764747212e-01   1.288857306280795e-01  -5.010000000000000e-02
  4.934285960058539e-01   1.289264135704520e-01  -5.010000000000000e-02
  4.934353162823781e-01   1.289677156834080e-01  -5.010000000000000e-02
  4.934421385232203e-01   1.290096444583413e-01  -5.009999999999999e-02
  4.934498779389402e-01   1.290520639249225e-01  -5.010000000000001e-02
  4.934580447656022e-01   1.290950681741224e-01  -5.010000000000000e-02
  4.934663343235409e-01   1.291387186922618e-01  -5.010000000000000e-02
  4.934747480455187e-01   1.291830230238713e-01  -5.010000000000001e-02
  4.934834371514502e-01   1.292279582601874e-01  -5.010000000000000e-02
  4.934932876700905e-01   1.292733520319840e-01  -5.010000000000000e-02
  4.935032842217809e-01   1.293194187623524e-01  -5.010000000000000e-02
  4.935134284448843e-01   1.293661660012972e-01  -5.010000000000000e-02
  4.935237219786298e-01   1.294136013028170e-01  -5.010000000000000e-02
  4.935353229058808e-01   1.294614657665807e-01  -5.010000000000000e-02
  4.935471634630906e-01   1.295100133451908e-01  -5.010000000000000e-02
  4.935591763442030e-01   1.295592674706350e-01  -5.009999999999999e-02
  4.935714969343458e-01   1.296092012811179e-01  -5.010000000000000e-02
  4.935851279138395e-01   1.296595648064110e-01  -5.010000000000000e-02
  4.935989549249247e-01   1.297106526260969e-01  -5.010000000000000e-02
  4.936129799694128e-01   1.297624721364367e-01  -5.010000000000000e-02
  4.936279310981537e-01   1.298148246424120e-01  -5.010000000000000e-02
  4.936436571736501e-01   1.298677609483576e-01  -5.010000000000000e-02
  4.936596056123369e-01   1.299214457618300e-01  -5.010000000000000e-02
  4.936761439211360e-01   1.299757729687089e-01  -5.009999999999999e-02
  4.936938669577834e-01   1.300305658832836e-01  -5.010000000000000e-02
  4.937118372223982e-01   1.300861231330662e-01  -5.010000000000001e-02
  4.937303388399855e-01   1.301423569316716e-01  -5.010000000000000e-02
  4.937501432948792e-01   1.301990154635775e-01  -5.010000000000000e-02
  4.937702200856271e-01   1.302564531206740e-01  -5.010000000000000e-02
  4.937910291769950e-01   1.303145108406824e-01  -5.010000000000000e-02
  4.938130100110056e-01   1.303730369254845e-01  -5.010000000000000e-02
  4.938352885689762e-01   1.304323557289669e-01  -5.010000000000000e-02
  4.938587305575087e-01   1.304921384700149e-01  -5.010000000000000e-02
  4.938829744945399e-01   1.305525329675447e-01  -5.009999999999999e-02
  4.939076641171079e-01   1.306136817546476e-01  -5.010000000000000e-02
  4.939339121242974e-01   1.306751311828754e-01  -5.010000000000000e-02
  4.939605061217026e-01   1.307373906116787e-01  -5.010000000000000e-02
  4.939883669556364e-01   1.308000620073283e-01  -5.010000000000000e-02
  4.940170318227642e-01   1.308633559536637e-01  -5.009999999999999e-02
  4.940465847253406e-01   1.309272290781636e-01  -5.010000000000000e-02
  4.940773520184105e-01   1.309915361920489e-01  -5.009999999999999e-02
  4.941087810230114e-01   1.310565343985009e-01  -5.010000000000000e-02
  4.941416848099408e-01   1.311218309104929e-01  -5.010000000000000e-02
  4.941751596081402e-01   1.311878719689558e-01  -5.010000000000000e-02
  4.942102470950674e-01   1.312541256055822e-01  -5.010000000000000e-02
  4.942459318199677e-01   1.313211184718336e-01  -5.010000000000000e-02
  4.942832270101414e-01   1.313883070712423e-01  -5.010000000000000e-02
  4.943212526176202e-01   1.314561674501555e-01  -5.010000000000000e-02
  4.943607857367504e-01   1.315242640209422e-01  -5.010000000000000e-02
  4.944012800706151e-01   1.315929000071116e-01  -5.010000000000000e-02
  4.944430902874356e-01   1.316618702040334e-01  -5.009999999999999e-02
  4.944861701570711e-01   1.317311872929073e-01  -5.010000000000000e-02
  4.945302795698840e-01   1.318010046817365e-01  -5.010000000000000e-02
  4.945760486714834e-01   1.318709076074346e-01  -5.010000000000000e-02
  4.946227933976662e-01   1.319413335843012e-01  -5.010000000000000e-02
  4.946710319742593e-01   1.320119357828181e-01  -5.010000000000000e-02
  4.947206251391759e-01   1.320827907157231e-01  -5.010000000000000e-02
  4.947713448947143e-01   1.321540575850648e-01  -5.010000000000000e-02
  4.948237437552125e-01   1.322253293388813e-01  -5.010000000000000e-02
  4.948774436202207e-01   1.322968633582081e-01  -5.010000000000000e-02
  4.949323867069501e-01   1.323687014091249e-01  -5.010000000000000e-02
  4.949889570998314e-01   1.324405358242465e-01  -5.010000000000000e-02
  4.950469736358850e-01   1.325124870610794e-01  -5.010000000000000e-02
  4.951063270630546e-01   1.325846342662574e-01  -5.009999999999999e-02
  4.951670873127271e-01   1.326569121333966e-01  -5.010000000000000e-02
  4.952295844902767e-01   1.327290193136079e-01  -5.010000000000001e-02
  4.952934867220845e-01   1.328012202501024e-01  -5.010000000000000e-02
  4.953588257749329e-01   1.328734757333192e-01  -5.010000000000000e-02
  4.954256292255855e-01   1.329457472736328e-01  -5.010000000000000e-02
  4.954940667525452e-01   1.330178568612962e-01  -5.010000000000000e-02
  4.955640896209496e-01   1.330898240421775e-01  -5.010000000000000e-02
  4.956356072983817e-01   1.331617160339185e-01  -5.010000000000000e-02
  4.957086406209586e-01   1.332334932545428e-01  -5.010000000000000e-02
  4.957832031569253e-01   1.333051214446077e-01  -5.010000000000000e-02
  4.958592999266904e-01   1.333765731437513e-01  -5.010000000000000e-02
  4.959369579442277e-01   1.334477956085372e-01  -5.010000000000000e-02
  4.960162697004846e-01   1.335186579441436e-01  -5.010000000000000e-02
  4.960971161909029e-01   1.335892633679401e-01  -5.010000000000000e-02
  4.961795038121879e-01   1.336595783681266e-01  -5.010000000000000e-02
  4.962634375008583e-01   1.337295694469011e-01  -5.010000000000000e-02
  4.963489128162942e-01   1.337992130109605e-01  -5.010000000000000e-02
  4.964359211344661e-01   1.338684896598107e-01  -5.010000000000000e-02
  4.965244621604863e-01   1.339373684753531e-01  -5.010000000000000e-02
  4.966145304994170e-01   1.340058241773077e-01  -5.010000000000000e-02
  4.967061163145898e-01   1.340738359737011e-01  -5.010000000000000e-02
  4.967992116579018e-01   1.341413801848510e-01  -5.010000000000000e-02
  4.968938002309339e-01   1.342084435165886e-01  -5.010000000000000e-02
  4.969898750248243e-01   1.342749993882764e-01  -5.010000000000001e-02
  4.970874210093427e-01   1.343410316745023e-01  -5.010000000000000e-02
  4.971864236241518e-01   1.344065232647961e-01  -5.010000000000001e-02
  4.972868636601239e-01   1.344714634708645e-01  -5.010000000000000e-02
  4.973887283944456e-01   1.345358313323926e-01  -5.010000000000000e-02
  4.974919987500777e-01   1.345996153593843e-01  -5.010000000000000e-02
  4.975966532670195e-01   1.346628075795576e-01  -5.010000000000000e-02
  4.977026754364861e-01   1.347253916981644e-01  -5.010000000000000e-02
  4.978100462867716e-01   1.347873550329977e-01  -5.010000000000000e-02
  4.979187412826444e-01   1.348486943828599e-01  -5.010000000000000e-02
  4.980287405833742e-01   1.349093979975708e-01  -5.010000000000000e-02
  4.981400201366115e-01   1.349694618042919e-01  -5.010000000000001e-02
  4.982525584290592e-01   1.350288766337943e-01  -5.010000000000000e-02
  4.983663324497443e-01   1.350876361270838e-01  -5.010000000000000e-02
  4.984813144424151e-01   1.351457430238152e-01  -5.010000000000000e-02
  4.985974846867724e-01   1.352031841231090e-01  -5.010000000000000e-02
  4.987148181277030e-01   1.352599566598367e-01  -5.010000000000000e-02
  4.988332817357300e-01   1.353160746034873e-01  -5.010000000000000e-02
  4.989528742422814e-01   1.353714840143093e-01  -5.010000000000000e-02
  4.990735553613280e-01   1.354262134975204e-01  -5.009999999999999e-02
  4.991952919629061e-01   1.354802777783359e-01  -5.010000000000000e-02
  4.993180577744666e-01   1.355336768898837e-01  -5.010000000000000e-02
  4.994418270342974e-01   1.355864097058327e-01  -5.010000000000000e-02
  4.995665697532385e-01   1.356384849038159e-01  -5.010000000000000e-02
  4.996922627251228e-01   1.356898951985890e-01  -5.010000000000001e-02
  4.998188758797213e-01   1.357406497732940e-01  -5.010000000000000e-02
  4.999463794719339e-01   1.357907573627459e-01  -5.010000000000000e-02
  5.000747477064564e-01   1.358402167539884e-01  -5.010000000000000e-02
  5.002039547416533e-01   1.358890267364064e-01  -5.010000000000000e-02
  5.003339705604868e-01   1.359371970112945e-01  -5.010000000000000e-02
  5.004647675734796e-01   1.359847308907395e-01  -5.010000000000000e-02
  5.005963162056890e-01   1.360316373581898e-01  -5.010000000000000e-02
  5.007285902291569e-01   1.360779159042103e-01  -5.010000000000001e-02
  5.008615628291893e-01   1.361235676532267e-01  -5.010000000000000e-02
  5.009952010077656e-01   1.361686118692152e-01  -5.010000000000000e-02
  5.011294799045676e-01   1.362130438525432e-01  -5.010000000000000e-02
  5.012643717536038e-01   1.362568675882581e-01  -5.010000000000000e-02
  5.013998484228992e-01   1.363000880531514e-01  -5.010000000000000e-02
  5.015358810087778e-01   1.363427127860512e-01  -5.010000000000001e-02
  5.016724409910331e-01   1.363847482409301e-01  -5.010000000000001e-02
  5.018095006313492e-01   1.364261984346024e-01  -5.010000000000000e-02
  5.019470317681987e-01   1.364670688446785e-01  -5.010000000000000e-02
  5.020850068112664e-01   1.365073631004821e-01  -5.010000000000000e-02
  5.022233983323090e-01   1.365470843194394e-01  -5.010000000000000e-02
  5.023621780129730e-01   1.365862388288457e-01  -5.010000000000000e-02
  5.025013195842407e-01   1.366248257614911e-01  -5.009999999999999e-02
  5.026407922232815e-01   1.366628609557390e-01  -5.010000000000000e-02
  5.027805710881882e-01   1.367003385342155e-01  -5.010000000000000e-02
  5.029206304338281e-01   1.367372559197439e-01  -5.010000000000000e-02
  5.030609394426020e-01   1.367736300582202e-01  -5.010000000000000e-02
  5.032014712276891e-01   1.368094632245853e-01  -5.010000000000000e-02
  5.033422005619860e-01   1.368447514608772e-01  -5.010000000000000e-02
  5.034831011922734e-01   1.368794949520167e-01  -5.010000000000000e-02
  5.036241448673022e-01   1.369137024061586e-01  -5.010000000000000e-02
  5.037653043899883e-01   1.369473786899872e-01  -5.010000000000000e-02
  5.039065541554848e-01   1.369805225901543e-01  -5.010000000000001e-02
  5.040478681467936e-01   1.370131349634669e-01  -5.010000000000001e-02
  5.041892205307410e-01   1.370452164104017e-01  -5.010000000000000e-02
  5.043305845311168e-01   1.370767722539275e-01  -5.010000000000000e-02
  5.044719342134734e-01   1.371078048450501e-01  -5.010000000000000e-02
  5.046132451189654e-01   1.371383104640329e-01  -5.010000000000000e-02
  5.047545011151030e-01   1.371682461398043e-01  -5.010000000000000e-02
  5.048956670746566e-01   1.371976585819076e-01  -5.010000000000001e-02
  5.050367175293278e-01   1.372265511819684e-01  -5.010000000000000e-02
  5.051776290731675e-01   1.372549181408087e-01  -5.010000000000000e-02
  5.053183759454791e-01   1.372827664246391e-01  -5.010000000000000e-02
  5.054589331844805e-01   1.373101001688613e-01  -5.010000000000000e-02
  5.055992774904975e-01   1.373369162551025e-01  -5.010000000000000e-02
  5.057393857348327e-01   1.373632118467972e-01  -5.010000000000000e-02
  5.058792333842119e-01   1.373889928207288e-01  -5.010000000000000e-02
  5.060188066899359e-01   1.374142064550258e-01  -5.010000000000000e-02
  5.061580770222101e-01   1.374388820205262e-01  -5.009999999999999e-02
  5.062970178178167e-01   1.374630410864999e-01  -5.010000000000000e-02
  5.064356058769614e-01   1.374866887150137e-01  -5.010000000000000e-02
  5.065738185709015e-01   1.375098285900729e-01  -5.010000000000001e-02
  5.067116341184279e-01   1.375324613362065e-01  -5.010000000000000e-02
  5.068490317207731e-01   1.375545836145534e-01  -5.010000000000000e-02
  5.069860052872871e-01   1.375760988401725e-01  -5.010000000000000e-02
  5.071225180270245e-01   1.375971055467250e-01  -5.010000000000001e-02
  5.072585485249550e-01   1.376176107101322e-01  -5.010000000000000e-02
  5.073940760418678e-01   1.376376195134236e-01  -5.010000000000000e-02
  5.075290805408950e-01   1.376571351357352e-01  -5.010000000000000e-02
  5.076635513037096e-01   1.376760967935058e-01  -5.009999999999999e-02
  5.077974701666258e-01   1.376944941572502e-01  -5.010000000000000e-02
  5.079308074104796e-01   1.377124065315735e-01  -5.010000000000000e-02
  5.080635449392297e-01   1.377298344206098e-01  -5.010000000000001e-02
  5.081956650097361e-01   1.377467790838322e-01  -5.010000000000000e-02
  5.083271614738514e-01   1.377631500358645e-01  -5.010000000000000e-02
  5.084580106288060e-01   1.377789954422944e-01  -5.010000000000000e-02
  5.085881885855815e-01   1.377943753280194e-01  -5.010000000000000e-02
  5.087176787919674e-01   1.378092954762418e-01  -5.010000000000000e-02
  5.088464725248806e-01   1.378236948694218e-01  -5.010000000000000e-02
  5.089745581073439e-01   1.378375339517598e-01  -5.010000000000001e-02
  5.091019079674701e-01   1.378509272066112e-01  -5.010000000000000e-02
  5.092285071911139e-01   1.378638828175066e-01  -5.010000000000000e-02
  5.093543502659315e-01   1.378763169192804e-01  -5.010000000000000e-02
  5.094794239142613e-01   1.378882178151466e-01  -5.010000000000000e-02
  5.096037037874477e-01   1.378997016532350e-01  -5.009999999999999e-02
  5.097271767704519e-01   1.379107787654539e-01  -5.010000000000000e-02
  5.098498464914949e-01   1.379212649336263e-01  -5.009999999999999e-02
  5.099716859574195e-01   1.379313272586754e-01  -5.010000000000000e-02
  5.100926809851232e-01   1.379410055062220e-01  -5.010000000000000e-02
  5.102128299393335e-01   1.379501833110082e-01  -5.010000000000000e-02
  5.103321198634103e-01   1.379588810211384e-01  -5.010000000000000e-02
  5.104505316275710e-01   1.379672242973258e-01  -5.009999999999999e-02
  5.105680618100270e-01   1.379751302477269e-01  -5.010000000000000e-02
  5.106847049598844e-01   1.379825296873329e-01  -5.010000000000000e-02
  5.108004408021771e-01   1.379896023553189e-01  -5.010000000000000e-02
  5.109152670721201e-01   1.379962563803434e-01  -5.010000000000000e-02
  5.110291784838750e-01   1.380024312246924e-01  -5.010000000000000e-02
  5.111421574529865e-01   1.380083139189237e-01  -5.010000000000000e-02
  5.112542047861318e-01   1.380137587559647e-01  -5.010000000000000e-02
  5.113653116993013e-01   1.380187920078740e-01  -5.010000000000000e-02
  5.114754655129075e-01   1.380235671987884e-01  -5.010000000000000e-02
  5.115846706437904e-01   1.380278409832052e-01  -5.010000000000000e-02
  5.116929127847411e-01   1.380318194255842e-01  -5.010000000000000e-02
  5.118001878785936e-01   1.380355002843405e-01  -5.010000000000000e-02
  5.119064961069058e-01   1.380387211177211e-01  -5.010000000000000e-02
  5.120118252636233e-01   1.380417436492628e-01  -5.010000000000000e-02
  5.121161785139862e-01   1.380443285245835e-01  -5.010000000000000e-02
  5.122195474268170e-01   1.380466462576870e-01  -5.009999999999999e-02
  5.123219296952520e-01   1.380486985409841e-01  -5.010000000000000e-02
  5.124233245913858e-01   1.380503517253441e-01  -5.010000000000000e-02
  5.125237258632053e-01   1.380518691439416e-01  -5.010000000000000e-02
  5.126231361608755e-01   1.380529085892063e-01  -5.010000000000000e-02
  5.127215495016715e-01   1.380538266757345e-01  -5.010000000000000e-02
  5.128189673299326e-01   1.380543768102967e-01  -5.010000000000000e-02
  5.129153871329153e-01   1.380547323611882e-01  -5.010000000000000e-02
  5.130108092615727e-01   1.380548185114002e-01  -5.010000000000000e-02
  5.131052328919262e-01   1.380546552818597e-01  -5.010000000000000e-02
  5.131986588301716e-01   1.380542970454888e-01  -5.010000000000000e-02
  5.132910865767421e-01   1.380536507818307e-01  -5.010000000000000e-02
  5.133825183608184e-01   1.380528624879637e-01  -5.010000000000000e-02
  5.134729533829235e-01   1.380517775732936e-01  -5.009999999999999e-02
  5.135623956410440e-01   1.380505888379827e-01  -5.010000000000000e-02
  5.136508437889895e-01   1.380491069178245e-01  -5.010000000000000e-02
  5.137383034496199e-01   1.380475366115408e-01  -5.010000000000000e-02
  5.138247731072618e-01   1.380456953764897e-01  -5.009999999999999e-02
  5.139102593239874e-01   1.380437621260889e-01  -5.010000000000000e-02
  5.139947613847586e-01   1.380416018644701e-01  -5.010000000000000e-02
  5.140782855470125e-01   1.380393287147552e-01  -5.010000000000000e-02
  5.141608331739623e-01   1.380368871160391e-01  -5.010000000000000e-02
  5.142424085700039e-01   1.380342918895673e-01  -5.010000000000000e-02
  5.143230172430440e-01   1.380316093549655e-01  -5.010000000000000e-02
  5.144026595298572e-01   1.380287232785009e-01  -5.010000000000000e-02
  5.144813468151126e-01   1.380258403119896e-01  -5.010000000000000e-02
  5.145590728116172e-01   1.380226752172095e-01  -5.010000000000000e-02
  5.146358547310714e-01   1.380195485663667e-01  -5.010000000000000e-02
  5.147116865296775e-01   1.380162016002919e-01  -5.010000000000000e-02
  5.147865816119490e-01   1.380128248034888e-01  -5.010000000000000e-02
  5.148605424245230e-01   1.380093621820690e-01  -5.010000000000001e-02
  5.149335719380084e-01   1.380057588734889e-01  -5.010000000000000e-02
  5.150056846453038e-01   1.380022008005329e-01  -5.010000000000000e-02
  5.150768714877503e-01   1.379983980283794e-01  -5.010000000000000e-02
  5.151471529205188e-01   1.379946313316909e-01  -5.010000000000000e-02
  5.152165288745783e-01   1.379907900935877e-01  -5.010000000000000e-02
  5.152850035278680e-01   1.379868367513762e-01  -5.010000000000000e-02
  5.153525923583787e-01   1.379829345516009e-01  -5.010000000000000e-02
  5.154192888464040e-01   1.379788654366525e-01  -5.010000000000000e-02
  5.154851098220133e-01   1.379748003166578e-01  -5.009999999999999e-02
  5.155500632838355e-01   1.379707622969231e-01  -5.010000000000000e-02
  5.156141434642052e-01   1.379665537780665e-01  -5.010000000000000e-02
  5.156773717077162e-01   1.379624012108679e-01  -5.010000000000000e-02
  5.157397503454330e-01   1.379582354370893e-01  -5.010000000000000e-02
  5.158012799781455e-01   1.379539604853184e-01  -5.010000000000000e-02
  5.158619790458245e-01   1.379497432394902e-01  -5.010000000000000e-02
  5.159218489143718e-01   1.379455014379571e-01  -5.010000000000000e-02
  5.159808928011114e-01   1.379411778429988e-01  -5.010000000000000e-02
  5.160391281290412e-01   1.379369134562157e-01  -5.010000000000000e-02
  5.160965574747952e-01   1.379326436873370e-01  -5.010000000000000e-02
  5.161531829937576e-01   1.379282976462169e-01  -5.010000000000000e-02
  5.162090224473954e-01   1.379240119360622e-01  -5.010000000000000e-02
  5.162640813757120e-01   1.379197607881791e-01  -5.010000000000000e-02
  5.163183568479530e-01   1.379154099879490e-01  -5.009999999999999e-02
  5.163718691145856e-01   1.379111203673826e-01  -5.010000000000000e-02
  5.164246257888724e-01   1.379068913161896e-01  -5.009999999999999e-02
  5.164766233785917e-01   1.379025861705261e-01  -5.010000000000000e-02
  5.165278780833551e-01   1.378983087209469e-01  -5.010000000000000e-02
  5.165784003634630e-01   1.378940923956986e-01  -5.010000000000000e-02
  5.166281939302336e-01   1.378898898181386e-01  -5.010000000000000e-02
  5.166772611907170e-01   1.378856381655936e-01  -5.009999999999999e-02
  5.167256193011923e-01   1.378814479605272e-01  -5.010000000000001e-02
  5.167732759634857e-01   1.378773185355801e-01  -5.010000000000000e-02
  5.168202316916811e-01   1.378731676462650e-01  -5.010000000000000e-02
  5.168664968281731e-01   1.378690246544962e-01  -5.010000000000000e-02
  5.169120837759593e-01   1.378649423937754e-01  -5.010000000000000e-02
  5.169570002126582e-01   1.378609201765804e-01  -5.010000000000000e-02
  5.170012459883983e-01   1.378568713959106e-01  -5.010000000000000e-02
  5.170448333631131e-01   1.378528460670493e-01  -5.010000000000000e-02
  5.170877733340016e-01   1.378488805264483e-01  -5.009999999999999e-02
  5.171300735083252e-01   1.378449740715710e-01  -5.010000000000000e-02
  5.171717358784107e-01   1.378410663048316e-01  -5.010000000000000e-02
  5.172127691897499e-01   1.378371692093690e-01  -5.010000000000001e-02
  5.172531855257692e-01   1.378333307104867e-01  -5.010000000000000e-02
  5.172929923837045e-01   1.378295500961425e-01  -5.010000000000000e-02
  5.173321960979347e-01   1.378258149045165e-01  -5.010000000000000e-02
  5.173707975357160e-01   1.378220561898062e-01  -5.010000000000000e-02
  5.174088119180204e-01   1.378183546380977e-01  -5.010000000000000e-02
  5.174462465984271e-01   1.378147095333553e-01  -5.010000000000001e-02
  5.174831088904063e-01   1.378111201634489e-01  -5.010000000000000e-02
  5.175194030787624e-01   1.378075554944975e-01  -5.010000000000000e-02
  5.175551345536369e-01   1.378039961599506e-01  -5.009999999999999e-02
  5.175903154437863e-01   1.378004916710333e-01  -5.010000000000000e-02
  5.176249528846499e-01   1.377970413169599e-01  -5.010000000000000e-02
  5.176590539639374e-01   1.377936443916995e-01  -5.010000000000000e-02
  5.176926240387381e-01   1.377902834816369e-01  -5.010000000000000e-02
  5.177256668402239e-01   1.377869255185055e-01  -5.010000000000000e-02
  5.177581943474805e-01   1.377836199219698e-01  -5.010000000000000e-02
  5.177902134436188e-01   1.377803659925359e-01  -5.010000000000000e-02
  5.178217309582214e-01   1.377771630361499e-01  -5.010000000000000e-02
  5.178527536663797e-01   1.377740103642956e-01  -5.010000000000000e-02
  5.178832844557560e-01   1.377708699240869e-01  -5.010000000000000e-02
  5.179133320516987e-01   1.377677611458152e-01  -5.010000000000000e-02
  5.179429049193229e-01   1.377647014837884e-01  -5.010000000000000e-02
  5.179720096061187e-01   1.377616902605915e-01  -5.010000000000000e-02
  5.180006526011757e-01   1.377587268048515e-01  -5.010000000000000e-02
  5.180288403345678e-01   1.377558104513015e-01  -5.010000000000000e-02
  5.180565767868873e-01   1.377529176090787e-01  -5.010000000000000e-02
  5.180838687923791e-01   1.377500526517467e-01  -5.009999999999999e-02
  5.181107245349680e-01   1.377472334907781e-01  -5.010000000000000e-02
  5.181371502025483e-01   1.377444594766034e-01  -5.010000000000000e-02
  5.181631519216724e-01   1.377417299660926e-01  -5.010000000000001e-02
  5.181887357572219e-01   1.377390443225894e-01  -5.010000000000000e-02
  5.182139077121208e-01   1.377364019159414e-01  -5.010000000000000e-02
  5.182386710840189e-01   1.377337771037180e-01  -5.010000000000000e-02
  5.182630336303775e-01   1.377311870564997e-01  -5.010000000000000e-02
  5.182870019859848e-01   1.377286389167505e-01  -5.010000000000000e-02
  5.183105819030680e-01   1.377261320729357e-01  -5.010000000000000e-02
  5.183337790710628e-01   1.377236659201965e-01  -5.010000000000000e-02
  5.183565991165512e-01   1.377212398603557e-01  -5.010000000000000e-02
  5.183790476032339e-01   1.377188533019217e-01  -5.010000000000000e-02
  5.184011297139139e-01   1.377165026836169e-01  -5.010000000000000e-02
  5.184228490806571e-01   1.377141705250975e-01  -5.009999999999999e-02
  5.184442132425315e-01   1.377118765073798e-01  -5.010000000000000e-02
  5.184652275114483e-01   1.377096200600873e-01  -5.009999999999999e-02
  5.184858971367534e-01   1.377074006195614e-01  -5.010000000000000e-02
  5.185062273053703e-01   1.377052176288461e-01  -5.010000000000000e-02
  5.185262231419689e-01   1.377030705376705e-01  -5.010000000000000e-02
  5.185458897091561e-01   1.377009588024272e-01  -5.009999999999999e-02
  5.185652320076897e-01   1.376988818861505e-01  -5.010000000000000e-02
  5.185842543169009e-01   1.376968331374335e-01  -5.010000000000000e-02
  5.186029611714288e-01   1.376948088491536e-01  -5.010000000000000e-02
  5.186213584184560e-01   1.376928180638251e-01  -5.010000000000000e-02
  5.186394508134732e-01   1.376908602668511e-01  -5.010000000000001e-02
  5.186572430514981e-01   1.376889349501790e-01  -5.010000000000000e-02
  5.186747397674034e-01   1.376870416122643e-01  -5.010000000000000e-02
  5.186919455362609e-01   1.376851797580337e-01  -5.010000000000000e-02
  5.187088648736993e-01   1.376833488988464e-01  -5.009999999999999e-02
  5.187255022362785e-01   1.376815485524532e-01  -5.010000000000000e-02
  5.187418620218750e-01   1.376797782429555e-01  -5.010000000000000e-02
  5.187579484308043e-01   1.376780362166595e-01  -5.010000000000000e-02
  5.187737651685932e-01   1.376763166978935e-01  -5.010000000000000e-02
  5.187893171892879e-01   1.376746259578818e-01  -5.010000000000000e-02
  5.188046086599151e-01   1.376729635436056e-01  -5.010000000000000e-02
  5.188196436909301e-01   1.376713290081962e-01  -5.009999999999999e-02
  5.188344263366682e-01   1.376697219108859e-01  -5.010000000000000e-02
  5.188489605958053e-01   1.376681418169582e-01  -5.010000000000000e-02
  5.188632504118265e-01   1.376665882976966e-01  -5.010000000000000e-02
  5.188772996735014e-01   1.376650609303329e-01  -5.010000000000001e-02
  5.188911122153680e-01   1.376635592979949e-01  -5.010000000000001e-02
  5.189046918182207e-01   1.376620829896529e-01  -5.010000000000000e-02
  5.189180422096058e-01   1.376606316000664e-01  -5.010000000000000e-02
  5.189311670643206e-01   1.376592047297291e-01  -5.010000000000000e-02
  5.189440696375574e-01   1.376577986109032e-01  -5.010000000000000e-02
  5.189567537761622e-01   1.376564153904560e-01  -5.010000000000000e-02
  5.189692230988379e-01   1.376550555959422e-01  -5.010000000000000e-02
  5.189814810743525e-01   1.376537188490885e-01  -5.010000000000000e-02
  5.189935311212905e-01   1.376524047770941e-01  -5.010000000000000e-02
  5.190053766085746e-01   1.376511130125739e-01  -5.010000000000000e-02
  5.190170208559902e-01   1.376498431935016e-01  -5.010000000000000e-02
  5.190284671347112e-01   1.376485949631515e-01  -5.010000000000000e-02
  5.190397186678277e-01   1.376473679700420e-01  -5.010000000000000e-02
  5.190507786308747e-01   1.376461618678770e-01  -5.010000000000000e-02
  5.190616501523614e-01   1.376449763154891e-01  -5.010000000000000e-02
  5.190723363143013e-01   1.376438109767809e-01  -5.010000000000000e-02
  5.190828401527424e-01   1.376426655206677e-01  -5.010000000000000e-02
  5.190931646582974e-01   1.376415396210196e-01  -5.009999999999999e-02
  5.191033127766732e-01   1.376404329566039e-01  -5.010000000000000e-02
  5.191132874109457e-01   1.376393452270338e-01  -5.010000000000000e-02
  5.191230914355683e-01   1.376382762763438e-01  -5.010000000000001e-02
  5.191327276456347e-01   1.376372256227810e-01  -5.010000000000000e-02
  5.191421988125156e-01   1.376361929641778e-01  -5.010000000000000e-02
  5.191515076653103e-01   1.376351780029755e-01  -5.010000000000000e-02
  5.191606568913694e-01   1.376341804461674e-01  -5.010000000000001e-02
  5.191696491368147e-01   1.376332000052420e-01  -5.010000000000001e-02
  5.191784870070577e-01   1.376322363961265e-01  -5.010000000000001e-02
  5.191871730673155e-01   1.376312893391307e-01  -5.010000000000000e-02
  5.191957098431241e-01   1.376303585588907e-01  -5.010000000000000e-02
  5.192040998208494e-01   1.376294437843135e-01  -5.010000000000000e-02
  5.192123454481950e-01   1.376285447485215e-01  -5.010000000000000e-02
  5.192204491347069e-01   1.376276611887976e-01  -5.010000000000000e-02
  5.192284132522763e-01   1.376267928465302e-01  -5.009999999999999e-02
  5.192362401356371e-01   1.376259394671588e-01  -5.010000000000000e-02
  5.192439320828619e-01   1.376251008001205e-01  -5.010000000000001e-02
  5.192514913558539e-01   1.376242765987959e-01  -5.010000000000000e-02
  5.192589201808351e-01   1.376234666204558e-01  -5.010000000000001e-02
  5.192662207488303e-01   1.376226706262089e-01  -5.009999999999999e-02
  5.192733952161494e-01   1.376218883809488e-01  -5.010000000000000e-02
  5.192804457048631e-01   1.376211196533022e-01  -5.010000000000000e-02
  5.192873743032767e-01   1.376203642155773e-01  -5.010000000000000e-02
  5.192941730281885e-01   1.376195394844304e-01  -5.010000000000000e-02
  5.193008433241081e-01   1.376186404998564e-01  -5.009999999999999e-02
  5.193073923789187e-01   1.376177209596115e-01  -5.010000000000000e-02
  5.193137832188219e-01   1.376165371694066e-01  -5.010000000000000e-02
  5.193200633397710e-01   1.376153738879323e-01  -5.010000000000000e-02
  5.193261934353939e-01   1.376140361063787e-01  -5.010000000000000e-02
  5.193321930724910e-01   1.376126072555463e-01  -5.010000000000000e-02
  5.193380873141241e-01   1.376111981756946e-01  -5.010000000000000e-02
  5.193438014509910e-01   1.376095205969515e-01  -5.010000000000000e-02
  5.193494164018092e-01   1.376078721376380e-01  -5.010000000000000e-02
  5.193549082521175e-01   1.376061729328901e-01  -5.010000000000000e-02
  5.193602381072757e-01   1.376042967676597e-01  -5.010000000000000e-02
  5.193654753472531e-01   1.376024532039498e-01  -5.010000000000000e-02
  5.193705786095084e-01   1.376005297548331e-01  -5.010000000000000e-02
  5.193755283831955e-01   1.375984709698289e-01  -5.010000000000000e-02
  5.193803920585879e-01   1.375964479961342e-01  -5.010000000000000e-02
  5.193851249810935e-01   1.375943578865975e-01  -5.010000000000000e-02
  5.193896984720126e-01   1.375921332031233e-01  -5.010000000000000e-02
  5.193941923329984e-01   1.375899472540425e-01  -5.010000000000000e-02
  5.193985815438692e-01   1.375877491002299e-01  -5.009999999999999e-02
  5.194027834155639e-01   1.375853779573154e-01  -5.010000000000000e-02
  5.194069120606812e-01   1.375830481366242e-01  -5.009999999999999e-02
  5.194109687341738e-01   1.375807589299785e-01  -5.010000000000000e-02
  5.194148255525102e-01   1.375782972098913e-01  -5.009999999999999e-02
  5.194185907231397e-01   1.375758383229495e-01  -5.010000000000000e-02
  5.194222902023872e-01   1.375734223365023e-01  -5.009999999999999e-02
  5.194258731985352e-01   1.375709747572986e-01  -5.010000000000000e-02
  5.194292735933157e-01   1.375683993585382e-01  -5.010000000000001e-02
  5.194326146130806e-01   1.375658689293627e-01  -5.010000000000000e-02
  5.194358972794397e-01   1.375633826960229e-01  -5.010000000000000e-02
  5.194390219291277e-01   1.375608165379874e-01  -5.010000000000000e-02
  5.194420087425880e-01   1.375581932260803e-01  -5.010000000000000e-02
  5.194449433498922e-01   1.375556157667287e-01  -5.009999999999999e-02
  5.194478266511450e-01   1.375530833693731e-01  -5.009999999999999e-02
  5.194505491103507e-01   1.375504790447959e-01  -5.009999999999999e-02
  5.194531326582650e-01   1.375478241938113e-01  -5.010000000000001e-02
  5.194556710061166e-01   1.375452157903613e-01  -5.010000000000000e-02
  5.194581649347008e-01   1.375426530321014e-01  -5.009999999999999e-02
  5.194605610587831e-01   1.375400865577317e-01  -5.010000000000000e-02
  5.194627595353522e-01   1.375374253605153e-01  -5.009999999999999e-02
  5.194649195150853e-01   1.375348107626913e-01  -5.010000000000000e-02
  5.194670416641636e-01   1.375322419578655e-01  -5.009999999999999e-02
  5.194691266375165e-01   1.375297181532631e-01  -5.010000000000000e-02
  5.194710392605080e-01   1.375271359147368e-01  -5.010000000000000e-02
  5.194728338141289e-01   1.375245350245227e-01  -5.010000000000000e-02
  5.194745969120942e-01   1.375219797237555e-01  -5.010000000000000e-02
  5.194763290998494e-01   1.375194692219074e-01  -5.010000000000000e-02
  5.194780309135894e-01   1.375170027418587e-01  -5.010000000000000e-02
  5.194795812117763e-01   1.375145034486896e-01  -5.009999999999999e-02
  5.194810022095784e-01   1.375119841571022e-01  -5.010000000000000e-02
  5.194823982765204e-01   1.375095090655173e-01  -5.010000000000000e-02
  5.194837698457127e-01   1.375070774060720e-01  -5.010000000000001e-02
  5.194851173428916e-01   1.375046884239768e-01  -5.010000000000000e-02
  5.194864411865396e-01   1.375023413773026e-01  -5.010000000000000e-02
  5.194875437257596e-01   1.374999354837126e-01  -5.010000000000000e-02
  5.194886089320232e-01   1.374975627570887e-01  -5.010000000000001e-02
  5.194896554308466e-01   1.374952317009311e-01  -5.010000000000000e-02
  5.194906835478820e-01   1.374929415898553e-01  -5.010000000000000e-02
  5.194916936032140e-01   1.374906917108790e-01  -5.010000000000001e-02
  5.194926859114515e-01   1.374884813632172e-01  -5.010000000000000e-02
  5.194935395236380e-01   1.374862622283819e-01  -5.009999999999999e-02
  5.194942897388875e-01   1.374840473753455e-01  -5.010000000000000e-02
  5.194950267667453e-01   1.374818714553150e-01  -5.010000000000000e-02
  5.194957508371894e-01   1.374797337893283e-01  -5.010000000000000e-02
  5.194964621762515e-01   1.374776337100744e-01  -5.010000000000000e-02
  5.194971610060820e-01   1.374755705617005e-01  -5.010000000000000e-02
  5.194978475450151e-01   1.374735436996215e-01  -5.010000000000000e-02
  5.194984707586314e-01   1.374715377931769e-01  -5.010000000000000e-02
  5.194989455875706e-01   1.374695277660090e-01  -5.010000000000000e-02
  5.194994120620611e-01   1.374675531045651e-01  -5.010000000000000e-02
  5.194998703280723e-01   1.374656131909320e-01  -5.010000000000000e-02
  5.195003205290596e-01   1.374637074178409e-01  -5.010000000000000e-02
  5.195007628060055e-01   1.374618351884896e-01  -5.010000000000000e-02
  5.195011972974617e-01   1.374599959163671e-01  -5.010000000000000e-02
  5.195016241395892e-01   1.374581890250808e-01  -5.009999999999999e-02
  5.195020434661993e-01   1.374564139481873e-01  -5.010000000000000e-02
  5.195023539037336e-01   1.374546511051439e-01  -5.010000000000000e-02
  5.195025970259352e-01   1.374529077163568e-01  -5.010000000000000e-02
  5.195028358660087e-01   1.374511950339967e-01  -5.010000000000001e-02
  5.195030704989285e-01   1.374495125204332e-01  -5.010000000000001e-02
  5.195033009983725e-01   1.374478596473366e-01  -5.010000000000000e-02
  5.195035274367431e-01   1.374462358955214e-01  -5.010000000000000e-02
  5.195037498851889e-01   1.374446407547917e-01  -5.010000000000000e-02
  5.195039684136262e-01   1.374430737237890e-01  -5.009999999999999e-02
  5.195041830907599e-01   1.374415343098430e-01  -5.010000000000000e-02
  5.195043939841034e-01   1.374400220288245e-01  -5.010000000000000e-02
  5.195046011600000e-01   1.374385364050000e-01  -5.010000000000000e-02
