326
  4.766263811800402e-01   1.104155937122767e-01  -5.009999999999999e-02
  4.766283198268027e-01   1.104147499538308e-01  -5.009999999999999e-02
  4.766302736886364e-01   1.104139437689248e-01  -5.009999999999999e-02
  4.766322531925673e-01   1.104132009070451e-01  -5.009999999999999e-02
  4.766342360274621e-01   1.104124676795175e-01  -5.009999999999999e-02
  4.766362516461961e-01   1.104118292747052e-01  -5.009999999999999e-02
  4.766382672649299e-01   1.104111908698930e-01  -5.009999999999999e-02
  4.766403084029762e-01   1.104106410995945e-01  -5.009999999999999e-02
  4.766423549035094e-01   1.104101099544614e-01  -5.009999999999999e-02
  4.766444157725922e-01   1.104096408961730e-01  -5.009999999999999e-02
  4.766464875476013e-01   1.104092189626518e-01  -5.009999999999999e-02
  4.766485653911403e-01   1.104088314657065e-01  -5.009999999999999e-02
  4.766506565952670e-01   1.104085197849638e-01  -5.009999999999999e-02
  4.766527484947752e-01   1.104082137918389e-01  -5.009999999999999e-02
  4.766548531918570e-01   1.104080124717492e-01  -5.009999999999999e-02
  4.766571027228936e-01   1.104077972978918e-01  -5.009999999999999e-02
  4.766595145997528e-01   1.104076758781380e-01  -5.009999999999999e-02
  4.766620936811568e-01   1.104075638309748e-01  -5.009999999999999e-02
  4.766648526836778e-01   1.104075520874510e-01  -5.009999999999999e-02
  4.766678014271729e-01   1.104075678042247e-01  -5.009999999999999e-02
  4.766709521000281e-01   1.104076581239252e-01  -5.009999999999999e-02
  4.766743151688626e-01   1.104078465321383e-01  -5.009999999999999e-02
  4.766779076874184e-01   1.104080890662270e-01  -5.009999999999999e-02
  4.766817369259250e-01   1.104084633919060e-01  -5.009999999999999e-02
  4.766858233008445e-01   1.104089333324933e-01  -5.009999999999999e-02
  4.766901674454991e-01   1.104096042342912e-01  -5.009999999999999e-02
  4.766947977212976e-01   1.104104003225226e-01  -5.009999999999999e-02
  4.766997156950556e-01   1.104114184285921e-01  -5.009999999999998e-02
  4.767049472972061e-01   1.104126182751222e-01  -5.009999999999998e-02
  4.767105135349140e-01   1.104140063432141e-01  -5.009999999999998e-02
  4.767164294897723e-01   1.104156184959525e-01  -5.009999999999998e-02
  4.767227091569206e-01   1.104174944735424e-01  -5.009999999999998e-02
  4.767293656425070e-01   1.104196766019472e-01  -5.009999999999998e-02
  4.767364130959196e-01   1.104222043399602e-01  -5.009999999999998e-02
  4.767438877242524e-01   1.104250618162802e-01  -5.009999999999999e-02
  4.767518150207702e-01   1.104282722979000e-01  -5.009999999999999e-02
  4.767602171420511e-01   1.104318730863005e-01  -5.009999999999999e-02
  4.767691113857984e-01   1.104359164637385e-01  -5.009999999999999e-02
  4.767785205088845e-01   1.104404459627312e-01  -5.009999999999999e-02
  4.767884810477566e-01   1.104454822393354e-01  -5.009999999999999e-02
  4.767990310031046e-01   1.104510509786012e-01  -5.009999999999998e-02
  4.768101971473375e-01   1.104572062425947e-01  -5.009999999999998e-02
  4.768220003792724e-01   1.104640180783731e-01  -5.009999999999998e-02
  4.768344693810726e-01   1.104715465362448e-01  -5.009999999999998e-02
  4.768476922823471e-01   1.104797630171876e-01  -5.009999999999998e-02
  4.768616757831611e-01   1.104887810625224e-01  -5.009999999999998e-02
  4.768764516951654e-01   1.104986783543780e-01  -5.009999999999998e-02
  4.768920858132239e-01   1.105094896964084e-01  -5.009999999999999e-02
  4.769086271627162e-01   1.105212849718400e-01  -5.009999999999999e-02
  4.769261200794053e-01   1.105341497583579e-01  -5.009999999999999e-02
  4.769446368654858e-01   1.105481414623277e-01  -5.009999999999999e-02
  4.769642158673589e-01   1.105633724345144e-01  -5.009999999999999e-02
  4.769849290511491e-01   1.105799219688824e-01  -5.009999999999999e-02
  4.770068492486765e-01   1.105978804687815e-01  -5.009999999999999e-02
  4.770300289295668e-01   1.106173745390232e-01  -5.009999999999999e-02
  4.770545459255326e-01   1.106385128070029e-01  -5.009999999999999e-02
  4.770805073784045e-01   1.106613840749933e-01  -5.009999999999998e-02
  4.771079760554405e-01   1.106861426671992e-01  -5.009999999999998e-02
  4.771370358235397e-01   1.107129333500920e-01  -5.009999999999998e-02
  4.771677865399979e-01   1.107418988507381e-01  -5.009999999999998e-02
  4.772003341842708e-01   1.107731931440204e-01  -5.009999999999998e-02
  4.772347645746915e-01   1.108070087331853e-01  -5.009999999999998e-02
  4.772711891450994e-01   1.108435292381991e-01  -5.009999999999998e-02
  4.773097152141210e-01   1.108829624990510e-01  -5.009999999999998e-02
  4.773504705645995e-01   1.109255172188357e-01  -5.009999999999997e-02
  4.773935879014972e-01   1.109714200650901e-01  -5.009999999999998e-02
  4.774392113831366e-01   1.110209108133024e-01  -5.009999999999997e-02
  4.774873804368884e-01   1.110743487075602e-01  -5.009999999999997e-02
  4.775383287407982e-01   1.111319421295057e-01  -5.009999999999999e-02
  4.775920106974823e-01   1.111941730842723e-01  -5.009999999999998e-02
  4.776488538399871e-01   1.112611429445720e-01  -5.009999999999998e-02
  4.777091569248465e-01   1.113331024809824e-01  -5.009999999999998e-02
  4.777731555847683e-01   1.114103922054222e-01  -5.009999999999999e-02
  4.778410652486848e-01   1.114934065249321e-01  -5.009999999999999e-02
  4.779130942168804e-01   1.115825837367804e-01  -5.009999999999999e-02
  4.779896126318091e-01   1.116782731619752e-01  -5.009999999999999e-02
  4.780708603866335e-01   1.117809739495054e-01  -5.009999999999999e-02
  4.781572307240942e-01   1.118911110714063e-01  -5.009999999999999e-02
  4.782490507970350e-01   1.120092129140070e-01  -5.010000000000000e-02
  4.783467429664114e-01   1.121357877759145e-01  -5.010000000000000e-02
  4.784507376663375e-01   1.122713960715830e-01  -5.009999999999999e-02
  4.785615212836428e-01   1.124166172737258e-01  -5.010000000000000e-02
  4.786796222525823e-01   1.125720649450414e-01  -5.009999999999999e-02
  4.788056186844825e-01   1.127383854347565e-01  -5.010000000000000e-02
  4.789401206312024e-01   1.129162760039823e-01  -5.009999999999999e-02
  4.790838308543561e-01   1.131064438993142e-01  -5.009999999999999e-02
  4.792374951165322e-01   1.133096492328322e-01  -5.009999999999999e-02
  4.794019343057743e-01   1.135266862212719e-01  -5.010000000000000e-02
  4.795780390920383e-01   1.137583930786261e-01  -5.010000000000000e-02
  4.797546152894215e-01   1.139897408646192e-01  -5.010000000000001e-02
  4.799317667119911e-01   1.142206484521854e-01  -5.010000000000001e-02
  4.801095792389442e-01   1.144510472997260e-01  -5.010000000000002e-02
  4.802880813559182e-01   1.146809122307585e-01  -5.010000000000001e-02
  4.804673444570532e-01   1.149101841684855e-01  -5.010000000000001e-02
  4.806474055645740e-01   1.151388298768619e-01  -5.010000000000001e-02
  4.808283011006166e-01   1.153668159640531e-01  -5.010000000000000e-02
  4.810100574720094e-01   1.155941163438397e-01  -5.009999999999999e-02
  4.811926897636740e-01   1.158207136520416e-01  -5.010000000000000e-02
  4.813762485080735e-01   1.160465610258949e-01  -5.010000000000000e-02
  4.815607498549120e-01   1.162716389292133e-01  -5.010000000000000e-02
  4.817461603428356e-01   1.164959683260241e-01  -5.009999999999999e-02
  4.819325040220326e-01   1.167195231088656e-01  -5.010000000000000e-02
  4.821197797923300e-01   1.169422976845864e-01  -5.009999999999999e-02
  4.823079942363810e-01   1.171642799146627e-01  -5.009999999999999e-02
  4.824972030365453e-01   1.173854152938990e-01  -5.009999999999999e-02
  4.826874255016563e-01   1.176056792535718e-01  -5.009999999999998e-02
  4.828786031715350e-01   1.178251144836395e-01  -5.009999999999999e-02
  4.830707367525554e-01   1.180437131514315e-01  -5.009999999999999e-02
  4.832638217526588e-01   1.182614719480448e-01  -5.009999999999998e-02
  4.834578580381082e-01   1.184783837070876e-01  -5.009999999999999e-02
  4.836529398312945e-01   1.186943556868077e-01  -5.009999999999999e-02
  4.838490170319942e-01   1.189094242255145e-01  -5.010000000000001e-02
  4.840460545107224e-01   1.191236132040161e-01  -5.010000000000001e-02
  4.842440452790467e-01   1.193369212762973e-01  -5.010000000000001e-02
  4.844429929583951e-01   1.195493372665429e-01  -5.010000000000001e-02
  4.846429230412918e-01   1.197608290150451e-01  -5.010000000000000e-02
  4.848438882818713e-01   1.199713374605639e-01  -5.009999999999999e-02
  4.850458273093062e-01   1.201809117244570e-01  -5.009999999999999e-02
  4.852487385393396e-01   1.203895446857656e-01  -5.009999999999999e-02
  4.854526170902253e-01   1.205972323350725e-01  -5.010000000000000e-02
  4.856574674162003e-01   1.208039614883363e-01  -5.010000000000001e-02
  4.858632835680913e-01   1.210097290923996e-01  -5.010000000000001e-02
  4.860700663240161e-01   1.212145253230759e-01  -5.010000000000001e-02
  4.862778234197306e-01   1.214183331338711e-01  -5.010000000000001e-02
  4.864865406459896e-01   1.216211577585694e-01  -5.010000000000001e-02
  4.866962260865432e-01   1.218229814354920e-01  -5.010000000000000e-02
  4.869069251454132e-01   1.220237469304995e-01  -5.009999999999999e-02
  4.871185843560589e-01   1.222234998031104e-01  -5.010000000000001e-02
  4.873312155014867e-01   1.224222176640389e-01  -5.010000000000001e-02
  4.875448124701088e-01   1.226198969395457e-01  -5.010000000000001e-02
  4.877593794220383e-01   1.228165228469402e-01  -5.010000000000001e-02
  4.879749120381985e-01   1.230120896805582e-01  -5.010000000000000e-02
  4.881914116965066e-01   1.232065853350959e-01  -5.010000000000001e-02
  4.884088779625883e-01   1.233999995407859e-01  -5.010000000000001e-02
  4.886273053859279e-01   1.235923275636870e-01  -5.010000000000001e-02
  4.888466962212965e-01   1.237835557962959e-01  -5.010000000000001e-02
  4.890670495867137e-01   1.239736740363601e-01  -5.010000000000001e-02
  4.892888770914516e-01   1.241620676336647e-01  -5.010000000000001e-02
  4.895111908363027e-01   1.243498909266235e-01  -5.010000000000001e-02
  4.897339854392480e-01   1.245371375425721e-01  -5.010000000000001e-02
  4.899587078399871e-01   1.247220722151828e-01  -5.009999999999999e-02
  4.901834302407262e-01   1.249070068877935e-01  -5.009999999999999e-02
  4.904097988916238e-01   1.250899142259663e-01  -5.010000000000001e-02
  4.906369230694312e-01   1.252718911431369e-01  -5.010000000000000e-02
  4.908644565929663e-01   1.254533501657182e-01  -5.010000000000001e-02
  4.910939714907351e-01   1.256323024002103e-01  -5.010000000000001e-02
  4.913234863885039e-01   1.258112546347025e-01  -5.010000000000001e-02
  4.915545653006505e-01   1.259881729502089e-01  -5.010000000000001e-02
  4.917864606801177e-01   1.261640294926215e-01  -5.010000000000000e-02
  4.920186935206725e-01   1.263394347152968e-01  -5.009999999999999e-02
  4.922529519105773e-01   1.265121309726008e-01  -5.009999999999999e-02
  4.924872103004820e-01   1.266848272299047e-01  -5.009999999999999e-02
  4.927229461408308e-01   1.268554902661590e-01  -5.010000000000000e-02
  4.929595548976080e-01   1.270249520221510e-01  -5.009999999999999e-02
  4.931964301256022e-01   1.271940362130945e-01  -5.009999999999999e-02
  4.934353682041977e-01   1.273601975356837e-01  -5.009999999999999e-02
  4.936743062827933e-01   1.275263588582730e-01  -5.010000000000000e-02
  4.939146303130922e-01   1.276904970467817e-01  -5.010000000000001e-02
  4.941558775673758e-01   1.278532875650196e-01  -5.010000000000000e-02
  4.943973212540507e-01   1.280157824810727e-01  -5.010000000000001e-02
  4.946408529035078e-01   1.281751353167557e-01  -5.009999999999999e-02
  4.948843845529649e-01   1.283344881524388e-01  -5.010000000000000e-02
  4.951292054185240e-01   1.284918396375883e-01  -5.010000000000001e-02
  4.953749917912917e-01   1.286476922907234e-01  -5.010000000000001e-02
  4.956208610417743e-01   1.288034128877989e-01  -5.009999999999999e-02
  4.958682932070585e-01   1.289566381573412e-01  -5.009999999999999e-02
  4.961165457292184e-01   1.291085305366162e-01  -5.009999999999999e-02
  4.963656812770418e-01   1.292589701229191e-01  -5.010000000000000e-02
  4.966157273319578e-01   1.294078916026123e-01  -5.009999999999999e-02
  4.968665729406284e-01   1.295554622703344e-01  -5.009999999999999e-02
  4.971183063633981e-01   1.297015131601057e-01  -5.009999999999999e-02
  4.973709069203351e-01   1.298460592453892e-01  -5.010000000000000e-02
  4.976242914539699e-01   1.299892266713584e-01  -5.010000000000000e-02
  4.978785650902304e-01   1.301308088311087e-01  -5.010000000000001e-02
  4.981336058274920e-01   1.302710048798448e-01  -5.010000000000000e-02
  4.983895450693263e-01   1.304095537680688e-01  -5.009999999999999e-02
  4.986462321488396e-01   1.305467119572872e-01  -5.009999999999999e-02
  4.989037740963175e-01   1.306822584045062e-01  -5.009999999999999e-02
  4.991620749140281e-01   1.308163526120213e-01  -5.010000000000000e-02
  4.994211788713346e-01   1.309488887306849e-01  -5.009999999999999e-02
  4.996810613942248e-01   1.310798911545007e-01  -5.009999999999999e-02
  4.999416980251076e-01   1.312093869683144e-01  -5.010000000000000e-02
  5.002030926006307e-01   1.313373464042183e-01  -5.009999999999999e-02
  5.004652723326893e-01   1.314636891796986e-01  -5.010000000000000e-02
  5.007281776645423e-01   1.315885145074741e-01  -5.009999999999999e-02
  5.009918025762112e-01   1.317118130599005e-01  -5.009999999999999e-02
  5.012562266800338e-01   1.318333879131817e-01  -5.009999999999999e-02
  5.015212922651817e-01   1.319535566664617e-01  -5.010000000000000e-02
  5.017870582442839e-01   1.320721684336571e-01  -5.010000000000000e-02
  5.020535153407756e-01   1.321892193931306e-01  -5.010000000000001e-02
  5.023206521725252e-01   1.323047107205844e-01  -5.010000000000001e-02
  5.025884577722899e-01   1.324186427491819e-01  -5.009999999999999e-02
  5.028569201121668e-01   1.325310186550791e-01  -5.009999999999999e-02
  5.031260262910189e-01   1.326418440180295e-01  -5.009999999999999e-02
  5.033957690043571e-01   1.327511110234708e-01  -5.010000000000000e-02
  5.036661352108747e-01   1.328588262087851e-01  -5.009999999999999e-02
  5.039371098939022e-01   1.329650015454312e-01  -5.009999999999998e-02
  5.042086381142119e-01   1.330697536245885e-01  -5.010000000000000e-02
  5.044808347093386e-01   1.331727570866086e-01  -5.010000000000001e-02
  5.047535648167911e-01   1.332743391602829e-01  -5.010000000000001e-02
  5.050268525772541e-01   1.333744112928340e-01  -5.010000000000001e-02
  5.053007267521715e-01   1.334728674657583e-01  -5.009999999999999e-02
  5.055750980451925e-01   1.335699295980777e-01  -5.009999999999999e-02
  5.058500104541970e-01   1.336654481720005e-01  -5.009999999999998e-02
  5.061254484587915e-01   1.337594406440788e-01  -5.009999999999999e-02
  5.064013625618244e-01   1.338520261284248e-01  -5.009999999999999e-02
  5.066777545520561e-01   1.339431753792403e-01  -5.009999999999999e-02
  5.069546626633324e-01   1.340327444700713e-01  -5.009999999999998e-02
  5.072320139167789e-01   1.341209313366845e-01  -5.009999999999999e-02
  5.075097959987653e-01   1.342077515786449e-01  -5.010000000000001e-02
  5.077879995568032e-01   1.342932123174725e-01  -5.010000000000001e-02
  5.080666680803775e-01   1.343771445483951e-01  -5.009999999999999e-02
  5.083457370892728e-01   1.344597349516485e-01  -5.010000000000001e-02
  5.086251890438067e-01   1.345410200964863e-01  -5.009999999999999e-02
  5.089050143838961e-01   1.346210103606784e-01  -5.009999999999999e-02
  5.091852182293790e-01   1.346996654139383e-01  -5.010000000000000e-02
  5.094657952282394e-01   1.347769790668014e-01  -5.009999999999999e-02
  5.097467179146413e-01   1.348530265818236e-01  -5.009999999999999e-02
  5.100279710914027e-01   1.349278424577116e-01  -5.010000000000001e-02
  5.103095400197538e-01   1.350014614553670e-01  -5.010000000000001e-02
  5.105914255031246e-01   1.350738592406611e-01  -5.010000000000002e-02
  5.108736133156571e-01   1.351450694136142e-01  -5.010000000000001e-02
  5.111560860987490e-01   1.352151405633601e-01  -5.010000000000001e-02
  5.114388302844786e-01   1.352841085207818e-01  -5.010000000000001e-02
  5.117218364455261e-01   1.353519936778277e-01  -5.010000000000001e-02
  5.120051020749492e-01   1.354187879437886e-01  -5.010000000000001e-02
  5.122886046230915e-01   1.354845692634896e-01  -5.010000000000001e-02
  5.125723367966938e-01   1.355493532015550e-01  -5.010000000000001e-02
  5.128562922875313e-01   1.356131512088833e-01  -5.009999999999999e-02
  5.131404521978117e-01   1.356760324433937e-01  -5.010000000000001e-02
  5.134248090762903e-01   1.357380169916062e-01  -5.010000000000001e-02
  5.137093573589225e-01   1.357991169274332e-01  -5.010000000000000e-02
  5.139940787534059e-01   1.358594050280927e-01  -5.010000000000001e-02
  5.142789701923917e-01   1.359188844211111e-01  -5.010000000000000e-02
  5.145640163782200e-01   1.359776178084145e-01  -5.010000000000000e-02
  5.148492082415080e-01   1.360356397388900e-01  -5.010000000000000e-02
  5.151163187237032e-01   1.360893364040526e-01  -5.009999999999999e-02
  5.153664794165389e-01   1.361390905872162e-01  -5.010000000000001e-02
  5.156007521031825e-01   1.361852513590570e-01  -5.010000000000001e-02
  5.158201367342806e-01   1.362281175944496e-01  -5.010000000000001e-02
  5.160255716286355e-01   1.362679592901309e-01  -5.010000000000000e-02
  5.162179371393550e-01   1.363050203219636e-01  -5.010000000000001e-02
  5.163980595063366e-01   1.363395190268084e-01  -5.010000000000001e-02
  5.165667144275180e-01   1.363716488736098e-01  -5.010000000000002e-02
  5.167246264197744e-01   1.364016001464491e-01  -5.010000000000001e-02
  5.168724775448836e-01   1.364295313575363e-01  -5.010000000000001e-02
  5.170109074598963e-01   1.364555850592137e-01  -5.010000000000000e-02
  5.171405153223164e-01   1.364798930355299e-01  -5.010000000000001e-02
  5.172618589046195e-01   1.365025955300243e-01  -5.010000000000000e-02
  5.173754609384162e-01   1.365238209775752e-01  -5.009999999999999e-02
  5.174818150044027e-01   1.365436671163643e-01  -5.010000000000001e-02
  5.175813919632569e-01   1.365621781995569e-01  -5.010000000000001e-02
  5.176746309946264e-01   1.365794039645500e-01  -5.010000000000001e-02
  5.177619342912614e-01   1.365954390266181e-01  -5.010000000000001e-02
  5.178436760382288e-01   1.366103849055208e-01  -5.010000000000001e-02
  5.179201713412536e-01   1.366245284542343e-01  -5.010000000000001e-02
  5.179917438458643e-01   1.366379796055021e-01  -5.010000000000001e-02
  5.180586931738604e-01   1.366508543734616e-01  -5.010000000000000e-02
  5.181211946162420e-01   1.366637757794195e-01  -5.010000000000000e-02
  5.181795339397406e-01   1.366766768555178e-01  -5.010000000000001e-02
  5.182339819436987e-01   1.366894856263818e-01  -5.010000000000000e-02
  5.182847939330462e-01   1.367021373905272e-01  -5.010000000000000e-02
  5.183322013236955e-01   1.367146092200973e-01  -5.010000000000001e-02
  5.183764269082679e-01   1.367268598021630e-01  -5.010000000000000e-02
  5.184176727879555e-01   1.367388781883374e-01  -5.010000000000001e-02
  5.184561334728741e-01   1.367506384154590e-01  -5.010000000000001e-02
  5.184919879335458e-01   1.367621294981191e-01  -5.010000000000000e-02
  5.185254058058312e-01   1.367733372339087e-01  -5.009999999999999e-02
  5.185565377162787e-01   1.367842736075655e-01  -5.010000000000001e-02
  5.185855357691465e-01   1.367949193435237e-01  -5.010000000000001e-02
  5.186125313876180e-01   1.368052878020594e-01  -5.010000000000001e-02
  5.186376583991761e-01   1.368153642490701e-01  -5.010000000000001e-02
  5.186610317083445e-01   1.368251618085656e-01  -5.010000000000000e-02
  5.186827632056910e-01   1.368346829498746e-01  -5.010000000000000e-02
  5.187029635599626e-01   1.368439173983125e-01  -5.010000000000001e-02
  5.187217228589472e-01   1.368528862486986e-01  -5.010000000000001e-02
  5.187391365458439e-01   1.368615853358391e-01  -5.010000000000001e-02
  5.187552992941440e-01   1.368700017917681e-01  -5.010000000000001e-02
  5.187702677922647e-01   1.368781853022025e-01  -5.010000000000001e-02
  5.187841423447117e-01   1.368860941938403e-01  -5.010000000000001e-02
  5.187969831310859e-01   1.368937517860732e-01  -5.010000000000001e-02
  5.188088492686902e-01   1.369011740467239e-01  -5.010000000000001e-02
  5.188198149654983e-01   1.369083458822581e-01  -5.010000000000001e-02
  5.188299484722414e-01   1.369152576387267e-01  -5.010000000000001e-02
  5.188392796602976e-01   1.369219501664652e-01  -5.010000000000001e-02
  5.188478634046645e-01   1.369284217944644e-01  -5.010000000000002e-02
  5.188557631425513e-01   1.369346565177969e-01  -5.010000000000002e-02
  5.188630388215225e-01   1.369406417859050e-01  -5.010000000000002e-02
  5.188696918761342e-01   1.369464317465821e-01  -5.010000000000002e-02
  5.188757786410786e-01   1.369520105491602e-01  -5.010000000000002e-02
  5.188813471183810e-01   1.369573713314812e-01  -5.010000000000002e-02
  5.188864422642051e-01   1.369625095177729e-01  -5.010000000000002e-02
  5.188910974104248e-01   1.369674306777104e-01  -5.010000000000001e-02
  5.188953175224522e-01   1.369721642423288e-01  -5.010000000000001e-02
  5.188991412772903e-01   1.369767055743720e-01  -5.010000000000001e-02
  5.189026090932278e-01   1.369810486395464e-01  -5.010000000000001e-02
  5.189057596567764e-01   1.369851892848297e-01  -5.010000000000001e-02
  5.189086107476726e-01   1.369891384917545e-01  -5.010000000000001e-02
  5.189112010508381e-01   1.369928910939883e-01  -5.010000000000001e-02
  5.189135155865765e-01   1.369964778172611e-01  -5.010000000000001e-02
  5.189155968764601e-01   1.369998892178111e-01  -5.010000000000001e-02
  5.189174512376633e-01   1.370031383677596e-01  -5.010000000000001e-02
  5.189191166016212e-01   1.370062192759294e-01  -5.010000000000001e-02
  5.189206110454686e-01   1.370091375082331e-01  -5.010000000000001e-02
  5.189219515071104e-01   1.370118986862206e-01  -5.010000000000001e-02
  5.189231538351662e-01   1.370145084770333e-01  -5.010000000000001e-02
  5.189242328363947e-01   1.370169725822309e-01  -5.010000000000001e-02
  5.189251862083349e-01   1.370193033066142e-01  -5.010000000000001e-02
  5.189260482806748e-01   1.370214972631221e-01  -5.010000000000001e-02
  5.189268007919788e-01   1.370235720372184e-01  -5.010000000000001e-02
  5.189275122066155e-01   1.370256608870150e-01  -5.010000000000001e-02
  5.189281897223949e-01   1.370277613472460e-01  -5.010000000000001e-02
  5.189288041588258e-01   1.370298809035278e-01  -5.010000000000001e-02
  5.189293969349460e-01   1.370320066869603e-01  -5.010000000000001e-02
  5.189299208544730e-01   1.370341506247258e-01  -5.010000000000001e-02
  5.189304141038342e-01   1.370363014710969e-01  -5.010000000000001e-02
  5.189308600078380e-01   1.370384629822426e-01  -5.010000000000001e-02
  5.189312528911669e-01   1.370406344355653e-01  -5.010000000000001e-02
  5.189316203764652e-01   1.370428106514022e-01  -5.010000000000001e-02
  5.189319128050786e-01   1.370449981571045e-01  -5.010000000000001e-02
  5.189321837297152e-01   1.370471882390925e-01  -5.010000000000001e-02
  5.189323944088524e-01   1.370493851858634e-01  -5.010000000000001e-02
  5.189325663917994e-01   1.370515851542725e-01  -5.010000000000001e-02
  5.189326992893437e-01   1.370537881747117e-01  -5.010000000000001e-02
  5.189327740866405e-01   1.370559936830442e-01  -5.010000000000001e-02
  5.189328300000000e-01   1.370582000000000e-01  -5.010000000000001e-02
