412
  5.189328300000000e-01   1.370582000000000e-01  -5.010000000000001e-02
  5.189327381870266e-01   1.370604051147796e-01  -5.010000000000001e-02
  5.189326450960571e-01   1.370626101509327e-01  -5.010000000000001e-02
  5.189324659081963e-01   1.370648098901273e-01  -5.010000000000001e-02
  5.189322828176300e-01   1.370670092322892e-01  -5.010000000000001e-02
  5.189320153486280e-01   1.370691999904106e-01  -5.010000000000001e-02
  5.189317402813679e-01   1.370713896637904e-01  -5.010000000000001e-02
  5.189313840460810e-01   1.370735677494713e-01  -5.010000000000001e-02
  5.189310157684799e-01   1.370757436117028e-01  -5.010000000000001e-02
  5.189305707235445e-01   1.370779052998901e-01  -5.010000000000001e-02
  5.189301087976891e-01   1.370800631496463e-01  -5.010000000000001e-02
  5.189295753517690e-01   1.370822047369696e-01  -5.010000000000001e-02
  5.189290201595568e-01   1.370843404304220e-01  -5.010000000000001e-02
  5.189283991723592e-01   1.370864582915397e-01  -5.010000000000001e-02
  5.189277519090996e-01   1.370885678598476e-01  -5.010000000000001e-02
  5.189270446789887e-01   1.370906585024243e-01  -5.010000000000001e-02
  5.189263073165823e-01   1.370927382631366e-01  -5.010000000000001e-02
  5.189255155572795e-01   1.370947983791576e-01  -5.010000000000001e-02
  5.189246463067582e-01   1.370969493069368e-01  -5.010000000000001e-02
  5.189236810537673e-01   1.370991897910575e-01  -5.010000000000001e-02
  5.189226182549563e-01   1.371015237815115e-01  -5.010000000000001e-02
  5.189214729389237e-01   1.371039650725587e-01  -5.010000000000001e-02
  5.189202019043895e-01   1.371064993062581e-01  -5.010000000000001e-02
  5.189188175024103e-01   1.371091388592287e-01  -5.010000000000001e-02
  5.189173074761585e-01   1.371118846410119e-01  -5.010000000000001e-02
  5.189156585248185e-01   1.371147368425082e-01  -5.010000000000001e-02
  5.189138568439444e-01   1.371176951744018e-01  -5.010000000000001e-02
  5.189118881516034e-01   1.371207588607481e-01  -5.010000000000001e-02
  5.189097377141951e-01   1.371239266383742e-01  -5.010000000000001e-02
  5.189073970316832e-01   1.371272016398408e-01  -5.010000000000001e-02
  5.189048669655169e-01   1.371305944675608e-01  -5.010000000000001e-02
  5.189021392455067e-01   1.371341101102555e-01  -5.010000000000001e-02
  5.188991846138287e-01   1.371377372632854e-01  -5.010000000000001e-02
  5.188959997959821e-01   1.371414853718788e-01  -5.010000000000001e-02
  5.188925631832748e-01   1.371453492815199e-01  -5.010000000000001e-02
  5.188888567225234e-01   1.371493267476744e-01  -5.010000000000002e-02
  5.188848516224447e-01   1.371534050055602e-01  -5.010000000000002e-02
  5.188805606962662e-01   1.371576126298451e-01  -5.010000000000002e-02
  5.188759682697672e-01   1.371619520570639e-01  -5.010000000000002e-02
  5.188710475948697e-01   1.371664146484275e-01  -5.010000000000002e-02
  5.188657761104373e-01   1.371709958345114e-01  -5.010000000000002e-02
  5.188601330388062e-01   1.371756938810899e-01  -5.010000000000002e-02
  5.188540934474741e-01   1.371805022630455e-01  -5.010000000000002e-02
  5.188476615044982e-01   1.371854527738488e-01  -5.010000000000002e-02
  5.188408050064249e-01   1.371905328814375e-01  -5.010000000000001e-02
  5.188334979126177e-01   1.371957383455989e-01  -5.010000000000001e-02
  5.188257110846778e-01   1.372010614822778e-01  -5.010000000000001e-02
  5.188174224520570e-01   1.372065061842188e-01  -5.010000000000001e-02
  5.188086236297690e-01   1.372120999675955e-01  -5.010000000000001e-02
  5.187992749428619e-01   1.372178240616881e-01  -5.010000000000001e-02
  5.187893481459085e-01   1.372236790643446e-01  -5.010000000000001e-02
  5.187788094066718e-01   1.372296584503927e-01  -5.010000000000001e-02
  5.187676392288125e-01   1.372357834585279e-01  -5.010000000000001e-02
  5.187558022103291e-01   1.372420502257851e-01  -5.010000000000001e-02
  5.187432593920813e-01   1.372484506816500e-01  -5.010000000000001e-02
  5.187299725107109e-01   1.372549807317495e-01  -5.010000000000001e-02
  5.187159148653289e-01   1.372616635051482e-01  -5.010000000000001e-02
  5.187010427011644e-01   1.372684915413820e-01  -5.010000000000001e-02
  5.186853086586387e-01   1.372754528514028e-01  -5.010000000000000e-02
  5.186686765673695e-01   1.372825651561057e-01  -5.010000000000000e-02
  5.186511000484571e-01   1.372898283297786e-01  -5.010000000000000e-02
  5.186325235042687e-01   1.372972248700029e-01  -5.010000000000001e-02
  5.186129008947100e-01   1.373047664700559e-01  -5.010000000000001e-02
  5.185921829390989e-01   1.373124639114632e-01  -5.010000000000001e-02
  5.185703074796395e-01   1.373203008742678e-01  -5.010000000000001e-02
  5.185472166639193e-01   1.373282796270323e-01  -5.009999999999999e-02
  5.185228508093458e-01   1.373364058906868e-01  -5.009999999999999e-02
  5.184971395292007e-01   1.373446626397053e-01  -5.010000000000000e-02
  5.184700195134327e-01   1.373530641149720e-01  -5.010000000000000e-02
  5.184414143073918e-01   1.373615936820154e-01  -5.010000000000001e-02
  5.184112496067213e-01   1.373702530337216e-01  -5.010000000000001e-02
  5.183794438910639e-01   1.373790314224930e-01  -5.010000000000000e-02
  5.183459142527989e-01   1.373879272871511e-01  -5.010000000000001e-02
  5.183105660444856e-01   1.373969088079769e-01  -5.010000000000000e-02
  5.182733121810048e-01   1.374059897976389e-01  -5.010000000000000e-02
  5.182340501873192e-01   1.374151402107809e-01  -5.010000000000000e-02
  5.181926757535402e-01   1.374243396593140e-01  -5.010000000000001e-02
  5.181490806469015e-01   1.374335711706201e-01  -5.010000000000000e-02
  5.181031507930570e-01   1.374428141332682e-01  -5.010000000000000e-02
  5.180547564711016e-01   1.374519924493121e-01  -5.010000000000000e-02
  5.180037686724652e-01   1.374610559485439e-01  -5.010000000000001e-02
  5.179501258775702e-01   1.374703805696894e-01  -5.010000000000001e-02
  5.178937107532431e-01   1.374800853382381e-01  -5.010000000000001e-02
  5.178343792378155e-01   1.374901789700782e-01  -5.010000000000001e-02
  5.177719820413859e-01   1.375006832653240e-01  -5.010000000000001e-02
  5.177063672628497e-01   1.375116514907131e-01  -5.010000000000001e-02
  5.176373690789163e-01   1.375231035698744e-01  -5.010000000000001e-02
  5.175648123497150e-01   1.375350555535112e-01  -5.010000000000001e-02
  5.174885128609723e-01   1.375475236684763e-01  -5.010000000000001e-02
  5.174082761480058e-01   1.375605199022413e-01  -5.010000000000000e-02
  5.173238970596796e-01   1.375740521850563e-01  -5.009999999999999e-02
  5.172351607987229e-01   1.375881339575776e-01  -5.010000000000000e-02
  5.171418414580840e-01   1.376027784869675e-01  -5.010000000000001e-02
  5.170437006395838e-01   1.376179935634483e-01  -5.010000000000000e-02
  5.169404878891194e-01   1.376337879469220e-01  -5.010000000000000e-02
  5.168319402366766e-01   1.376501724829985e-01  -5.010000000000001e-02
  5.167177803857179e-01   1.376671524371549e-01  -5.010000000000001e-02
  5.165977156759605e-01   1.376847247152941e-01  -5.010000000000002e-02
  5.164714401052005e-01   1.377028963785555e-01  -5.010000000000001e-02
  5.163386302677698e-01   1.377216620027481e-01  -5.010000000000001e-02
  5.161989434641384e-01   1.377409947703694e-01  -5.010000000000001e-02
  5.160520230712443e-01   1.377608904132518e-01  -5.010000000000000e-02
  5.158974924943109e-01   1.377813302553664e-01  -5.010000000000001e-02
  5.157349541220738e-01   1.378022787133424e-01  -5.010000000000001e-02
  5.155639915264505e-01   1.378237067725899e-01  -5.010000000000001e-02
  5.153841661326571e-01   1.378455739344758e-01  -5.010000000000000e-02
  5.151950126891596e-01   1.378677969379777e-01  -5.010000000000000e-02
  5.149960471567909e-01   1.378903235439928e-01  -5.010000000000000e-02
  5.147867568838224e-01   1.379130577252266e-01  -5.009999999999999e-02
  5.145666040054648e-01   1.379358963185390e-01  -5.010000000000000e-02
  5.143350261686337e-01   1.379587490093297e-01  -5.010000000000000e-02
  5.140914234672074e-01   1.379814150109177e-01  -5.010000000000001e-02
  5.138476969568852e-01   1.380027079723893e-01  -5.009999999999999e-02
  5.136038526418364e-01   1.380226065391266e-01  -5.010000000000001e-02
  5.133598959164746e-01   1.380410761419614e-01  -5.010000000000000e-02
  5.131158334120780e-01   1.380580905981663e-01  -5.010000000000000e-02
  5.128716739365621e-01   1.380736507429876e-01  -5.009999999999999e-02
  5.126274247658198e-01   1.380877327705872e-01  -5.010000000000001e-02
  5.123830946451157e-01   1.381003338794244e-01  -5.010000000000001e-02
  5.121386889844107e-01   1.381113724702430e-01  -5.010000000000001e-02
  5.118942209911741e-01   1.381209316462283e-01  -5.010000000000001e-02
  5.116496952173586e-01   1.381288764484728e-01  -5.010000000000000e-02
  5.114051250702900e-01   1.381353114060242e-01  -5.010000000000001e-02
  5.111605172452549e-01   1.381401049813902e-01  -5.010000000000001e-02
  5.109158834211895e-01   1.381433000175474e-01  -5.010000000000001e-02
  5.106712339223676e-01   1.381448875970845e-01  -5.010000000000001e-02
  5.104265792288297e-01   1.381448530831424e-01  -5.010000000000001e-02
  5.101819304927089e-01   1.381431441445404e-01  -5.010000000000001e-02
  5.099372998921632e-01   1.381397104082325e-01  -5.010000000000001e-02
  5.096926974231155e-01   1.381346692931041e-01  -5.009999999999999e-02
  5.094481359247677e-01   1.381279187579359e-01  -5.009999999999999e-02
  5.092036296140650e-01   1.381194074828155e-01  -5.010000000000000e-02
  5.089591845987306e-01   1.381092809376772e-01  -5.009999999999999e-02
  5.087148256840711e-01   1.380972558384351e-01  -5.009999999999999e-02
  5.084705526905704e-01   1.380835996626848e-01  -5.010000000000000e-02
  5.082263878218203e-01   1.380681263927976e-01  -5.010000000000000e-02
  5.079823444215430e-01   1.380508468739480e-01  -5.010000000000001e-02
  5.077384284087055e-01   1.380318528863153e-01  -5.010000000000001e-02
  5.074946643264817e-01   1.380109971067533e-01  -5.010000000000001e-02
  5.072510640997691e-01   1.379883108672529e-01  -5.009999999999999e-02
  5.070076329092241e-01   1.379638763754723e-01  -5.009999999999999e-02
  5.067643991966279e-01   1.379375465749064e-01  -5.009999999999999e-02
  5.065213742564929e-01   1.379093573956054e-01  -5.009999999999999e-02
  5.062785663545668e-01   1.378793568320917e-01  -5.009999999999998e-02
  5.060359896542785e-01   1.378475380346757e-01  -5.009999999999998e-02
  5.057936817439095e-01   1.378137330594869e-01  -5.009999999999999e-02
  5.055516379522783e-01   1.377780888319606e-01  -5.009999999999999e-02
  5.053098715148985e-01   1.377406094164646e-01  -5.009999999999999e-02
  5.050684033067637e-01   1.377012520158632e-01  -5.010000000000001e-02
  5.048272688697209e-01   1.376598989153512e-01  -5.010000000000001e-02
  5.045864627115999e-01   1.376166773998717e-01  -5.010000000000001e-02
  5.043460013650205e-01   1.375715773174596e-01  -5.010000000000001e-02
  5.041059002503824e-01   1.375245957727351e-01  -5.009999999999999e-02
  5.038661941699529e-01   1.374756378014708e-01  -5.009999999999999e-02
  5.036268835435698e-01   1.374247818132314e-01  -5.009999999999999e-02
  5.033880099622916e-01   1.373719121892142e-01  -5.010000000000000e-02
  5.031495639178605e-01   1.373171485057695e-01  -5.009999999999999e-02
  5.029115620840597e-01   1.372604864541827e-01  -5.009999999999999e-02
  5.026740208082174e-01   1.372019238335131e-01  -5.010000000000000e-02
  5.024369567114631e-01   1.371414579587577e-01  -5.010000000000001e-02
  5.022003858297628e-01   1.370790889375767e-01  -5.010000000000000e-02
  5.019643381954412e-01   1.370147668075786e-01  -5.010000000000000e-02
  5.017288604917101e-01   1.369483888789503e-01  -5.009999999999999e-02
  5.014939349031425e-01   1.368800846242058e-01  -5.010000000000000e-02
  5.012595603771076e-01   1.368099136761327e-01  -5.009999999999999e-02
  5.010257694159692e-01   1.367378226621139e-01  -5.009999999999999e-02
  5.007925793410760e-01   1.366638113264725e-01  -5.009999999999999e-02
  5.005600058576702e-01   1.365878847353897e-01  -5.009999999999999e-02
  5.003280652396552e-01   1.365100464246067e-01  -5.010000000000001e-02
  5.000967748732133e-01   1.364302966640671e-01  -5.010000000000000e-02
  4.998661493971076e-01   1.363486439303037e-01  -5.009999999999999e-02
  4.996362047060012e-01   1.362650930848339e-01  -5.009999999999999e-02
  4.994069584105675e-01   1.361796443938057e-01  -5.009999999999999e-02
  4.991784253774428e-01   1.360923056451468e-01  -5.009999999999999e-02
  4.989506271325404e-01   1.360030676793483e-01  -5.010000000000000e-02
  4.987235700058807e-01   1.359119605648106e-01  -5.009999999999999e-02
  4.984972722747694e-01   1.358189831241498e-01  -5.009999999999999e-02
  4.982717475280389e-01   1.357241459952718e-01  -5.009999999999999e-02
  4.980470100207961e-01   1.356274580005998e-01  -5.009999999999999e-02
  4.978230757331411e-01   1.355289238900385e-01  -5.010000000000000e-02
  4.975999601655241e-01   1.354285495758674e-01  -5.010000000000000e-02
  4.973776754802330e-01   1.353263482659851e-01  -5.010000000000000e-02
  4.971562326344339e-01   1.352223353563356e-01  -5.009999999999999e-02
  4.969356447912005e-01   1.351165211350492e-01  -5.009999999999999e-02
  4.967159302436536e-01   1.350089052243210e-01  -5.010000000000000e-02
  4.964971037996909e-01   1.348994946119751e-01  -5.009999999999999e-02
  4.962791693050508e-01   1.347883180403534e-01  -5.010000000000000e-02
  4.960621416751140e-01   1.346753814831420e-01  -5.009999999999999e-02
  4.958460346628426e-01   1.345606931993582e-01  -5.009999999999999e-02
  4.956308579649851e-01   1.344442688770564e-01  -5.009999999999999e-02
  4.954166239210979e-01   1.343261189944129e-01  -5.010000000000001e-02
  4.952033402630649e-01   1.342062620139880e-01  -5.010000000000001e-02
  4.949910169991115e-01   1.340847118783547e-01  -5.009999999999999e-02
  4.947796660095121e-01   1.339614789650733e-01  -5.009999999999999e-02
  4.945692946412833e-01   1.338365811088110e-01  -5.010000000000001e-02
  4.943599173230999e-01   1.337100239735673e-01  -5.010000000000001e-02
  4.941515506647384e-01   1.335818097456915e-01  -5.010000000000000e-02
  4.939441869252519e-01   1.334519800713750e-01  -5.010000000000000e-02
  4.937378395613701e-01   1.333205412294349e-01  -5.009999999999999e-02
  4.935325148013946e-01   1.331875107611338e-01  -5.009999999999999e-02
  4.933282204861568e-01   1.330529033455142e-01  -5.009999999999999e-02
  4.931249644070457e-01   1.329167333623635e-01  -5.009999999999999e-02
  4.929227507861461e-01   1.327790201043872e-01  -5.009999999999999e-02
  4.927215868039062e-01   1.326397781255416e-01  -5.010000000000000e-02
  4.925214808643047e-01   1.324990198513411e-01  -5.009999999999999e-02
  4.923224361637137e-01   1.323567647681215e-01  -5.010000000000000e-02
  4.921244578141321e-01   1.322130292955869e-01  -5.010000000000000e-02
  4.919275505086908e-01   1.320678298810097e-01  -5.009999999999999e-02
  4.917317178377731e-01   1.319211842085324e-01  -5.010000000000000e-02
  4.915369664125615e-01   1.317731054794644e-01  -5.010000000000001e-02
  4.913433005118118e-01   1.316236096634975e-01  -5.010000000000001e-02
  4.911507204613337e-01   1.314727174374465e-01  -5.010000000000000e-02
  4.909592265863413e-01   1.313204489443307e-01  -5.010000000000001e-02
  4.907688241170082e-01   1.311668177111764e-01  -5.010000000000000e-02
  4.905795197591228e-01   1.310118351482744e-01  -5.010000000000000e-02
  4.903913088059894e-01   1.308555263346639e-01  -5.009999999999999e-02
  4.902041950155128e-01   1.306979055351811e-01  -5.009999999999999e-02
  4.900181807297718e-01   1.305389883928512e-01  -5.009999999999999e-02
  4.898332634852608e-01   1.303787957801417e-01  -5.010000000000000e-02
  4.896494429360882e-01   1.302173456181125e-01  -5.010000000000000e-02
  4.894667464419533e-01   1.300546244351023e-01  -5.010000000000001e-02
  4.892851588286196e-01   1.298906668691693e-01  -5.010000000000001e-02
  4.891046684924779e-01   1.297255024076972e-01  -5.010000000000001e-02
  4.889252788331052e-01   1.295591433556928e-01  -5.010000000000001e-02
  4.887469850823078e-01   1.293916105017979e-01  -5.010000000000001e-02
  4.885697820974161e-01   1.292229245094176e-01  -5.010000000000001e-02
  4.883936680291190e-01   1.290531021159568e-01  -5.010000000000001e-02
  4.882186412378878e-01   1.288821594696026e-01  -5.010000000000001e-02
  4.880447061044984e-01   1.287101063063545e-01  -5.010000000000001e-02
  4.878718498106202e-01   1.285369693465363e-01  -5.010000000000001e-02
  4.877000648401821e-01   1.283627694436625e-01  -5.010000000000001e-02
  4.875293609643534e-01   1.281875099594651e-01  -5.010000000000001e-02
  4.873597285203309e-01   1.280112132298414e-01  -5.010000000000001e-02
  4.871911678751565e-01   1.278338914649829e-01  -5.010000000000001e-02
  4.870236716979127e-01   1.276555638437661e-01  -5.010000000000000e-02
  4.868572291289638e-01   1.274762524109217e-01  -5.010000000000001e-02
  4.866918432147552e-01   1.272959659478654e-01  -5.010000000000000e-02
  4.865275088175272e-01   1.271147204581465e-01  -5.010000000000000e-02
  4.863642172223219e-01   1.269325348868493e-01  -5.010000000000000e-02
  4.862019633533301e-01   1.267494244993669e-01  -5.010000000000001e-02
  4.860407415655047e-01   1.265654047353372e-01  -5.010000000000001e-02
  4.858805367011213e-01   1.263804989242119e-01  -5.010000000000001e-02
  4.857213560022303e-01   1.261947106051339e-01  -5.010000000000000e-02
  4.855631866901559e-01   1.260080604521604e-01  -5.010000000000001e-02
  4.854060226593163e-01   1.258205629849831e-01  -5.009999999999999e-02
  4.852498556716817e-01   1.256322342093590e-01  -5.009999999999999e-02
  4.850946801438525e-01   1.254430876188885e-01  -5.009999999999999e-02
  4.849404907328398e-01   1.252531362411012e-01  -5.009999999999999e-02
  4.847872761019835e-01   1.250623976621328e-01  -5.010000000000000e-02
  4.846350268780091e-01   1.248708875365983e-01  -5.010000000000000e-02
  4.844837426740504e-01   1.246786141218648e-01  -5.010000000000001e-02
  4.843334101930780e-01   1.244855955936795e-01  -5.010000000000001e-02
  4.841840037175805e-01   1.242918593151445e-01  -5.010000000000000e-02
  4.840355483259695e-01   1.240973931193106e-01  -5.010000000000001e-02
  4.838880582955671e-01   1.239021937677896e-01  -5.010000000000000e-02
  4.837414854168028e-01   1.237063049582111e-01  -5.009999999999999e-02
  4.835958219680530e-01   1.235097390585113e-01  -5.010000000000000e-02
  4.834510530943140e-01   1.233125134610708e-01  -5.009999999999999e-02
  4.833071718504715e-01   1.231146394286905e-01  -5.009999999999999e-02
  4.831641715122436e-01   1.229161278557794e-01  -5.009999999999999e-02
  4.830220430354288e-01   1.227169911044342e-01  -5.009999999999999e-02
  4.828807781484052e-01   1.225172407611353e-01  -5.009999999999999e-02
  4.827403525756092e-01   1.223168993857969e-01  -5.009999999999999e-02
  4.826007692704435e-01   1.221159701028560e-01  -5.009999999999999e-02
  4.824620697420026e-01   1.219144296959460e-01  -5.009999999999999e-02
  4.823242265157077e-01   1.217123027229815e-01  -5.009999999999999e-02
  4.821871943829814e-01   1.215096250773213e-01  -5.009999999999999e-02
  4.820509611403122e-01   1.213064096469608e-01  -5.009999999999999e-02
  4.819155253346762e-01   1.211026618581077e-01  -5.010000000000000e-02
  4.817808714354724e-01   1.208983964072804e-01  -5.009999999999999e-02
  4.816469989717861e-01   1.206936178587976e-01  -5.010000000000000e-02
  4.815139524184981e-01   1.204883017689545e-01  -5.010000000000000e-02
  4.813817585821448e-01   1.202824353511015e-01  -5.010000000000000e-02
  4.812502865737036e-01   1.200761080471981e-01  -5.009999999999999e-02
  4.811194574297404e-01   1.198693724323857e-01  -5.009999999999999e-02
  4.809893710368597e-01   1.196621678891037e-01  -5.009999999999999e-02
  4.808602142672436e-01   1.194543829391990e-01  -5.009999999999999e-02
  4.807316805480411e-01   1.192462125358752e-01  -5.010000000000001e-02
  4.806037669682403e-01   1.190376599925885e-01  -5.010000000000000e-02
  4.804767423800838e-01   1.188285644489413e-01  -5.010000000000001e-02
  4.803504528506436e-01   1.186190247838546e-01  -5.010000000000001e-02
  4.802247714949984e-01   1.184091198209272e-01  -5.010000000000002e-02
  4.800997440503985e-01   1.181988240043586e-01  -5.010000000000002e-02
  4.799756514511542e-01   1.179879753533249e-01  -5.010000000000001e-02
  4.798521611524446e-01   1.177767739912698e-01  -5.010000000000001e-02
  4.797292736329170e-01   1.175652210007117e-01  -5.010000000000001e-02
  4.796072111269109e-01   1.173531904911218e-01  -5.009999999999999e-02
  4.794858544763001e-01   1.171407556410644e-01  -5.009999999999999e-02
  4.793652110651575e-01   1.169279150093280e-01  -5.009999999999999e-02
  4.792452674075723e-01   1.167146792711542e-01  -5.010000000000000e-02
  4.791260315505785e-01   1.165010468528707e-01  -5.009999999999999e-02
  4.790075201268472e-01   1.162870114519428e-01  -5.009999999999999e-02
  4.788898154645407e-01   1.160725311385321e-01  -5.010000000000000e-02
  4.787729403119377e-01   1.158575978720444e-01  -5.010000000000000e-02
  4.786568406758739e-01   1.156422450241125e-01  -5.010000000000001e-02
  4.785415391759387e-01   1.154264639840674e-01  -5.010000000000000e-02
  4.784270651571030e-01   1.152102428746516e-01  -5.010000000000000e-02
  4.783134535013763e-01   1.149935672601127e-01  -5.009999999999999e-02
  4.782007430400775e-01   1.147764211015834e-01  -5.009999999999999e-02
  4.780946386754159e-01   1.145694353404780e-01  -5.009999999999999e-02
  4.779945182491983e-01   1.143722670206967e-01  -5.010000000000000e-02
  4.779002742031424e-01   1.141843413104821e-01  -5.009999999999999e-02
  4.778115054805363e-01   1.140052641528265e-01  -5.009999999999999e-02
  4.777279029478366e-01   1.138346235815459e-01  -5.009999999999998e-02
  4.776491902376210e-01   1.136720188671208e-01  -5.009999999999998e-02
  4.775750898050498e-01   1.135170758661897e-01  -5.009999999999998e-02
  4.775054484370650e-01   1.133693864177644e-01  -5.009999999999997e-02
  4.774399985240404e-01   1.132286212031638e-01  -5.009999999999997e-02
  4.773784665634370e-01   1.130944749062519e-01  -5.009999999999998e-02
  4.773205998358711e-01   1.129666523463729e-01  -5.009999999999998e-02
  4.772661761614161e-01   1.128448631596814e-01  -5.009999999999998e-02
  4.772153532192007e-01   1.127286708785698e-01  -5.009999999999998e-02
  4.771674095255467e-01   1.126180430470672e-01  -5.009999999999998e-02
  4.771225617426349e-01   1.125125528276940e-01  -5.009999999999998e-02
  4.770805654409452e-01   1.124119918614293e-01  -5.009999999999998e-02
  4.770412726867386e-01   1.123161251854292e-01  -5.009999999999999e-02
  4.770044871583036e-01   1.122247519164037e-01  -5.009999999999999e-02
  4.769700778875401e-01   1.121376577230288e-01  -5.009999999999999e-02
  4.769379187238883e-01   1.120546394918994e-01  -5.009999999999999e-02
  4.769078810142875e-01   1.119755073773738e-01  -5.009999999999999e-02
  4.768798314253684e-01   1.119000847049560e-01  -5.009999999999998e-02
  4.768536375199263e-01   1.118282049593761e-01  -5.009999999999998e-02
  4.768293187875379e-01   1.117596578405227e-01  -5.009999999999998e-02
  4.768065897853890e-01   1.116943521648787e-01  -5.009999999999998e-02
  4.767853829098810e-01   1.116321267592017e-01  -5.009999999999999e-02
  4.767656932778074e-01   1.115728097468622e-01  -5.009999999999999e-02
  4.767474430835997e-01   1.115162628198274e-01  -5.009999999999999e-02
  4.767305106243819e-01   1.114623697994085e-01  -5.009999999999998e-02
  4.767148127432404e-01   1.114110091401820e-01  -5.009999999999998e-02
  4.767002699583531e-01   1.113620650210163e-01  -5.009999999999998e-02
  4.766867970054244e-01   1.113154298117272e-01  -5.009999999999999e-02
  4.766743154307184e-01   1.112709998463486e-01  -5.009999999999999e-02
  4.766627531054722e-01   1.112286751724549e-01  -5.009999999999999e-02
  4.766521477650558e-01   1.111883328085000e-01  -5.009999999999999e-02
  4.766422947956721e-01   1.111499195056473e-01  -5.009999999999999e-02
  4.766332265879015e-01   1.111133239038108e-01  -5.009999999999999e-02
  4.766248861015164e-01   1.110784635905409e-01  -5.009999999999999e-02
  4.766172318217032e-01   1.110452568039060e-01  -5.009999999999999e-02
  4.766102087063524e-01   1.110136292437646e-01  -5.009999999999999e-02
  4.766038013972935e-01   1.109835019678566e-01  -5.009999999999999e-02
  4.765979516939977e-01   1.109548093521700e-01  -5.009999999999998e-02
  4.765926266579893e-01   1.109274840005967e-01  -5.009999999999998e-02
  4.765877805831918e-01   1.109014642969002e-01  -5.009999999999998e-02
  4.765833661894349e-01   1.108766917467230e-01  -5.009999999999998e-02
  4.765794205523976e-01   1.108530965789386e-01  -5.009999999999998e-02
  4.765759005280281e-01   1.108306274073375e-01  -5.009999999999998e-02
  4.765726854351443e-01   1.108092452746942e-01  -5.009999999999998e-02
  4.765698755154232e-01   1.107888814530328e-01  -5.009999999999998e-02
  4.765674074232759e-01   1.107694943829710e-01  -5.009999999999998e-02
  4.765652524146076e-01   1.107510394912541e-01  -5.009999999999998e-02
  4.765633815884139e-01   1.107334743363615e-01  -5.009999999999998e-02
  4.765617906852019e-01   1.107167561040422e-01  -5.009999999999998e-02
  4.765604650804124e-01   1.107008452379947e-01  -5.009999999999998e-02
  4.765593742480672e-01   1.106857054238755e-01  -5.009999999999998e-02
  4.765584926224975e-01   1.106713014632436e-01  -5.009999999999998e-02
  4.765578010585073e-01   1.106575990146963e-01  -5.009999999999998e-02
  4.765573728852798e-01   1.106445623460958e-01  -5.009999999999998e-02
  4.765571147967528e-01   1.106321646758072e-01  -5.009999999999998e-02
  4.765569754530484e-01   1.106203760850478e-01  -5.009999999999998e-02
  4.765570135260847e-01   1.106091677711331e-01  -5.009999999999998e-02
  4.765572023064251e-01   1.105985135246775e-01  -5.009999999999998e-02
  4.765575575523590e-01   1.105883890249366e-01  -5.009999999999998e-02
  4.765580323061914e-01   1.105787693736146e-01  -5.009999999999998e-02
  4.765586098459424e-01   1.105696309650296e-01  -5.009999999999998e-02
  4.765592789476718e-01   1.105609514037500e-01  -5.009999999999998e-02
  4.765600552032516e-01   1.105527117866031e-01  -5.009999999999998e-02
  4.765609401249766e-01   1.105448935469754e-01  -5.009999999999998e-02
  4.765619156010310e-01   1.105374770838409e-01  -5.009999999999998e-02
  4.765629590448427e-01   1.105304423755465e-01  -5.009999999999998e-02
  4.765640624675115e-01   1.105237718319791e-01  -5.009999999999998e-02
  4.765652120459769e-01   1.105174475472514e-01  -5.009999999999998e-02
  4.765664065296048e-01   1.105114543062127e-01  -5.009999999999998e-02
  4.765676795853101e-01   1.105057853603647e-01  -5.009999999999998e-02
  4.765690175568922e-01   1.105004263665794e-01  -5.009999999999998e-02
  4.765703817497893e-01   1.104953556700242e-01  -5.009999999999998e-02
  4.765717539364057e-01   1.104905553875148e-01  -5.009999999999998e-02
  4.765731768002660e-01   1.104860270739898e-01  -5.009999999999998e-02
  4.765745912170485e-01   1.104817423112046e-01  -5.009999999999998e-02
  4.765759943808521e-01   1.104776880314885e-01  -5.009999999999998e-02
  4.765774599545249e-01   1.104738822753230e-01  -5.009999999999998e-02
  4.765788831176586e-01   1.104702751352437e-01  -5.009999999999998e-02
  4.765803895739217e-01   1.104669105421122e-01  -5.009999999999998e-02
  4.765818281850990e-01   1.104637144855111e-01  -5.009999999999998e-02
  4.765833251963397e-01   1.104607378599871e-01  -5.009999999999998e-02
  4.765847600284230e-01   1.104579135016821e-01  -5.009999999999998e-02
  4.765861887510111e-01   1.104552627660581e-01  -5.009999999999998e-02
  4.765875836872310e-01   1.104527621924294e-01  -5.009999999999998e-02
  4.765889796670119e-01   1.104504252134804e-01  -5.009999999999998e-02
  4.765903221470313e-01   1.104482129148039e-01  -5.009999999999998e-02
  4.765916728129409e-01   1.104461562983043e-01  -5.009999999999998e-02
  4.765929712294544e-01   1.104442109954875e-01  -5.009999999999998e-02
  4.765942869053040e-01   1.104424180100001e-01  -5.009999999999998e-02
  4.765955377344008e-01   1.104407133968019e-01  -5.009999999999998e-02
  4.765968711763099e-01   1.104390728128180e-01  -5.009999999999998e-02
  4.765982098848393e-01   1.104374363107378e-01  -5.009999999999998e-02
  4.765996062595108e-01   1.104358495870344e-01  -5.009999999999999e-02
  4.766010297145445e-01   1.104342862395518e-01  -5.009999999999999e-02
  4.766024875735483e-01   1.104327559275276e-01  -5.009999999999999e-02
  4.766039918870244e-01   1.104312702221225e-01  -5.009999999999999e-02
  4.766055090830546e-01   1.104297982684563e-01  -5.009999999999999e-02
  4.766070897065332e-01   1.104283940216819e-01  -5.009999999999999e-02
  4.766086703300118e-01   1.104269897749074e-01  -5.009999999999999e-02
  4.766103153482209e-01   1.104256619436514e-01  -5.009999999999999e-02
  4.766119671942999e-01   1.104243422148474e-01  -5.009999999999999e-02
  4.766136601362172e-01   1.104230767305700e-01  -5.009999999999999e-02
  4.766153777178094e-01   1.104218437694762e-01  -5.009999999999999e-02
  4.766171148451502e-01   1.104206395397655e-01  -5.009999999999999e-02
  4.766188924225748e-01   1.104194947698829e-01  -5.009999999999999e-02
  4.766206699999995e-01   1.104183500000003e-01  -5.009999999999999e-02
  4.766225636274851e-01   1.104174095455726e-01  -5.009999999999999e-02
  4.766244572549706e-01   1.104164690911449e-01  -5.009999999999999e-02
  4.766263811800402e-01   1.104155937122767e-01  -5.009999999999999e-02